5134
11 11 11 11 11 11 11 11 11 
11 15 0 0 0 0 0 0 11 
11 11 0 0 0 0 15 11 11 
11 0 0 0 11 0 0 11 11 
11 0 0 0 0 0 0 0 11 
11 0 0 0 11 0 0 0 11 
11 0 0 0 0 0 15 11 11 
11 0 14 0 11 0 11 11 11 
11 11 11 11 11 11 11 11 11 

5133
11 11 11 11 11 11 11 11 11 
11 0 0 0 0 0 0 0 11 
11 11 0 0 0 0 15 11 11 
11 0 0 0 11 0 0 11 11 
11 0 0 0 0 0 0 0 11 
11 0 0 0 11 0 0 0 11 
11 0 0 0 0 0 15 11 11 
11 0 15 0 11 0 11 11 11 
11 11 11 11 11 11 11 11 11 

5133
11 11 11 11 11 11 11 11 11 
11 0 0 0 0 0 0 0 11 
11 11 0 0 0 0 15 11 11 
11 0 0 0 11 0 0 11 11 
11 0 0 0 0 0 0 0 11 
11 0 0 0 11 0 0 0 11 
11 0 0 0 0 0 15 11 11 
11 0 15 0 11 0 11 11 11 
11 11 11 11 11 11 11 11 11 

5133
11 11 11 11 11 11 11 11 11 
11 0 0 0 0 0 0 0 11 
11 11 0 0 0 0 15 11 11 
11 0 0 0 11 0 0 11 11 
11 0 0 0 0 0 0 0 11 
11 0 0 0 11 0 0 0 11 
11 0 0 0 0 0 15 11 11 
11 0 15 0 11 0 11 11 11 
11 11 11 11 11 11 11 11 11 

5133
11 11 11 11 11 11 11 11 11 
11 0 0 0 0 0 0 0 11 
11 11 0 0 0 0 15 11 11 
11 0 0 0 11 0 0 11 11 
11 0 0 0 0 0 0 0 11 
11 0 0 0 11 0 0 0 11 
11 0 0 0 0 0 15 11 11 
11 0 15 0 11 0 11 11 11 
11 11 11 11 11 11 11 11 11 

5136
11 11 11 11 11 11 11 11 11 
11 0 0 15 0 0 0 0 11 
11 11 0 0 0 0 15 11 11 
11 0 0 0 11 0 0 11 11 
11 12 0 0 0 0 0 0 11 
11 0 0 11 11 0 0 0 11 
11 0 0 0 0 0 0 11 11 
11 0 15 0 11 0 11 11 11 
11 11 11 11 11 11 11 11 11 

5134
11 11 11 11 11 11 11 11 11 
11 0 0 0 15 0 0 0 11 
11 11 0 0 0 0 15 11 11 
11 0 0 0 11 0 0 11 11 
11 0 0 0 0 0 0 0 11 
11 0 0 11 11 0 12 0 11 
11 0 11 0 0 0 0 11 11 
11 0 15 0 11 11 11 11 11 
11 11 11 11 11 11 11 11 11 

5133
11 11 11 11 11 11 11 11 11 
11 0 0 0 0 0 0 0 11 
11 11 0 0 0 0 15 11 11 
11 0 0 0 11 0 0 11 11 
11 0 0 0 0 0 0 0 11 
11 0 0 0 11 0 0 0 11 
11 0 0 0 0 0 15 11 11 
11 0 15 0 11 0 11 11 11 
11 11 11 11 11 11 11 11 11 

5133
11 11 11 11 11 11 11 11 11 
11 0 0 0 0 0 0 0 11 
11 11 0 0 0 0 15 11 11 
11 0 0 0 11 0 0 11 11 
11 0 0 0 0 0 0 0 11 
11 0 0 0 11 0 0 0 11 
11 0 0 0 0 0 15 11 11 
11 0 15 0 11 0 11 11 11 
11 11 11 11 11 11 11 11 11 

5133
11 11 11 11 11 11 11 11 11 
11 0 0 0 0 0 0 0 11 
11 11 0 0 0 0 15 11 11 
11 0 0 0 11 0 0 11 11 
11 0 0 0 0 0 0 0 11 
11 0 0 0 11 0 0 0 11 
11 0 0 0 0 0 15 11 11 
11 0 15 0 11 0 11 11 11 
11 11 11 11 11 11 11 11 11 

5134
11 11 11 11 11 11 11 11 11 
11 15 0 0 15 0 0 0 11 
11 11 0 0 0 0 0 11 11 
11 0 0 14 11 0 0 11 11 
11 0 0 0 0 0 0 0 11 
11 0 0 0 11 0 0 0 11 
11 0 0 0 0 0 0 11 11 
11 0 15 0 11 0 11 11 11 
11 11 11 11 11 11 11 11 11 

5134
11 11 11 11 11 11 11 11 11 
11 15 0 0 0 0 0 0 11 
11 11 0 0 0 0 15 11 11 
11 15 0 0 11 0 0 11 11 
11 0 0 0 0 0 0 0 11 
11 0 0 0 11 0 0 0 11 
11 0 0 0 0 0 0 11 11 
11 0 14 0 11 0 11 11 11 
11 11 11 11 11 11 11 11 11 

5134
11 11 11 11 11 11 11 11 11 
11 15 0 0 0 0 0 0 11 
11 11 0 0 0 0 0 11 11 
11 0 0 0 11 0 0 11 11 
11 0 0 0 0 0 0 0 11 
11 0 0 0 11 0 0 0 11 
11 0 0 0 0 0 15 11 11 
11 0 15 0 11 14 11 11 11 
11 11 11 11 11 11 11 11 11 

5134
11 11 11 11 11 11 11 11 11 
11 15 0 0 0 0 0 0 11 
11 11 0 0 0 0 15 11 11 
11 15 0 0 11 0 0 11 11 
11 0 0 0 0 0 0 0 11 
11 0 0 0 11 0 0 0 11 
11 0 0 0 0 0 0 11 11 
11 0 14 0 11 0 11 11 11 
11 11 11 11 11 11 11 11 11 

5134
11 11 11 11 11 11 11 11 11 
11 15 0 0 0 0 0 0 11 
11 11 0 0 0 0 0 11 11 
11 0 0 0 11 0 0 11 11 
11 0 0 0 0 0 0 0 11 
11 0 0 0 11 0 0 0 11 
11 0 0 0 0 0 15 11 11 
11 0 15 0 11 14 11 11 11 
11 11 11 11 11 11 11 11 11 

5134
11 11 11 11 11 11 11 11 11 
11 0 0 0 0 0 11 0 11 
11 11 0 0 0 0 15 11 11 
11 0 0 0 11 0 0 11 11 
11 11 0 0 0 12 0 0 11 
11 0 0 15 11 0 15 0 11 
11 0 0 0 0 0 0 11 11 
11 0 0 0 11 0 11 11 11 
11 11 11 11 11 11 11 11 11 

5134
11 11 11 11 11 11 11 11 11 
11 0 0 0 0 0 11 0 11 
11 11 0 0 0 0 15 11 11 
11 0 0 0 11 0 0 11 11 
11 11 0 0 0 12 0 0 11 
11 0 0 15 11 0 15 0 11 
11 0 0 0 0 0 0 11 11 
11 0 0 0 11 0 11 11 11 
11 11 11 11 11 11 11 11 11 

5134
11 11 11 11 11 11 11 11 11 
11 0 0 0 0 0 11 0 11 
11 11 0 0 0 0 15 11 11 
11 0 0 0 11 0 0 11 11 
11 11 0 0 0 12 0 0 11 
11 0 0 15 11 0 15 0 11 
11 0 0 0 0 0 0 11 11 
11 0 0 0 11 0 11 11 11 
11 11 11 11 11 11 11 11 11 

5134
11 11 11 11 11 11 11 11 11 
11 15 0 15 0 0 0 0 11 
11 11 0 0 0 0 15 11 11 
11 0 0 0 11 0 0 11 11 
11 0 0 0 0 0 0 0 11 
11 0 0 0 11 0 0 0 11 
11 0 0 0 0 0 0 11 11 
11 0 14 0 11 0 11 11 11 
11 11 11 11 11 11 11 11 11 

5134
11 11 11 11 11 11 11 11 11 
11 15 0 14 0 0 0 0 11 
11 11 0 0 0 0 0 11 11 
11 0 0 0 11 0 0 11 11 
11 0 0 0 0 0 0 0 11 
11 0 15 0 11 0 0 0 11 
11 0 0 0 0 0 0 11 11 
11 0 15 0 11 0 11 11 11 
11 11 11 11 11 11 11 11 11 

5136
11 11 11 11 11 11 11 11 11 
11 0 0 0 0 0 0 0 11 
11 11 0 0 0 0 15 11 11 
11 0 0 11 11 11 0 11 11 
11 0 0 0 0 0 0 0 11 
11 0 0 0 11 0 0 0 11 
11 0 0 0 15 0 0 11 11 
11 0 15 0 11 0 11 11 11 
11 11 11 11 11 11 11 11 11 

5136
11 11 11 11 11 11 11 11 11 
11 0 0 0 0 0 0 0 11 
11 11 0 0 0 0 15 11 11 
11 0 0 11 11 11 0 11 11 
11 0 0 0 0 0 0 0 11 
11 0 0 0 11 0 0 0 11 
11 0 0 0 15 0 0 11 11 
11 0 15 0 11 0 11 11 11 
11 11 11 11 11 11 11 11 11 

5136
11 11 11 11 11 11 11 11 11 
11 0 0 0 0 0 0 0 11 
11 11 0 0 0 0 15 11 11 
11 0 0 11 11 11 0 11 11 
11 0 0 0 0 0 0 0 11 
11 0 0 0 11 0 0 0 11 
11 0 0 0 15 0 0 11 11 
11 0 15 0 11 0 11 11 11 
11 11 11 11 11 11 11 11 11 

5134
11 11 11 11 11 11 11 11 11 
11 0 15 0 0 0 0 0 11 
11 11 15 0 0 0 0 11 11 
11 0 0 0 11 14 0 11 11 
11 0 0 0 0 0 0 0 11 
11 0 0 0 11 0 0 0 11 
11 0 0 0 0 0 0 11 11 
11 0 15 0 11 0 11 11 11 
11 11 11 11 11 11 11 11 11 

5134
11 11 11 11 11 11 11 11 11 
11 0 0 0 0 0 0 0 11 
11 11 0 0 0 0 15 11 11 
11 0 0 0 11 0 0 11 11 
11 0 0 0 0 0 0 0 11 
11 0 0 0 11 0 14 0 11 
11 0 15 15 0 0 0 11 11 
11 0 0 0 11 0 11 11 11 
11 11 11 11 11 11 11 11 11 

5135
11 11 11 11 11 11 11 11 11 
11 0 0 0 0 15 0 0 11 
11 11 12 0 0 0 15 11 11 
11 0 0 0 11 0 0 11 11 
11 0 11 0 0 0 0 0 11 
11 0 0 0 11 0 15 0 11 
11 0 0 0 0 0 0 11 11 
11 0 0 0 11 0 11 11 11 
11 11 11 11 11 11 11 11 11 

5135
11 11 11 11 11 11 11 11 11 
11 0 0 0 0 15 0 0 11 
11 11 12 0 0 0 15 11 11 
11 0 0 0 11 0 0 11 11 
11 0 11 0 0 0 0 0 11 
11 0 0 0 11 0 15 0 11 
11 0 0 0 0 0 0 11 11 
11 0 0 0 11 0 11 11 11 
11 11 11 11 11 11 11 11 11 

5135
11 11 11 11 11 11 11 11 11 
11 0 0 0 0 15 0 0 11 
11 11 12 0 0 0 15 11 11 
11 0 0 0 11 0 0 11 11 
11 0 11 0 0 0 0 0 11 
11 0 0 0 11 0 15 0 11 
11 0 0 0 0 0 0 11 11 
11 0 0 0 11 0 11 11 11 
11 11 11 11 11 11 11 11 11 

5134
11 11 11 11 11 11 11 11 11 
11 15 15 0 0 0 0 0 11 
11 11 0 0 0 0 0 11 11 
11 0 0 0 11 0 0 11 11 
11 0 0 0 0 0 0 0 11 
11 0 0 0 11 0 0 0 11 
11 0 0 0 0 0 15 11 11 
11 0 14 0 11 0 11 11 11 
11 11 11 11 11 11 11 11 11 

5134
11 11 11 11 11 11 11 11 11 
11 15 0 0 0 0 0 0 11 
11 11 0 0 0 0 15 11 11 
11 0 0 0 11 0 0 11 11 
11 0 0 0 0 0 0 0 11 
11 0 0 0 11 0 0 0 11 
11 0 0 0 0 0 15 11 11 
11 0 14 0 11 0 11 11 11 
11 11 11 11 11 11 11 11 11 

5134
0 0 0 0 0 0 0 0 0 
0 15 0 0 0 0 0 0 0 
0 0 0 0 0 0 15 0 0 
0 0 0 0 0 0 0 0 0 
0 0 0 0 0 0 0 0 0 
0 0 0 0 0 0 0 0 0 
0 0 0 0 0 0 15 0 0 
0 0 14 0 0 0 0 0 0 
0 0 0 0 0 0 0 0 0 

5133
0 0 0 0 0 0 0 0 0 
0 0 0 0 0 0 0 0 0 
0 0 0 0 0 0 15 0 0 
0 0 0 0 0 0 0 0 0 
0 0 0 0 0 0 0 0 0 
0 0 0 0 0 0 0 0 0 
0 0 0 0 0 0 15 0 0 
0 0 15 0 0 0 0 0 0 
0 0 0 0 0 0 0 0 0 

5133
0 0 0 0 0 0 0 0 0 
0 0 0 0 0 0 0 0 0 
0 0 0 0 0 0 15 0 0 
0 0 0 0 0 0 0 0 0 
0 0 0 0 0 0 0 0 0 
0 0 0 0 0 0 0 0 0 
0 0 0 0 0 0 15 0 0 
0 0 15 0 0 0 0 0 0 
0 0 0 0 0 0 0 0 0 

5133
0 0 0 0 0 0 0 0 0 
0 0 0 0 0 0 0 0 0 
0 0 0 0 0 0 15 0 0 
0 0 0 0 0 0 0 0 0 
0 0 0 0 0 0 0 0 0 
0 0 0 0 0 0 0 0 0 
0 0 0 0 0 0 15 0 0 
0 0 15 0 0 0 0 0 0 
0 0 0 0 0 0 0 0 0 

5133
0 0 0 0 0 0 0 0 0 
0 0 0 0 0 0 0 0 0 
0 0 0 0 0 0 15 0 0 
0 0 0 0 0 0 0 0 0 
0 0 0 0 0 0 0 0 0 
0 0 0 0 0 0 0 0 0 
0 0 0 0 0 0 15 0 0 
0 0 15 0 0 0 0 0 0 
0 0 0 0 0 0 0 0 0 

