5937
11 11 11 11 11 11 11 11 11 
11 0 11 0 0 0 0 0 11 
11 0 15 0 15 0 0 0 11 
11 0 0 0 11 0 0 0 11 
11 0 11 0 11 11 13 0 11 
11 0 0 0 15 11 0 11 11 
11 11 0 11 0 0 11 0 11 
11 0 0 0 0 0 0 0 11 
11 11 0 0 0 0 0 0 11 
11 0 0 0 0 0 0 0 11 
11 11 11 11 11 11 11 11 11 

5937
11 11 11 11 11 11 11 11 11 
11 0 11 0 0 0 0 0 11 
11 0 15 0 15 0 0 0 11 
11 0 0 0 11 0 0 0 11 
11 0 11 0 11 11 13 0 11 
11 0 0 0 15 11 0 11 11 
11 11 0 11 0 0 11 0 11 
11 0 0 0 0 0 0 0 11 
11 11 0 0 0 0 0 0 11 
11 0 0 0 0 0 0 0 11 
11 11 11 11 11 11 11 11 11 

5937
11 11 11 11 11 11 11 11 11 
11 0 11 0 0 0 0 0 11 
11 0 15 0 15 0 0 0 11 
11 0 0 0 11 0 0 0 11 
11 0 11 0 11 11 13 0 11 
11 0 0 0 15 11 0 11 11 
11 11 0 11 0 0 11 0 11 
11 0 0 0 0 0 0 0 11 
11 11 0 0 0 0 0 0 11 
11 0 0 0 0 0 0 0 11 
11 11 11 11 11 11 11 11 11 

5934
11 11 11 11 11 11 11 11 11 
11 0 11 0 0 0 0 0 11 
11 0 15 0 0 0 0 0 11 
11 0 0 0 11 0 15 0 11 
11 0 11 0 11 11 0 15 11 
11 0 0 0 0 11 0 11 11 
11 11 0 11 0 0 11 0 11 
11 0 0 0 0 0 0 0 11 
11 11 0 0 0 0 0 0 11 
11 0 15 0 0 0 0 0 11 
11 11 11 11 11 11 11 11 11 

5934
11 11 11 11 11 11 11 11 11 
11 0 11 0 0 0 0 0 11 
11 0 0 0 0 0 0 0 11 
11 0 15 0 11 0 0 0 11 
11 0 11 0 11 11 0 0 11 
11 0 0 0 0 11 0 11 11 
11 11 0 11 0 15 11 0 11 
11 0 0 0 0 15 0 0 11 
11 11 0 0 0 15 0 0 11 
11 0 0 0 0 0 0 0 11 
11 11 11 11 11 11 11 11 11 

5939
11 11 11 11 11 11 11 11 11 
11 0 11 0 15 0 11 0 11 
11 0 15 0 0 0 0 0 11 
11 0 0 0 11 0 0 0 11 
11 0 11 13 11 11 0 0 11 
11 0 0 0 0 11 0 11 11 
11 11 0 11 0 0 0 0 11 
11 0 0 0 0 0 0 0 11 
11 11 0 0 15 0 11 0 11 
11 0 0 0 0 0 0 0 11 
11 11 11 11 11 11 11 11 11 

5939
11 11 11 11 11 11 11 11 11 
11 0 11 0 15 0 11 0 11 
11 0 0 0 0 0 0 0 11 
11 0 0 0 11 0 0 0 11 
11 0 11 15 11 11 0 0 11 
11 12 0 0 0 11 0 11 11 
11 11 13 11 0 0 0 0 11 
11 0 0 0 0 0 0 0 11 
11 11 15 0 0 0 0 0 11 
11 0 0 0 0 0 0 0 11 
11 11 11 11 11 11 11 11 11 

5939
11 11 11 11 11 11 11 11 11 
11 0 11 0 15 0 11 0 11 
11 0 0 0 0 0 0 0 11 
11 0 0 0 11 0 0 0 11 
11 0 11 15 11 11 0 0 11 
11 12 0 0 0 11 0 11 11 
11 11 13 11 0 0 0 0 11 
11 0 0 0 0 0 0 0 11 
11 11 15 0 0 0 0 0 11 
11 0 0 0 0 0 0 0 11 
11 11 11 11 11 11 11 11 11 

5939
11 11 11 11 11 11 11 11 11 
11 0 11 0 15 0 11 0 11 
11 0 0 0 0 0 0 0 11 
11 0 0 0 11 0 0 0 11 
11 0 11 15 11 11 0 0 11 
11 12 0 0 0 11 0 11 11 
11 11 13 11 0 0 0 0 11 
11 0 0 0 0 0 0 0 11 
11 11 15 0 0 0 0 0 11 
11 0 0 0 0 0 0 0 11 
11 11 11 11 11 11 11 11 11 

5909
11 11 11 11 11 11 11 11 11 
11 0 11 0 15 0 11 0 11 
11 0 15 0 0 0 0 0 11 
11 0 14 0 11 0 14 0 11 
11 0 11 0 11 11 0 0 11 
11 0 0 0 0 11 0 11 11 
11 11 15 11 0 0 0 0 11 
11 0 0 0 0 0 0 0 11 
11 11 0 0 0 0 0 0 11 
11 0 0 0 0 0 0 0 11 
11 11 11 11 11 11 11 11 11 

5941
11 11 11 11 11 11 11 11 11 
11 0 11 0 0 0 11 0 11 
11 0 0 0 0 15 15 0 11 
11 0 11 0 11 0 0 15 11 
11 0 11 0 11 11 0 0 11 
11 0 0 0 0 11 0 11 11 
11 11 11 11 0 11 0 0 11 
11 0 0 11 0 0 0 0 11 
11 11 0 0 0 0 0 0 11 
11 0 0 0 0 0 0 0 11 
11 11 11 11 11 11 11 11 11 

5941
11 11 11 11 11 11 11 11 11 
11 0 11 0 0 0 11 0 11 
11 0 0 0 0 15 15 0 11 
11 0 11 0 11 0 0 15 11 
11 0 11 0 11 11 0 0 11 
11 0 0 0 0 11 0 11 11 
11 11 11 11 0 11 0 0 11 
11 0 0 11 0 0 0 0 11 
11 11 0 0 0 0 0 0 11 
11 0 0 0 0 0 0 0 11 
11 11 11 11 11 11 11 11 11 

5941
11 11 11 11 11 11 11 11 11 
11 0 11 0 0 0 11 0 11 
11 0 0 0 0 15 15 0 11 
11 0 11 0 11 0 0 15 11 
11 0 11 0 11 11 0 0 11 
11 0 0 0 0 11 0 11 11 
11 11 11 11 0 11 0 0 11 
11 0 0 11 0 0 0 0 11 
11 11 0 0 0 0 0 0 11 
11 0 0 0 0 0 0 0 11 
11 11 11 11 11 11 11 11 11 

5937
11 11 11 11 11 11 11 11 11 
11 0 11 0 0 0 11 0 11 
11 0 15 0 0 0 0 0 11 
11 0 0 0 11 0 14 0 11 
11 11 11 0 11 11 0 0 11 
11 0 0 0 15 11 0 11 11 
11 11 0 11 0 0 15 0 11 
11 0 0 0 0 0 0 0 11 
11 11 0 0 0 0 0 0 11 
11 0 0 0 0 0 0 0 11 
11 11 11 11 11 11 11 11 11 

5937
11 11 11 11 11 11 11 11 11 
11 0 11 0 0 0 11 0 11 
11 0 0 0 0 0 0 0 11 
11 0 0 0 11 0 15 0 11 
11 11 11 0 11 11 0 0 11 
11 0 0 0 0 11 0 11 11 
11 11 0 11 0 14 0 0 11 
11 0 0 0 0 0 0 0 11 
11 11 15 0 15 0 0 0 11 
11 0 0 0 0 0 0 0 11 
11 11 11 11 11 11 11 11 11 

5941
11 11 11 11 11 11 11 11 11 
11 0 11 11 15 0 11 0 11 
11 0 0 0 0 15 0 0 11 
11 0 0 0 11 0 0 0 11 
11 0 11 0 11 11 0 0 11 
11 0 0 0 0 11 0 11 11 
11 11 11 11 0 0 0 0 11 
11 0 0 0 0 11 0 0 11 
11 11 0 15 0 0 0 0 11 
11 0 0 0 0 11 0 0 11 
11 11 11 11 11 11 11 11 11 

5939
11 11 11 11 11 11 11 11 11 
11 0 11 0 0 0 11 0 11 
11 0 0 0 0 0 0 0 11 
11 0 0 0 11 0 0 15 11 
11 0 11 0 11 11 13 0 11 
11 12 0 0 15 11 0 11 11 
11 11 15 11 0 0 0 0 11 
11 0 0 0 0 0 0 0 11 
11 11 0 0 0 0 0 0 11 
11 0 0 0 0 0 0 0 11 
11 11 11 11 11 11 11 11 11 

5926
11 11 11 11 11 11 11 11 11 
11 0 11 0 0 0 11 0 11 
11 0 15 0 0 0 0 0 11 
11 0 15 0 11 0 0 0 11 
11 0 11 0 11 11 0 0 11 
11 0 0 0 0 11 0 11 11 
11 11 0 11 0 0 0 0 11 
11 0 0 0 0 0 0 0 11 
11 11 15 0 0 0 0 0 11 
11 0 0 0 0 0 0 0 11 
11 11 11 11 11 11 11 11 11 

5926
11 11 11 11 11 11 11 11 11 
11 0 11 0 0 0 11 0 11 
11 0 0 0 0 0 0 0 11 
11 0 0 0 11 0 0 15 11 
11 0 11 0 11 11 0 0 11 
11 0 0 0 0 11 0 11 11 
11 11 0 11 0 0 0 15 11 
11 0 0 0 0 0 0 0 11 
11 11 15 0 0 0 0 0 11 
11 0 0 0 0 0 0 0 11 
11 11 11 11 11 11 11 11 11 

5926
11 11 11 11 11 11 11 11 11 
11 0 11 0 0 0 11 0 11 
11 0 0 0 0 0 0 0 11 
11 0 0 0 11 0 0 15 11 
11 0 11 0 11 11 0 0 11 
11 0 0 0 0 11 0 11 11 
11 11 0 11 0 0 0 15 11 
11 0 0 0 0 0 0 0 11 
11 11 15 0 0 0 0 0 11 
11 0 0 0 0 0 0 0 11 
11 11 11 11 11 11 11 11 11 

5945
11 11 11 11 11 11 11 11 11 
11 0 11 0 0 0 11 0 11 
11 0 0 15 0 0 15 0 11 
11 15 0 0 11 0 0 0 11 
11 13 11 0 11 11 0 0 11 
11 0 0 0 0 11 0 11 11 
11 11 0 11 11 0 0 0 11 
11 0 0 0 0 0 0 0 11 
11 11 0 0 11 0 0 0 11 
11 0 0 0 0 0 0 0 11 
11 11 11 11 11 11 11 11 11 

5945
11 11 11 11 11 11 11 11 11 
11 0 11 0 0 0 11 0 11 
11 0 0 15 0 0 15 0 11 
11 15 0 0 11 0 0 0 11 
11 13 11 0 11 11 0 0 11 
11 0 0 0 0 11 0 11 11 
11 11 0 11 11 0 0 0 11 
11 0 0 0 0 0 0 0 11 
11 11 0 0 11 0 0 0 11 
11 0 0 0 0 0 0 0 11 
11 11 11 11 11 11 11 11 11 

5945
11 11 11 11 11 11 11 11 11 
11 0 11 0 0 0 11 0 11 
11 0 0 15 0 0 15 0 11 
11 15 0 0 11 0 0 0 11 
11 13 11 0 11 11 0 0 11 
11 0 0 0 0 11 0 11 11 
11 11 0 11 11 0 0 0 11 
11 0 0 0 0 0 0 0 11 
11 11 0 0 11 0 0 0 11 
11 0 0 0 0 0 0 0 11 
11 11 11 11 11 11 11 11 11 

5939
11 11 11 11 11 11 11 11 11 
11 0 11 0 15 0 11 0 11 
11 0 0 0 0 0 0 0 11 
11 0 0 0 11 0 0 0 11 
11 0 11 0 11 11 0 0 11 
11 0 15 13 0 11 0 11 11 
11 11 0 11 0 0 0 0 11 
11 0 0 0 0 0 0 0 11 
11 11 0 0 15 0 0 0 11 
11 0 0 0 0 0 11 0 11 
11 11 11 11 11 11 11 11 11 

5939
11 11 11 11 11 11 11 11 11 
11 0 11 0 0 0 11 0 11 
11 0 0 0 0 15 0 0 11 
11 0 0 0 11 0 0 0 11 
11 0 11 0 11 11 15 0 11 
11 15 12 0 0 11 0 11 11 
11 11 13 11 0 0 0 0 11 
11 0 0 0 0 0 0 0 11 
11 11 0 0 0 0 0 0 11 
11 0 0 0 0 0 0 0 11 
11 11 11 11 11 11 11 11 11 

5937
11 11 11 11 11 11 11 11 11 
11 0 11 0 0 0 11 0 11 
11 0 0 0 15 0 0 0 11 
11 0 0 0 11 0 0 0 11 
11 0 11 15 11 11 0 0 11 
11 11 0 0 0 11 0 11 11 
11 11 0 11 0 0 0 0 11 
11 0 0 0 14 0 0 0 11 
11 11 15 0 0 0 0 0 11 
11 0 0 0 0 0 0 0 11 
11 11 11 11 11 11 11 11 11 

5937
11 11 11 11 11 11 11 11 11 
11 0 11 0 0 0 11 0 11 
11 0 0 0 15 0 0 0 11 
11 0 0 0 11 0 0 0 11 
11 0 11 15 11 11 0 0 11 
11 11 0 0 0 11 0 11 11 
11 11 0 11 0 0 0 0 11 
11 0 0 0 14 0 0 0 11 
11 11 15 0 0 0 0 0 11 
11 0 0 0 0 0 0 0 11 
11 11 11 11 11 11 11 11 11 

5937
11 11 11 11 11 11 11 11 11 
11 0 11 0 0 0 11 0 11 
11 0 0 0 15 0 0 0 11 
11 0 0 0 11 0 0 0 11 
11 0 11 15 11 11 0 0 11 
11 11 0 0 0 11 0 11 11 
11 11 0 11 0 0 0 0 11 
11 0 0 0 14 0 0 0 11 
11 11 15 0 0 0 0 0 11 
11 0 0 0 0 0 0 0 11 
11 11 11 11 11 11 11 11 11 

5937
11 11 11 11 11 11 11 11 11 
11 0 11 0 0 0 11 0 11 
11 0 0 0 15 0 0 0 11 
11 0 0 0 11 0 15 0 11 
11 0 11 13 11 11 0 0 11 
11 0 0 0 0 11 0 11 11 
11 11 0 11 0 0 0 0 11 
11 0 0 0 0 0 0 0 11 
11 11 15 0 0 0 0 0 11 
11 0 0 0 0 0 0 0 11 
11 11 11 11 11 11 11 11 11 

5935
11 11 11 11 11 11 11 11 11 
11 0 11 0 0 0 11 0 11 
11 0 15 0 0 0 0 0 11 
11 0 14 0 11 0 0 0 11 
11 0 11 0 11 11 0 0 11 
11 0 0 0 0 11 0 11 11 
11 11 15 11 0 0 0 0 11 
11 0 0 0 0 0 0 0 11 
11 11 15 0 0 0 0 0 11 
11 0 0 0 0 0 0 0 11 
11 11 11 11 11 11 11 11 11 

5937
0 0 0 0 0 0 0 0 0 
0 0 0 0 0 0 0 0 0 
0 0 15 0 0 0 0 0 0 
0 0 0 0 0 0 0 0 0 
0 0 0 0 0 0 0 15 0 
0 0 0 13 0 0 0 0 0 
0 0 0 0 0 0 0 0 0 
0 0 0 0 0 0 0 0 0 
0 0 15 0 0 0 0 0 0 
0 0 0 0 0 0 0 0 0 
0 0 0 0 0 0 0 0 0 

5937
0 0 0 0 0 0 0 0 0 
0 0 0 0 0 0 0 0 0 
0 0 15 0 0 0 0 0 0 
0 0 0 0 0 0 15 0 0 
0 0 0 0 0 0 0 0 0 
0 0 13 0 0 0 0 0 0 
0 0 0 0 0 0 15 0 0 
0 0 0 0 0 0 0 0 0 
0 0 0 0 0 0 0 0 0 
0 0 0 0 0 0 0 0 0 
0 0 0 0 0 0 0 0 0 

5937
0 0 0 0 0 0 0 0 0 
0 0 0 0 0 0 0 0 0 
0 0 15 0 0 0 0 0 0 
0 0 0 0 0 0 15 0 0 
0 0 0 0 0 0 0 0 0 
0 0 13 0 0 0 0 0 0 
0 0 0 0 0 0 15 0 0 
0 0 0 0 0 0 0 0 0 
0 0 0 0 0 0 0 0 0 
0 0 0 0 0 0 0 0 0 
0 0 0 0 0 0 0 0 0 

5937
0 0 0 0 0 0 0 0 0 
0 0 0 0 0 0 0 0 0 
0 0 15 0 0 0 0 0 0 
0 0 0 0 0 0 15 0 0 
0 0 0 0 0 0 0 0 0 
0 0 13 0 0 0 0 0 0 
0 0 0 0 0 0 15 0 0 
0 0 0 0 0 0 0 0 0 
0 0 0 0 0 0 0 0 0 
0 0 0 0 0 0 0 0 0 
0 0 0 0 0 0 0 0 0 

5935
0 0 0 0 0 0 0 0 0 
0 0 0 0 0 0 0 0 0 
0 0 0 0 0 0 0 0 0 
0 0 15 15 0 0 0 0 0 
0 0 0 0 0 0 0 0 0 
0 0 0 0 0 0 0 0 0 
0 0 0 0 0 15 0 0 0 
0 0 0 14 0 0 0 0 0 
0 0 0 0 0 0 0 0 0 
0 0 0 0 0 0 0 0 0 
0 0 0 0 0 0 0 0 0 

5937
0 0 0 0 0 0 0 0 0 
0 0 0 0 0 0 0 0 0 
0 0 15 0 0 0 0 0 0 
0 0 0 0 0 0 0 0 0 
0 0 0 0 0 0 0 15 0 
0 0 0 13 0 0 0 0 0 
0 0 0 0 0 0 0 0 0 
0 0 0 0 0 0 0 0 0 
0 0 15 0 0 0 0 0 0 
0 0 0 0 0 0 0 0 0 
0 0 0 0 0 0 0 0 0 

5937
0 0 0 0 0 0 0 0 0 
0 0 0 0 0 0 0 0 0 
0 0 15 0 0 0 0 0 0 
0 0 0 0 0 0 15 0 0 
0 0 0 0 0 0 0 0 0 
0 0 13 0 0 0 0 0 0 
0 0 0 0 0 0 15 0 0 
0 0 0 0 0 0 0 0 0 
0 0 0 0 0 0 0 0 0 
0 0 0 0 0 0 0 0 0 
0 0 0 0 0 0 0 0 0 

5937
0 0 0 0 0 0 0 0 0 
0 0 0 0 0 0 0 0 0 
0 0 15 0 0 0 0 0 0 
0 0 0 0 0 0 15 0 0 
0 0 0 0 0 0 0 0 0 
0 0 13 0 0 0 0 0 0 
0 0 0 0 0 0 15 0 0 
0 0 0 0 0 0 0 0 0 
0 0 0 0 0 0 0 0 0 
0 0 0 0 0 0 0 0 0 
0 0 0 0 0 0 0 0 0 

5937
0 0 0 0 0 0 0 0 0 
0 0 0 0 0 0 0 0 0 
0 0 15 0 0 0 0 0 0 
0 0 0 0 0 0 15 0 0 
0 0 0 0 0 0 0 0 0 
0 0 13 0 0 0 0 0 0 
0 0 0 0 0 0 15 0 0 
0 0 0 0 0 0 0 0 0 
0 0 0 0 0 0 0 0 0 
0 0 0 0 0 0 0 0 0 
0 0 0 0 0 0 0 0 0 

5935
0 0 0 0 0 0 0 0 0 
0 0 0 0 0 0 0 0 0 
0 0 0 0 0 0 0 0 0 
0 0 15 15 0 0 0 0 0 
0 0 0 0 0 0 0 0 0 
0 0 0 0 0 0 0 0 0 
0 0 0 0 0 15 0 0 0 
0 0 0 14 0 0 0 0 0 
0 0 0 0 0 0 0 0 0 
0 0 0 0 0 0 0 0 0 
0 0 0 0 0 0 0 0 0 

5908
0 0 0 0 0 0 0 0 0 
0 0 0 0 0 0 0 0 0 
0 0 15 0 0 0 0 0 0 
0 0 0 0 0 0 0 0 0 
0 0 0 0 0 0 0 0 0 
0 0 0 0 0 0 0 0 0 
0 0 0 0 0 0 0 0 0 
0 0 0 0 0 0 0 0 0 
0 0 15 0 0 0 0 0 0 
0 0 0 0 0 15 0 0 0 
0 0 0 0 0 0 0 0 0 

5908
0 0 0 0 0 0 0 0 0 
0 0 0 0 0 0 0 0 0 
0 0 15 0 0 0 0 0 0 
0 0 0 0 0 0 0 0 0 
0 0 0 0 0 0 0 0 0 
0 0 0 0 0 0 0 0 0 
0 0 0 0 0 0 0 0 0 
0 0 0 0 0 0 0 0 0 
0 0 15 0 0 0 0 0 0 
0 0 0 0 0 15 0 0 0 
0 0 0 0 0 0 0 0 0 

5908
0 0 0 0 0 0 0 0 0 
0 0 0 0 0 0 0 0 0 
0 0 15 0 0 0 0 0 0 
0 0 0 0 0 0 0 0 0 
0 0 0 0 0 0 0 0 0 
0 0 0 0 0 0 0 0 0 
0 0 0 0 0 0 0 0 0 
0 0 0 0 0 0 0 0 0 
0 0 15 0 0 0 0 0 0 
0 0 0 0 0 15 0 0 0 
0 0 0 0 0 0 0 0 0 

5908
0 0 0 0 0 0 0 0 0 
0 0 0 0 0 0 0 0 0 
0 0 15 0 0 0 0 0 0 
0 0 0 0 0 0 0 0 0 
0 0 0 0 0 0 0 0 0 
0 0 0 0 0 0 0 0 0 
0 0 0 0 0 0 0 0 0 
0 0 0 0 0 0 0 0 0 
0 0 15 0 0 0 0 0 0 
0 0 0 0 0 15 0 0 0 
0 0 0 0 0 0 0 0 0 

5900
0 0 0 0 0 0 0 0 0 
0 0 0 0 15 0 0 0 0 
0 0 0 0 15 0 0 0 0 
0 0 0 14 0 0 0 0 0 
0 0 0 13 0 0 13 0 0 
0 0 0 12 0 0 0 0 0 
0 0 0 0 0 0 0 0 0 
0 0 0 0 0 0 0 0 0 
0 0 0 0 0 11 0 0 0 
0 0 0 11 0 11 0 0 0 
0 0 0 0 0 0 0 0 0 

5938
0 0 0 0 0 0 0 0 0 
0 0 0 0 0 0 0 0 0 
0 0 0 0 0 0 0 0 0 
0 0 0 0 0 0 0 0 0 
0 0 0 15 0 0 0 0 0 
0 0 0 0 12 0 0 0 0 
0 0 0 0 0 0 0 0 0 
0 0 0 0 0 0 15 0 0 
0 0 0 0 0 0 0 0 0 
0 15 0 11 0 0 0 0 0 
0 0 0 0 0 0 0 0 0 

5938
0 0 0 0 0 0 0 0 0 
0 0 0 0 0 0 0 0 0 
0 0 0 0 0 0 0 0 0 
0 0 0 0 0 0 0 0 0 
0 0 0 15 0 0 0 0 0 
0 0 0 0 12 0 0 0 0 
0 0 0 0 0 0 0 0 0 
0 0 0 0 0 0 15 0 0 
0 0 0 0 0 0 0 0 0 
0 15 0 11 0 0 0 0 0 
0 0 0 0 0 0 0 0 0 

5938
0 0 0 0 0 0 0 0 0 
0 0 0 0 0 0 0 0 0 
0 0 0 0 0 0 0 0 0 
0 0 0 0 0 0 0 0 0 
0 0 0 15 0 0 0 0 0 
0 0 0 0 12 0 0 0 0 
0 0 0 0 0 0 0 0 0 
0 0 0 0 0 0 15 0 0 
0 0 0 0 0 0 0 0 0 
0 15 0 11 0 0 0 0 0 
0 0 0 0 0 0 0 0 0 

5937
0 0 0 0 0 0 0 0 0 
0 0 0 0 0 0 0 0 0 
0 0 0 0 0 0 0 0 0 
0 14 0 0 0 0 15 0 0 
0 0 0 0 0 0 0 0 0 
0 11 0 0 0 0 0 0 0 
0 0 0 0 0 0 0 0 0 
0 0 0 0 0 0 15 0 0 
0 0 0 15 0 0 0 0 0 
0 0 0 0 0 0 0 0 0 
0 0 0 0 0 0 0 0 0 

5937
0 0 0 0 0 0 0 0 0 
0 0 0 0 0 0 0 0 0 
0 0 0 15 0 0 0 0 0 
0 0 0 0 0 0 0 0 0 
0 0 0 15 0 0 0 0 0 
0 0 0 0 0 0 0 0 0 
0 0 0 0 13 0 0 0 0 
0 0 0 0 0 0 0 0 0 
0 0 0 15 0 0 0 0 0 
0 0 0 0 0 0 0 0 0 
0 0 0 0 0 0 0 0 0 

5938
0 0 0 0 0 0 0 0 0 
0 0 0 0 0 0 0 0 0 
0 0 15 0 0 0 0 0 0 
0 0 0 0 0 0 0 0 0 
0 0 0 0 0 0 0 0 0 
0 0 0 12 0 0 0 0 0 
0 0 0 0 0 0 0 15 0 
0 0 0 0 0 0 15 0 0 
0 0 0 11 0 0 0 0 0 
0 0 0 0 0 0 0 0 0 
0 0 0 0 0 0 0 0 0 

5938
0 0 0 0 0 0 0 0 0 
0 0 0 0 0 0 0 0 0 
0 0 15 0 0 0 0 0 0 
0 0 0 0 0 0 0 0 0 
0 0 0 0 0 0 0 0 0 
0 0 0 12 0 0 0 0 0 
0 0 0 0 0 0 0 15 0 
0 0 0 0 0 0 15 0 0 
0 0 0 11 0 0 0 0 0 
0 0 0 0 0 0 0 0 0 
0 0 0 0 0 0 0 0 0 

5938
0 0 0 0 0 0 0 0 0 
0 0 0 0 0 0 0 0 0 
0 0 15 0 0 0 0 0 0 
0 0 0 0 0 0 0 0 0 
0 0 0 0 0 0 0 0 0 
0 0 0 12 0 0 0 0 0 
0 0 0 0 0 0 0 15 0 
0 0 0 0 0 0 15 0 0 
0 0 0 11 0 0 0 0 0 
0 0 0 0 0 0 0 0 0 
0 0 0 0 0 0 0 0 0 

5937
0 0 0 0 0 0 0 0 0 
0 0 0 0 0 0 0 0 0 
0 0 0 0 0 0 15 0 0 
0 0 0 0 0 0 0 0 0 
0 11 0 0 0 0 15 0 0 
0 15 0 0 0 0 0 0 0 
0 0 0 0 0 0 0 0 0 
0 0 0 14 0 0 0 0 0 
0 0 0 0 0 0 0 0 0 
0 0 0 0 0 0 0 0 0 
0 0 0 0 0 0 0 0 0 

5937
0 0 0 0 0 0 0 0 0 
0 0 0 0 0 0 0 0 0 
0 0 0 0 0 0 15 0 0 
0 0 0 0 0 0 0 0 0 
0 11 0 0 0 0 15 0 0 
0 15 0 0 0 0 0 0 0 
0 0 0 0 0 0 0 0 0 
0 0 0 14 0 0 0 0 0 
0 0 0 0 0 0 0 0 0 
0 0 0 0 0 0 0 0 0 
0 0 0 0 0 0 0 0 0 

5945
0 0 0 0 0 0 0 0 0 
0 0 0 0 15 0 0 0 0 
0 0 0 0 0 15 0 0 0 
0 0 0 0 0 0 15 0 0 
0 0 0 13 0 0 0 0 0 
0 0 0 0 0 0 0 0 0 
0 0 0 0 0 0 0 0 0 
0 0 0 11 0 0 0 0 0 
0 0 0 11 0 0 0 0 0 
0 0 0 0 0 0 0 0 0 
0 0 0 0 0 0 0 0 0 

5945
0 0 0 0 0 0 0 0 0 
0 0 0 0 15 0 0 0 0 
0 0 0 0 0 15 0 0 0 
0 0 0 0 0 0 15 0 0 
0 0 0 13 0 0 0 0 0 
0 0 0 0 0 0 0 0 0 
0 0 0 0 0 0 0 0 0 
0 0 0 11 0 0 0 0 0 
0 0 0 11 0 0 0 0 0 
0 0 0 0 0 0 0 0 0 
0 0 0 0 0 0 0 0 0 

5945
0 0 0 0 0 0 0 0 0 
0 0 0 0 15 0 0 0 0 
0 0 0 0 0 15 0 0 0 
0 0 0 0 0 0 15 0 0 
0 0 0 13 0 0 0 0 0 
0 0 0 0 0 0 0 0 0 
0 0 0 0 0 0 0 0 0 
0 0 0 11 0 0 0 0 0 
0 0 0 11 0 0 0 0 0 
0 0 0 0 0 0 0 0 0 
0 0 0 0 0 0 0 0 0 

5939
0 0 0 0 0 0 0 0 0 
0 0 0 0 15 0 0 0 0 
0 0 0 0 0 0 0 0 0 
0 0 0 0 0 0 0 0 0 
0 13 0 0 0 0 0 0 0 
0 12 0 0 15 0 0 0 0 
0 0 0 0 0 0 15 0 0 
0 0 0 0 0 0 0 0 0 
0 0 0 0 0 0 0 0 0 
0 0 0 0 0 0 0 0 0 
0 0 0 0 0 0 0 0 0 

5939
0 0 0 0 0 0 0 0 0 
0 0 0 0 15 0 0 0 0 
0 0 0 0 0 0 0 0 0 
0 0 0 0 0 0 0 0 0 
0 13 0 0 0 0 0 0 0 
0 12 0 0 15 0 0 0 0 
0 0 0 0 0 0 15 0 0 
0 0 0 0 0 0 0 0 0 
0 0 0 0 0 0 0 0 0 
0 0 0 0 0 0 0 0 0 
0 0 0 0 0 0 0 0 0 

5945
0 0 0 0 0 0 0 0 0 
0 0 0 0 0 0 0 0 0 
0 0 15 0 0 0 15 0 0 
0 0 0 0 0 0 0 0 0 
0 0 0 0 0 0 13 0 0 
0 0 0 0 11 0 0 0 0 
0 0 0 0 0 0 0 15 0 
0 0 0 0 0 11 0 0 0 
0 0 0 0 0 0 0 0 0 
0 0 0 0 0 0 0 0 0 
0 0 0 0 0 0 0 0 0 

5945
0 0 0 0 0 0 0 0 0 
0 0 0 0 15 0 0 0 0 
0 0 0 0 0 0 15 0 0 
0 0 0 0 0 0 0 0 0 
0 0 0 0 0 0 0 0 0 
0 0 0 0 13 0 0 0 0 
0 0 0 0 15 0 0 0 0 
0 0 0 0 0 0 0 0 0 
0 0 11 11 0 0 0 0 0 
0 0 0 0 0 0 0 0 0 
0 0 0 0 0 0 0 0 0 

5945
0 0 0 0 0 0 0 0 0 
0 0 0 0 0 0 0 0 0 
0 0 15 0 0 0 15 0 0 
0 0 0 0 0 0 0 0 0 
0 0 0 0 0 0 13 0 0 
0 0 0 0 11 0 0 0 0 
0 0 0 0 0 0 0 15 0 
0 0 0 0 0 11 0 0 0 
0 0 0 0 0 0 0 0 0 
0 0 0 0 0 0 0 0 0 
0 0 0 0 0 0 0 0 0 

5945
0 0 0 0 0 0 0 0 0 
0 0 0 0 15 0 0 0 0 
0 0 0 0 0 0 15 0 0 
0 0 0 0 0 0 0 0 0 
0 0 0 0 0 0 0 0 0 
0 0 0 0 13 0 0 0 0 
0 0 0 0 15 0 0 0 0 
0 0 0 0 0 0 0 0 0 
0 0 11 11 0 0 0 0 0 
0 0 0 0 0 0 0 0 0 
0 0 0 0 0 0 0 0 0 

5945
0 0 0 0 0 0 0 0 0 
0 0 0 0 0 0 0 0 0 
0 0 15 0 0 0 15 0 0 
0 0 0 0 0 0 0 0 0 
0 0 0 0 0 0 13 0 0 
0 0 0 0 11 0 0 0 0 
0 0 0 0 0 0 0 15 0 
0 0 0 0 0 11 0 0 0 
0 0 0 0 0 0 0 0 0 
0 0 0 0 0 0 0 0 0 
0 0 0 0 0 0 0 0 0 

5937
0 0 0 0 0 0 0 0 0 
0 0 0 0 0 0 0 0 0 
0 0 0 15 0 0 0 0 0 
0 11 0 0 0 0 0 0 0 
0 0 0 0 0 0 0 0 0 
0 0 0 0 0 0 0 0 0 
0 0 0 0 14 15 0 15 0 
0 0 0 0 0 0 0 0 0 
0 0 0 0 0 0 0 0 0 
0 0 0 0 0 0 0 0 0 
0 0 0 0 0 0 0 0 0 

5937
0 0 0 0 0 0 0 0 0 
0 0 0 0 0 0 0 0 0 
0 0 0 15 0 0 0 0 0 
0 11 0 0 0 0 0 0 0 
0 0 0 0 0 0 0 0 0 
0 0 0 0 0 0 0 0 0 
0 0 0 0 14 15 0 15 0 
0 0 0 0 0 0 0 0 0 
0 0 0 0 0 0 0 0 0 
0 0 0 0 0 0 0 0 0 
0 0 0 0 0 0 0 0 0 

5937
0 0 0 0 0 0 0 0 0 
0 0 0 0 0 0 0 0 0 
0 0 0 15 0 0 0 0 0 
0 11 0 0 0 0 0 0 0 
0 0 0 0 0 0 0 0 0 
0 0 0 0 0 0 0 0 0 
0 0 0 0 14 15 0 15 0 
0 0 0 0 0 0 0 0 0 
0 0 0 0 0 0 0 0 0 
0 0 0 0 0 0 0 0 0 
0 0 0 0 0 0 0 0 0 

5935
0 0 0 0 0 0 0 0 0 
0 0 0 0 0 0 0 0 0 
0 0 0 15 0 15 0 0 0 
0 0 0 0 0 0 0 0 0 
0 0 0 0 0 0 0 0 0 
0 0 0 0 0 0 0 0 0 
0 0 0 0 0 14 0 0 0 
0 0 0 0 0 0 0 0 0 
0 0 0 0 15 0 0 0 0 
0 0 0 0 0 0 0 0 0 
0 0 0 0 0 0 0 0 0 

5908
0 0 0 0 0 0 0 0 0 
0 0 0 0 0 0 0 0 0 
0 0 15 0 0 0 0 0 0 
0 0 0 0 0 0 0 0 0 
0 0 0 0 0 0 0 0 0 
0 0 0 0 0 0 0 0 0 
0 0 0 0 0 0 0 0 0 
0 0 0 0 0 0 0 0 0 
0 0 15 0 0 0 0 0 0 
0 0 0 0 0 15 0 0 0 
0 0 0 0 0 0 0 0 0 

5945
0 0 0 0 0 0 0 0 0 
0 0 0 0 0 0 0 0 0 
0 0 0 0 0 0 0 0 0 
0 0 0 0 0 0 0 0 0 
0 0 0 15 0 0 13 0 0 
0 0 0 0 11 0 0 0 0 
0 0 0 0 0 0 0 15 0 
0 0 0 0 0 0 15 0 0 
0 0 11 0 0 0 0 0 0 
0 0 0 0 0 0 0 0 0 
0 0 0 0 0 0 0 0 0 

5945
0 0 0 0 0 0 0 0 0 
0 0 0 0 0 0 0 0 0 
0 0 0 0 0 0 0 0 0 
0 0 0 0 0 0 0 0 0 
0 0 0 15 0 0 13 0 0 
0 0 0 0 11 0 0 0 0 
0 0 0 0 0 0 0 15 0 
0 0 0 0 0 0 15 0 0 
0 0 11 0 0 0 0 0 0 
0 0 0 0 0 0 0 0 0 
0 0 0 0 0 0 0 0 0 

5945
0 0 0 0 0 0 0 0 0 
0 0 0 0 0 0 0 0 0 
0 0 0 0 0 0 0 0 0 
0 0 0 0 0 0 0 0 0 
0 0 0 15 0 0 13 0 0 
0 0 0 0 11 0 0 0 0 
0 0 0 0 0 0 0 15 0 
0 0 0 0 0 0 15 0 0 
0 0 11 0 0 0 0 0 0 
0 0 0 0 0 0 0 0 0 
0 0 0 0 0 0 0 0 0 

5931
0 0 0 0 0 0 0 0 0 
0 0 0 0 15 0 0 0 0 
0 0 0 0 0 0 0 0 0 
0 0 0 0 0 0 0 0 0 
0 0 0 0 0 0 0 0 0 
0 15 13 0 0 0 0 0 0 
0 0 0 0 0 0 0 12 0 
0 0 0 0 0 0 0 0 0 
0 0 0 0 0 0 0 0 0 
0 15 0 0 0 0 0 0 0 
0 0 0 0 0 0 0 0 0 

5931
0 0 0 0 0 0 0 0 0 
0 0 0 0 15 0 0 0 0 
0 0 0 0 0 0 0 0 0 
0 0 0 0 0 0 0 0 0 
0 0 0 0 0 0 0 0 0 
0 15 13 0 0 0 0 0 0 
0 0 0 0 0 0 0 12 0 
0 0 0 0 0 0 0 0 0 
0 0 0 0 0 0 0 0 0 
0 15 0 0 0 0 0 0 0 
0 0 0 0 0 0 0 0 0 

5935
0 0 0 0 0 0 0 0 0 
0 0 0 0 0 0 0 0 0 
0 0 15 0 0 0 0 0 0 
0 0 0 0 0 0 15 0 0 
0 0 0 0 0 0 0 0 0 
0 0 0 0 0 0 0 0 0 
0 0 0 0 0 0 0 0 0 
0 0 0 0 0 0 0 15 0 
0 0 15 0 0 0 0 0 0 
0 11 0 0 0 0 0 0 0 
0 0 0 0 0 0 0 0 0 

5935
0 0 0 0 0 0 0 0 0 
0 0 0 0 0 0 0 0 0 
0 0 15 0 0 0 0 0 0 
0 0 0 0 0 0 15 0 0 
0 0 0 0 0 0 0 0 0 
0 0 0 0 0 0 0 0 0 
0 0 0 0 0 0 0 0 0 
0 0 0 0 0 0 0 15 0 
0 0 15 0 0 0 0 0 0 
0 11 0 0 0 0 0 0 0 
0 0 0 0 0 0 0 0 0 

5935
0 0 0 0 0 0 0 0 0 
0 0 0 0 0 0 0 0 0 
0 0 15 0 0 0 0 0 0 
0 0 0 0 0 0 15 0 0 
0 0 0 0 0 0 0 0 0 
0 0 0 0 0 0 0 0 0 
0 0 0 0 0 0 0 0 0 
0 0 0 0 0 0 0 15 0 
0 0 15 0 0 0 0 0 0 
0 11 0 0 0 0 0 0 0 
0 0 0 0 0 0 0 0 0 

5934
0 0 0 0 0 0 0 0 0 
0 0 0 0 0 0 0 0 0 
0 0 0 0 0 0 0 0 0 
0 0 0 0 0 0 0 15 0 
0 0 0 0 0 0 15 0 0 
0 0 0 0 0 0 0 0 0 
0 0 0 0 0 0 0 0 0 
0 0 0 0 0 0 0 0 0 
0 0 0 0 0 0 0 0 0 
0 15 15 0 0 0 0 0 0 
0 0 0 0 0 0 0 0 0 

5908
0 0 0 0 0 0 0 0 0 
0 0 0 0 15 0 0 0 0 
0 0 0 0 0 11 0 0 0 
0 0 0 0 0 0 11 0 0 
0 15 0 0 0 0 11 0 0 
0 14 0 0 0 0 0 0 0 
0 0 0 0 0 0 0 0 0 
0 0 0 11 0 0 15 0 0 
0 0 0 0 0 0 0 0 0 
0 0 0 0 0 0 0 0 0 
0 0 0 0 0 0 0 0 0 

5937
0 0 0 0 0 0 0 0 0 
0 0 0 0 15 0 0 0 0 
0 0 15 0 0 0 0 0 0 
0 0 0 0 0 0 0 0 0 
0 0 0 0 0 0 0 0 0 
0 0 0 0 0 0 0 0 0 
0 0 0 0 0 0 0 0 0 
0 0 0 11 0 0 0 0 0 
0 0 0 0 15 0 15 0 0 
0 0 0 0 0 0 0 0 0 
0 0 0 0 0 0 0 0 0 

5934
0 0 0 0 0 0 0 0 0 
0 0 0 0 0 0 0 0 0 
0 0 0 15 0 15 0 0 0 
0 0 0 0 0 0 0 0 0 
0 0 0 0 0 0 0 0 0 
0 0 0 0 15 0 0 0 0 
0 0 0 0 0 0 0 0 0 
0 0 0 0 0 0 0 0 0 
0 0 0 0 0 0 0 0 0 
0 0 0 15 0 0 0 0 0 
0 0 0 0 0 0 0 0 0 

5926
0 0 0 0 0 0 0 0 0 
0 0 0 0 0 0 0 0 0 
0 0 0 0 0 0 0 0 0 
0 0 0 0 0 0 0 0 0 
0 0 0 0 0 0 15 0 0 
0 0 0 0 0 0 0 0 0 
0 0 0 0 0 0 15 0 0 
0 0 0 0 0 0 0 0 0 
0 0 15 0 0 0 0 0 0 
0 0 0 0 0 0 0 0 0 
0 0 0 0 0 0 0 0 0 

5926
0 0 0 0 0 0 0 0 0 
0 0 0 0 0 0 0 0 0 
0 0 0 0 0 0 0 0 0 
0 0 0 0 0 0 0 0 0 
0 0 0 0 0 0 15 0 0 
0 0 0 0 0 0 0 0 0 
0 0 0 0 0 0 15 0 0 
0 0 0 0 0 0 0 0 0 
0 0 15 0 0 0 0 0 0 
0 0 0 0 0 0 0 0 0 
0 0 0 0 0 0 0 0 0 

5926
0 0 0 0 0 0 0 0 0 
0 0 0 0 0 0 0 0 0 
0 0 0 0 0 0 0 0 0 
0 0 0 0 0 0 0 0 0 
0 0 0 0 0 0 15 0 0 
0 0 0 0 0 0 0 0 0 
0 0 0 0 0 0 15 0 0 
0 0 0 0 0 0 0 0 0 
0 0 15 0 0 0 0 0 0 
0 0 0 0 0 0 0 0 0 
0 0 0 0 0 0 0 0 0 

5937
0 0 0 0 0 0 0 0 0 
0 0 0 0 0 0 0 0 0 
0 0 0 0 0 0 0 0 0 
0 0 0 0 0 0 0 0 0 
0 13 0 0 0 0 15 0 0 
0 15 0 0 0 0 0 0 0 
0 0 0 0 0 0 0 0 0 
0 0 0 0 0 0 0 0 0 
0 0 0 0 0 0 0 0 0 
0 15 0 0 0 0 0 0 0 
0 0 0 0 0 0 0 0 0 

5937
0 0 0 0 0 0 0 0 0 
0 0 0 0 0 0 0 0 0 
0 0 0 0 0 0 0 0 0 
0 0 0 0 0 0 0 0 0 
0 13 0 0 0 0 15 0 0 
0 15 0 0 0 0 0 0 0 
0 0 0 0 0 0 0 0 0 
0 0 0 0 0 0 0 0 0 
0 0 0 0 0 0 0 0 0 
0 15 0 0 0 0 0 0 0 
0 0 0 0 0 0 0 0 0 

5937
0 0 0 0 0 0 0 0 0 
0 0 0 0 0 0 0 0 0 
0 0 0 0 0 0 0 0 0 
0 0 0 0 0 0 0 0 0 
0 13 0 0 0 0 15 0 0 
0 15 0 0 0 0 0 0 0 
0 0 0 0 0 0 0 0 0 
0 0 0 0 0 0 0 0 0 
0 0 0 0 0 0 0 0 0 
0 15 0 0 0 0 0 0 0 
0 0 0 0 0 0 0 0 0 

5935
0 0 0 0 0 0 0 0 0 
0 0 0 0 0 0 0 0 0 
0 0 0 0 0 0 15 0 0 
0 0 0 0 0 0 0 0 0 
0 0 0 0 0 0 0 0 0 
0 15 0 0 0 0 0 0 0 
0 0 0 0 0 0 0 0 0 
0 0 0 0 0 0 0 15 0 
0 0 15 0 0 0 0 0 0 
0 0 11 0 0 0 0 0 0 
0 0 0 0 0 0 0 0 0 

5935
0 0 0 0 0 0 0 0 0 
0 0 0 0 0 0 0 0 0 
0 0 15 0 0 0 15 0 0 
0 0 0 0 0 0 0 0 0 
0 0 0 0 0 0 0 0 0 
0 0 0 0 0 0 0 0 0 
0 0 0 0 0 0 0 0 0 
0 0 0 11 0 0 0 0 0 
0 0 15 0 0 0 0 0 0 
0 0 15 0 0 0 0 0 0 
0 0 0 0 0 0 0 0 0 

5939
0 0 0 0 0 0 0 0 0 
0 0 0 0 0 0 0 0 0 
0 0 0 0 0 15 0 0 0 
0 0 0 0 0 0 0 0 0 
0 13 0 0 0 0 0 0 0 
0 0 12 0 0 0 0 0 0 
0 0 0 0 0 0 0 0 0 
0 0 0 0 0 0 0 0 0 
0 0 15 0 0 0 0 0 0 
0 15 0 0 0 0 0 0 0 
0 0 0 0 0 0 0 0 0 

5937
0 0 0 0 0 0 0 0 0 
0 0 0 0 0 0 0 0 0 
0 0 0 0 0 0 0 0 0 
0 0 0 0 0 0 0 0 0 
0 0 0 0 0 0 13 15 0 
0 0 0 0 0 0 0 0 0 
0 0 0 0 0 0 0 0 0 
0 0 0 0 0 0 0 0 0 
0 0 0 15 15 0 0 0 0 
0 0 0 0 0 0 0 0 0 
0 0 0 0 0 0 0 0 0 

5934
0 0 0 0 0 0 0 0 0 
0 0 0 0 0 0 0 0 0 
0 0 15 0 0 0 0 0 0 
0 0 0 0 0 0 0 0 0 
0 0 0 0 0 0 0 0 0 
0 0 0 0 0 0 0 0 0 
0 0 0 0 0 15 0 0 0 
0 0 0 0 0 0 0 0 0 
0 0 15 0 0 0 0 0 0 
0 0 15 0 0 0 0 0 0 
0 0 0 0 0 0 0 0 0 

5929
0 0 0 0 0 0 0 0 0 
0 0 0 0 15 0 0 11 0 
0 0 0 0 0 0 11 0 0 
0 0 15 0 0 0 0 11 0 
0 0 0 0 0 0 11 0 0 
0 0 0 0 0 0 0 0 0 
0 0 0 0 0 0 11 0 0 
0 0 0 0 0 0 0 0 0 
0 0 0 0 15 0 15 0 0 
0 0 0 0 0 0 0 0 0 
0 0 0 0 0 0 0 0 0 

5929
0 0 0 0 0 0 0 0 0 
0 0 0 0 15 0 0 11 0 
0 0 0 0 0 0 11 0 0 
0 0 15 0 0 0 0 11 0 
0 0 0 0 0 0 11 0 0 
0 0 0 0 0 0 0 0 0 
0 0 0 0 0 0 11 0 0 
0 0 0 0 0 0 0 0 0 
0 0 0 0 15 0 15 0 0 
0 0 0 0 0 0 0 0 0 
0 0 0 0 0 0 0 0 0 

5937
0 0 0 0 0 0 0 0 0 
0 0 0 0 15 0 0 0 0 
0 0 0 15 0 0 0 0 0 
0 0 0 0 0 0 0 0 0 
0 0 0 0 0 0 0 0 0 
0 0 0 0 0 0 0 0 0 
0 0 0 0 0 0 0 0 0 
0 0 0 0 0 15 0 0 0 
0 0 0 0 11 0 0 0 0 
0 0 0 15 0 0 0 0 0 
0 0 0 0 0 0 0 0 0 

5937
0 0 0 0 0 0 0 0 0 
0 0 0 0 15 0 0 0 0 
0 0 0 15 0 0 0 0 0 
0 0 0 0 0 0 0 0 0 
0 0 0 0 0 0 0 0 0 
0 0 0 0 0 0 0 0 0 
0 0 0 0 0 0 0 0 0 
0 0 0 0 0 15 0 0 0 
0 0 0 0 11 0 0 0 0 
0 0 0 15 0 0 0 0 0 
0 0 0 0 0 0 0 0 0 

5937
0 0 0 0 0 0 0 0 0 
0 0 0 0 15 0 0 0 0 
0 0 0 15 0 0 0 0 0 
0 0 0 0 0 0 0 0 0 
0 0 0 0 0 0 0 0 0 
0 0 0 0 0 0 0 0 0 
0 0 0 0 0 0 0 0 0 
0 0 0 0 0 15 0 0 0 
0 0 0 0 11 0 0 0 0 
0 0 0 15 0 0 0 0 0 
0 0 0 0 0 0 0 0 0 

5937
0 0 0 0 0 0 0 0 0 
0 0 0 0 0 0 0 0 0 
0 0 0 15 0 0 0 0 0 
0 0 0 0 0 0 0 0 0 
0 0 0 0 0 0 0 0 0 
0 13 0 0 0 0 0 0 0 
0 0 0 0 0 0 0 0 0 
0 0 0 0 0 0 0 0 0 
0 0 0 0 15 0 0 0 0 
0 15 0 0 0 0 0 0 0 
0 0 0 0 0 0 0 0 0 

5937
0 0 0 0 0 0 0 0 0 
0 0 0 0 0 0 0 0 0 
0 0 0 15 0 0 0 0 0 
0 0 0 0 0 0 0 0 0 
0 0 0 0 0 0 0 0 0 
0 13 0 0 0 0 0 0 0 
0 0 0 0 0 0 0 0 0 
0 0 0 0 0 0 0 0 0 
0 0 0 0 15 0 0 0 0 
0 15 0 0 0 0 0 0 0 
0 0 0 0 0 0 0 0 0 

5935
0 0 0 0 0 0 0 0 0 
0 0 0 0 0 0 0 0 0 
0 0 15 0 0 0 0 0 0 
0 0 0 0 0 0 0 0 0 
0 0 0 0 0 0 0 0 0 
0 15 0 0 0 0 0 0 0 
0 0 0 0 0 0 0 0 0 
0 0 0 0 0 0 15 15 0 
0 0 11 0 0 0 0 0 0 
0 0 0 0 0 0 0 0 0 
0 0 0 0 0 0 0 0 0 

5935
0 0 0 0 0 0 0 0 0 
0 0 0 0 0 0 0 0 0 
0 0 0 0 15 0 0 0 0 
0 15 0 0 0 0 0 0 0 
0 0 0 0 0 0 0 0 0 
0 0 0 0 0 0 0 0 0 
0 0 0 0 0 0 0 0 0 
0 0 0 0 11 0 15 0 0 
0 0 0 0 0 0 0 0 0 
0 0 15 0 0 0 0 0 0 
0 0 0 0 0 0 0 0 0 

5935
0 0 0 0 0 0 0 0 0 
0 0 0 0 0 0 0 0 0 
0 0 15 0 0 0 0 0 0 
0 0 15 0 0 0 0 0 0 
0 0 0 0 0 0 0 0 0 
0 0 0 15 0 0 0 0 0 
0 0 0 0 0 0 0 0 0 
0 0 0 0 0 0 0 0 0 
0 0 11 0 0 15 0 0 0 
0 0 0 0 0 0 0 0 0 
0 0 0 0 0 0 0 0 0 

5935
0 0 0 0 0 0 0 0 0 
0 0 0 0 0 0 0 0 0 
0 0 0 0 15 0 0 0 0 
0 15 0 0 0 0 0 0 0 
0 0 0 0 0 0 0 0 0 
0 0 0 0 0 0 0 0 0 
0 0 0 0 0 0 0 0 0 
0 0 0 0 11 0 15 0 0 
0 0 0 0 0 0 0 0 0 
0 0 15 0 0 0 0 0 0 
0 0 0 0 0 0 0 0 0 

5935
0 0 0 0 0 0 0 0 0 
0 0 0 0 0 0 0 0 0 
0 0 15 0 0 0 0 0 0 
0 0 15 0 0 0 0 0 0 
0 0 0 0 0 0 0 0 0 
0 0 0 15 0 0 0 0 0 
0 0 0 0 0 0 0 0 0 
0 0 0 0 0 0 0 0 0 
0 0 11 0 0 15 0 0 0 
0 0 0 0 0 0 0 0 0 
0 0 0 0 0 0 0 0 0 

5937
0 0 0 0 0 0 0 0 0 
0 0 0 0 15 0 0 0 0 
0 0 0 0 0 0 15 0 0 
0 0 0 0 0 0 0 0 0 
0 0 0 0 0 0 13 0 0 
0 0 0 0 0 0 0 0 0 
0 0 0 0 0 0 0 0 0 
0 0 0 0 0 0 0 0 0 
0 0 0 15 0 0 0 0 0 
0 0 0 0 0 0 0 0 0 
0 0 0 0 0 0 0 0 0 

5926
0 0 0 0 0 0 0 0 0 
0 0 0 0 0 0 0 0 0 
0 0 15 0 0 0 0 0 0 
0 0 0 0 0 0 0 15 0 
0 0 0 0 0 0 0 0 0 
0 0 0 0 15 0 0 0 0 
0 0 0 0 0 0 0 0 0 
0 0 0 0 0 0 0 0 0 
0 0 0 0 0 0 0 0 0 
0 0 0 0 0 0 0 0 0 
0 0 0 0 0 0 0 0 0 

5910
0 0 0 0 0 0 0 0 0 
0 0 0 0 0 0 0 0 0 
0 0 0 0 0 0 15 0 0 
0 0 0 0 0 0 11 0 0 
0 0 0 0 0 0 11 0 0 
0 0 0 0 0 0 0 0 0 
0 0 0 0 0 0 11 0 0 
0 0 0 0 15 0 0 15 0 
0 0 15 0 0 0 0 0 0 
0 0 0 0 0 0 0 0 0 
0 0 0 0 0 0 0 0 0 

5910
0 0 0 0 0 0 0 0 0 
0 0 0 0 0 0 0 0 0 
0 0 0 0 0 0 15 0 0 
0 0 0 0 0 0 11 0 0 
0 0 0 0 0 0 11 0 0 
0 0 0 0 0 0 0 0 0 
0 0 0 0 0 0 11 0 0 
0 0 0 0 15 0 0 15 0 
0 0 15 0 0 0 0 0 0 
0 0 0 0 0 0 0 0 0 
0 0 0 0 0 0 0 0 0 

5910
0 0 0 0 0 0 0 0 0 
0 0 0 0 0 0 0 0 0 
0 0 0 0 0 0 15 0 0 
0 0 0 0 0 0 11 0 0 
0 0 0 0 0 0 11 0 0 
0 0 0 0 0 0 0 0 0 
0 0 0 0 0 0 11 0 0 
0 0 0 0 15 0 0 15 0 
0 0 15 0 0 0 0 0 0 
0 0 0 0 0 0 0 0 0 
0 0 0 0 0 0 0 0 0 

5937
0 0 0 0 0 0 0 0 0 
0 0 0 0 0 11 0 0 0 
0 0 0 0 15 0 0 0 0 
0 15 0 0 0 0 0 0 0 
0 0 0 0 0 0 0 0 0 
0 0 0 0 0 0 0 0 0 
0 0 0 0 0 0 0 0 0 
0 0 0 11 0 15 11 0 0 
0 0 0 0 0 0 0 0 0 
0 0 0 0 0 0 0 0 0 
0 0 0 0 0 0 0 0 0 

5937
0 0 0 0 0 0 0 0 0 
0 0 0 0 0 11 0 0 0 
0 0 0 0 15 0 0 0 0 
0 15 0 0 0 0 0 0 0 
0 0 0 0 0 0 0 0 0 
0 0 0 0 0 0 0 0 0 
0 0 0 0 0 0 0 0 0 
0 0 0 11 0 15 11 0 0 
0 0 0 0 0 0 0 0 0 
0 0 0 0 0 0 0 0 0 
0 0 0 0 0 0 0 0 0 

5937
0 0 0 0 0 0 0 0 0 
0 0 0 0 0 11 0 0 0 
0 0 0 0 15 0 0 0 0 
0 15 0 0 0 0 0 0 0 
0 0 0 0 0 0 0 0 0 
0 0 0 0 0 0 0 0 0 
0 0 0 0 0 0 0 0 0 
0 0 0 11 0 15 11 0 0 
0 0 0 0 0 0 0 0 0 
0 0 0 0 0 0 0 0 0 
0 0 0 0 0 0 0 0 0 

5934
0 0 0 0 0 0 0 0 0 
0 0 0 0 0 0 0 0 0 
0 0 0 0 0 0 0 0 0 
0 15 0 0 0 0 0 0 0 
0 0 0 0 0 0 0 0 0 
0 0 0 0 0 0 0 0 0 
0 0 0 0 0 0 0 15 0 
0 0 0 0 0 0 0 15 0 
0 0 15 0 0 0 0 0 0 
0 0 0 0 0 0 0 0 0 
0 0 0 0 0 0 0 0 0 

5926
0 0 0 0 0 0 0 0 0 
0 0 0 0 0 0 0 0 0 
0 0 15 0 0 0 0 0 0 
0 0 0 0 0 0 0 0 0 
0 0 0 0 0 0 0 15 0 
0 0 0 0 0 0 0 0 0 
0 0 0 0 0 0 0 15 0 
0 0 0 0 0 0 0 0 0 
0 0 0 0 0 0 0 0 0 
0 0 0 0 0 0 0 0 0 
0 0 0 0 0 0 0 0 0 

5935
0 0 0 0 0 0 0 0 0 
0 0 0 0 0 0 0 0 0 
0 0 0 0 0 0 15 0 0 
0 0 0 0 0 0 0 0 0 
0 11 0 0 0 0 15 0 0 
0 0 0 0 11 0 0 0 0 
0 0 0 0 0 15 0 0 0 
0 0 0 0 0 0 0 0 0 
0 0 0 0 0 0 0 0 0 
0 0 0 15 0 0 0 0 0 
0 0 0 0 0 0 0 0 0 

5935
0 0 0 0 0 0 0 0 0 
0 0 0 0 0 0 0 0 0 
0 0 0 0 0 0 0 0 0 
0 0 0 0 0 0 0 0 0 
0 0 0 0 0 0 0 15 0 
0 0 0 15 0 0 0 0 0 
0 0 0 0 11 0 0 0 0 
0 0 0 0 0 0 0 15 0 
0 0 15 0 0 0 0 0 0 
0 0 0 0 0 0 0 0 0 
0 0 0 0 0 0 0 0 0 

5926
0 0 0 0 0 0 0 0 0 
0 0 0 0 0 0 0 0 0 
0 0 0 0 0 0 15 0 0 
0 0 0 0 0 0 0 0 0 
0 0 0 0 0 0 0 0 0 
0 0 0 0 0 0 0 0 0 
0 0 0 0 0 0 0 0 0 
0 0 0 0 0 0 15 0 0 
0 0 0 0 0 0 0 0 0 
0 15 0 0 0 0 0 0 0 
0 0 0 0 0 0 0 0 0 

5908
0 0 0 0 0 0 0 0 0 
0 0 0 0 0 0 0 0 0 
0 0 15 0 0 11 0 0 0 
0 0 0 0 0 0 11 0 0 
0 0 0 0 0 0 11 0 0 
0 0 0 0 0 0 0 0 0 
0 0 15 0 0 0 0 0 0 
0 0 0 0 0 0 0 0 0 
0 0 0 0 15 0 0 0 0 
0 11 0 11 0 0 0 0 0 
0 0 0 0 0 0 0 0 0 

5908
0 0 0 0 0 0 0 0 0 
0 0 0 0 0 0 0 0 0 
0 0 15 0 0 11 0 0 0 
0 0 0 0 0 0 11 0 0 
0 0 0 0 0 0 11 0 0 
0 0 0 0 0 0 0 0 0 
0 0 15 0 0 0 0 0 0 
0 0 0 0 0 0 0 0 0 
0 0 0 0 15 0 0 0 0 
0 11 0 11 0 0 0 0 0 
0 0 0 0 0 0 0 0 0 

5934
0 0 0 0 0 0 0 0 0 
0 0 0 0 0 0 0 0 0 
0 0 0 0 0 0 0 0 0 
0 0 0 0 0 0 0 0 0 
0 0 0 0 0 0 0 15 0 
0 0 0 15 0 0 0 0 0 
0 0 0 0 0 0 0 0 0 
0 0 0 0 0 0 0 0 0 
0 0 15 0 0 0 0 0 0 
0 0 15 0 0 0 0 0 0 
0 0 0 0 0 0 0 0 0 

5934
0 0 0 0 0 0 0 0 0 
0 0 0 0 0 0 0 0 0 
0 0 0 0 0 0 0 0 0 
0 0 0 0 0 0 0 0 0 
0 0 0 0 0 0 0 15 0 
0 0 0 15 0 0 0 0 0 
0 0 0 0 0 0 0 0 0 
0 0 0 0 0 0 0 0 0 
0 0 15 0 0 0 0 0 0 
0 0 15 0 0 0 0 0 0 
0 0 0 0 0 0 0 0 0 

5934
0 0 0 0 0 0 0 0 0 
0 0 0 0 0 0 0 0 0 
0 0 0 0 0 0 0 0 0 
0 0 0 0 0 0 0 0 0 
0 0 0 0 0 0 0 15 0 
0 0 0 15 0 0 0 0 0 
0 0 0 0 0 0 0 0 0 
0 0 0 0 0 0 0 0 0 
0 0 15 0 0 0 0 0 0 
0 0 15 0 0 0 0 0 0 
0 0 0 0 0 0 0 0 0 

5926
0 0 0 0 0 0 0 0 0 
0 0 0 0 0 0 0 0 0 
0 0 0 0 0 0 0 0 0 
0 0 0 0 0 0 15 0 0 
0 15 0 0 0 0 0 0 0 
0 0 0 0 0 0 0 0 0 
0 0 0 0 0 0 0 0 0 
0 0 0 0 0 0 0 0 0 
0 0 15 0 0 0 0 0 0 
0 0 0 0 0 0 0 0 0 
0 0 0 0 0 0 0 0 0 

5918
0 0 0 0 0 0 0 0 0 
0 0 0 0 0 0 0 0 0 
0 0 15 0 0 11 0 0 0 
0 0 14 0 0 0 11 0 0 
0 0 0 0 0 0 15 0 0 
0 0 0 0 0 0 0 0 0 
0 0 0 0 0 0 0 0 0 
0 0 0 0 11 0 0 0 0 
0 0 15 0 0 0 0 0 0 
0 0 0 0 0 0 0 0 0 
0 0 0 0 0 0 0 0 0 

5937
0 0 0 0 0 0 0 0 0 
0 0 0 0 15 0 0 0 0 
0 0 0 0 0 0 0 0 0 
0 0 0 0 0 0 0 0 0 
0 0 0 0 0 0 0 0 0 
0 0 0 0 0 0 0 0 0 
0 0 0 0 0 0 0 0 0 
0 0 0 15 0 0 0 0 0 
0 0 0 0 15 0 0 0 0 
0 0 15 0 0 0 0 0 0 
0 0 0 0 0 0 0 0 0 

5936
0 0 0 0 0 0 0 0 0 
0 0 0 0 15 0 0 0 0 
0 0 0 0 0 0 15 0 0 
0 0 0 0 0 0 0 0 0 
0 0 0 0 0 0 0 0 0 
0 0 0 0 0 0 0 0 0 
0 0 15 0 0 0 0 0 0 
0 0 0 0 14 0 0 0 0 
0 0 0 11 0 0 0 0 0 
0 0 0 0 0 0 0 0 0 
0 0 0 0 0 0 0 0 0 

5936
0 0 0 0 0 0 0 0 0 
0 0 0 0 15 0 0 0 0 
0 0 0 0 0 0 15 0 0 
0 0 0 0 0 0 0 0 0 
0 0 0 0 0 0 0 0 0 
0 0 0 0 0 0 0 0 0 
0 0 15 0 0 0 0 0 0 
0 0 0 0 14 0 0 0 0 
0 0 0 11 0 0 0 0 0 
0 0 0 0 0 0 0 0 0 
0 0 0 0 0 0 0 0 0 

5936
0 0 0 0 0 0 0 0 0 
0 0 0 0 15 0 0 0 0 
0 0 0 0 0 0 15 0 0 
0 0 0 0 0 0 0 0 0 
0 0 0 0 0 0 0 0 0 
0 0 0 0 0 0 0 0 0 
0 0 15 0 0 0 0 0 0 
0 0 0 0 14 0 0 0 0 
0 0 0 11 0 0 0 0 0 
0 0 0 0 0 0 0 0 0 
0 0 0 0 0 0 0 0 0 

5934
0 0 0 0 0 0 0 0 0 
0 0 0 0 0 0 0 0 0 
0 0 15 0 0 0 0 0 0 
0 0 0 0 0 0 0 0 0 
0 0 0 0 0 0 0 0 0 
0 15 0 0 0 0 0 0 0 
0 0 0 0 0 0 0 0 0 
0 0 0 0 15 0 0 0 0 
0 0 0 0 0 0 0 0 0 
0 0 15 0 0 0 0 0 0 
0 0 0 0 0 0 0 0 0 

5935
0 0 0 0 0 0 0 0 0 
0 0 0 0 0 0 0 0 0 
0 0 0 0 0 0 0 0 0 
0 0 15 0 0 0 0 0 0 
0 0 0 0 0 0 0 0 0 
0 0 0 0 0 0 0 0 0 
0 0 0 0 11 0 0 0 0 
0 0 0 0 0 15 0 15 0 
0 0 15 0 0 0 0 0 0 
0 0 0 0 0 0 0 0 0 
0 0 0 0 0 0 0 0 0 

5935
0 0 0 0 0 0 0 0 0 
0 0 0 0 0 0 0 0 0 
0 0 0 0 0 0 0 0 0 
0 0 15 0 0 0 0 0 0 
0 0 0 0 0 0 0 0 0 
0 0 0 0 0 0 0 0 0 
0 0 0 0 11 0 0 0 0 
0 0 0 0 0 15 0 15 0 
0 0 15 0 0 0 0 0 0 
0 0 0 0 0 0 0 0 0 
0 0 0 0 0 0 0 0 0 

5935
0 0 0 0 0 0 0 0 0 
0 0 0 0 0 0 0 0 0 
0 0 0 0 0 0 0 0 0 
0 0 15 0 0 0 0 0 0 
0 0 0 0 0 0 0 0 0 
0 0 0 0 0 0 0 0 0 
0 0 0 0 11 0 0 0 0 
0 0 0 0 0 15 0 15 0 
0 0 15 0 0 0 0 0 0 
0 0 0 0 0 0 0 0 0 
0 0 0 0 0 0 0 0 0 

5935
0 0 0 0 0 0 0 0 0 
0 0 0 0 0 0 0 0 0 
0 0 0 0 0 0 0 0 0 
0 0 0 0 0 0 0 0 0 
0 0 0 0 0 0 15 14 0 
0 0 0 0 0 0 0 0 0 
0 0 15 0 0 0 0 0 0 
0 0 0 0 15 0 0 0 0 
0 0 0 0 0 0 0 0 0 
0 0 0 0 0 0 0 0 0 
0 0 0 0 0 0 0 0 0 

5934
0 0 0 0 0 0 0 0 0 
0 0 0 0 0 0 0 0 0 
0 0 0 0 0 0 0 0 0 
0 0 15 0 0 0 0 0 0 
0 0 0 0 0 0 0 0 0 
0 0 0 0 0 0 0 0 0 
0 0 0 0 15 0 0 0 0 
0 0 0 0 0 15 0 0 0 
0 0 0 0 0 0 0 0 0 
0 0 15 0 0 0 0 0 0 
0 0 0 0 0 0 0 0 0 

5943
0 0 0 0 0 0 0 0 0 
0 0 0 0 0 0 0 0 0 
0 0 15 0 0 0 15 0 0 
0 0 0 0 0 0 0 0 0 
0 0 0 11 0 0 0 0 0 
0 0 0 0 0 0 0 0 0 
0 0 0 0 0 0 0 0 0 
0 0 0 0 0 0 15 0 0 
0 0 11 0 0 0 0 0 0 
0 0 0 0 0 0 11 0 0 
0 0 0 0 0 0 0 0 0 

5937
0 0 0 0 0 0 0 0 0 
0 0 0 0 15 0 0 0 0 
0 0 0 0 0 0 0 0 0 
0 0 0 0 0 0 0 0 0 
0 0 0 0 0 0 0 0 0 
0 0 0 0 0 0 0 0 0 
0 0 0 0 0 0 0 0 0 
0 0 0 0 0 0 0 0 0 
0 0 15 0 15 0 15 0 0 
0 0 0 0 0 0 0 0 0 
0 0 0 0 0 0 0 0 0 

5937
0 0 0 0 0 0 0 0 0 
0 0 0 0 15 0 0 0 0 
0 0 0 0 0 0 0 0 0 
0 0 0 0 0 0 0 0 0 
0 0 0 0 0 0 0 0 0 
0 0 0 0 0 0 0 0 0 
0 0 0 0 0 0 0 0 0 
0 0 0 0 0 0 0 0 0 
0 0 15 0 15 0 15 0 0 
0 0 0 0 0 0 0 0 0 
0 0 0 0 0 0 0 0 0 

5937
0 0 0 0 0 0 0 0 0 
0 0 0 0 15 0 0 0 0 
0 0 0 0 0 0 0 0 0 
0 0 0 0 0 0 0 0 0 
0 0 0 0 0 0 0 0 0 
0 0 0 0 0 0 0 0 0 
0 0 0 0 0 0 0 0 0 
0 0 0 0 0 0 0 0 0 
0 0 15 0 15 0 15 0 0 
0 0 0 0 0 0 0 0 0 
0 0 0 0 0 0 0 0 0 

5931
0 0 0 0 0 0 0 0 0 
0 0 0 0 15 0 0 0 0 
0 0 15 0 0 0 0 0 0 
0 0 12 0 0 0 0 0 0 
0 0 0 0 0 0 0 0 0 
0 0 0 0 0 0 0 0 0 
0 0 0 0 0 0 0 0 0 
0 0 0 0 0 0 0 0 0 
0 0 15 0 0 0 0 0 0 
0 0 0 0 0 15 0 0 0 
0 0 0 0 0 0 0 0 0 

5938
0 0 0 0 0 0 0 0 0 
0 0 0 0 0 0 0 0 0 
0 0 15 0 0 0 15 0 0 
0 0 0 0 0 0 0 15 0 
0 0 0 0 0 0 0 0 0 
0 0 0 0 0 0 0 0 0 
0 0 11 0 0 0 0 0 0 
0 0 0 0 0 0 0 0 0 
0 0 0 0 0 0 0 0 0 
0 0 0 11 0 0 0 0 0 
0 0 0 0 0 0 0 0 0 

5938
0 0 0 0 0 0 0 0 0 
0 0 0 0 0 0 0 0 0 
0 0 15 0 0 0 15 0 0 
0 0 0 0 0 0 0 15 0 
0 0 0 0 0 0 0 0 0 
0 0 0 0 0 0 0 0 0 
0 0 11 0 0 0 0 0 0 
0 0 0 0 0 0 0 0 0 
0 0 0 0 0 0 0 0 0 
0 0 0 11 0 0 0 0 0 
0 0 0 0 0 0 0 0 0 

5938
0 0 0 0 0 0 0 0 0 
0 0 0 0 0 0 0 0 0 
0 0 15 0 0 0 15 0 0 
0 0 0 0 0 0 0 15 0 
0 0 0 0 0 0 0 0 0 
0 0 0 0 0 0 0 0 0 
0 0 11 0 0 0 0 0 0 
0 0 0 0 0 0 0 0 0 
0 0 0 0 0 0 0 0 0 
0 0 0 11 0 0 0 0 0 
0 0 0 0 0 0 0 0 0 

5934
0 0 0 0 0 0 0 0 0 
0 0 0 0 0 0 0 0 0 
0 0 15 0 0 0 0 0 0 
0 0 0 15 0 0 0 0 0 
0 0 0 0 0 0 0 0 0 
0 0 0 0 0 0 0 0 0 
0 0 11 0 0 0 0 0 0 
0 0 0 0 0 0 0 0 0 
0 0 15 0 0 0 0 0 0 
0 0 0 0 0 15 0 0 0 
0 0 0 0 0 0 0 0 0 

5934
0 0 0 0 0 0 0 0 0 
0 0 0 0 0 0 0 0 0 
0 0 15 0 0 0 0 0 0 
0 0 0 15 0 0 0 0 0 
0 0 0 0 0 0 0 0 0 
0 0 0 0 0 0 0 0 0 
0 0 11 0 0 0 0 0 0 
0 0 0 0 0 0 0 0 0 
0 0 15 0 0 0 0 0 0 
0 0 0 0 0 15 0 0 0 
0 0 0 0 0 0 0 0 0 

5939
0 0 0 0 0 0 0 0 0 
0 0 0 0 0 0 0 0 0 
0 0 0 0 0 0 0 0 0 
0 0 0 0 0 0 0 0 0 
0 0 0 0 0 0 0 0 0 
0 0 0 13 0 0 0 0 0 
0 0 0 0 15 0 0 0 0 
0 0 0 15 0 0 0 11 0 
0 0 0 0 15 11 0 0 0 
0 0 0 0 0 0 0 0 0 
0 0 0 0 0 0 0 0 0 

5939
0 0 0 0 0 0 0 0 0 
0 0 0 0 0 0 0 0 0 
0 0 0 0 0 0 0 0 0 
0 0 0 0 0 0 0 0 0 
0 0 0 0 0 0 0 0 0 
0 0 0 13 0 0 0 0 0 
0 0 0 0 15 0 0 0 0 
0 0 0 15 0 0 0 11 0 
0 0 0 0 15 11 0 0 0 
0 0 0 0 0 0 0 0 0 
0 0 0 0 0 0 0 0 0 

5939
0 0 0 0 0 0 0 0 0 
0 0 0 0 0 0 0 0 0 
0 0 0 0 0 0 0 0 0 
0 0 0 0 0 0 0 0 0 
0 0 0 0 0 0 0 0 0 
0 0 0 13 0 0 0 0 0 
0 0 0 0 15 0 0 0 0 
0 0 0 15 0 0 0 11 0 
0 0 0 0 15 11 0 0 0 
0 0 0 0 0 0 0 0 0 
0 0 0 0 0 0 0 0 0 

5929
0 0 0 0 0 0 0 0 0 
0 0 0 0 15 0 0 11 0 
0 0 0 0 0 0 11 0 0 
0 0 0 0 0 0 0 11 0 
0 15 0 0 0 0 11 0 0 
0 0 0 0 0 0 0 0 0 
0 0 0 0 0 0 0 0 0 
0 0 0 0 0 0 0 0 0 
0 0 0 0 15 0 15 0 0 
0 0 0 0 0 0 0 0 0 
0 0 0 0 0 0 0 0 0 

5926
0 0 0 0 0 0 0 0 0 
0 0 0 0 0 0 0 0 0 
0 0 15 0 0 0 0 0 0 
0 0 0 0 0 0 0 0 0 
0 15 0 0 0 0 0 0 0 
0 0 0 0 0 0 0 0 0 
0 0 0 0 0 0 0 0 0 
0 0 0 15 0 0 0 0 0 
0 0 0 0 0 0 0 0 0 
0 0 0 0 0 0 0 0 0 
0 0 0 0 0 0 0 0 0 

5941
0 0 0 0 0 0 0 0 0 
0 0 0 0 0 0 0 0 0 
0 0 15 0 0 0 0 0 0 
0 0 0 0 0 0 0 0 0 
0 0 0 0 0 0 0 0 0 
0 0 0 0 0 0 0 0 0 
0 0 11 0 0 0 0 15 0 
0 0 0 11 0 0 0 0 0 
0 0 0 15 0 0 11 0 0 
0 0 0 0 0 0 0 0 0 
0 0 0 0 0 0 0 0 0 

5938
0 0 0 0 0 0 0 0 0 
0 0 0 0 0 0 0 0 0 
0 0 0 0 0 0 0 0 0 
0 0 0 0 0 0 0 0 0 
0 0 0 0 0 0 15 0 0 
0 0 0 0 0 0 0 0 0 
0 0 0 0 0 0 0 0 0 
0 0 0 0 0 15 15 0 0 
0 0 0 0 0 0 0 0 0 
0 11 0 11 0 0 0 0 0 
0 0 0 0 0 0 0 0 0 

5937
0 0 0 0 0 0 0 0 0 
0 0 0 0 15 0 0 0 0 
0 0 0 0 0 0 0 0 0 
0 0 0 0 0 0 0 0 0 
0 0 0 0 0 0 0 0 0 
0 15 0 0 0 0 0 0 0 
0 0 0 0 0 0 0 0 0 
0 0 0 0 0 0 0 15 0 
0 0 0 0 15 0 0 0 0 
0 0 0 0 0 0 0 0 0 
0 0 0 0 0 0 0 0 0 

5934
0 0 0 0 0 0 0 0 0 
0 0 0 0 0 0 0 0 0 
0 0 0 0 0 0 0 0 0 
0 0 0 15 0 0 0 0 0 
0 0 0 0 0 0 0 0 0 
0 0 0 0 0 0 0 0 0 
0 0 15 0 0 0 0 0 0 
0 0 0 0 0 0 0 0 0 
0 0 15 0 0 0 0 0 0 
0 0 0 15 0 0 0 0 0 
0 0 0 0 0 0 0 0 0 

5934
0 0 0 0 0 0 0 0 0 
0 0 0 0 0 0 0 0 0 
0 0 0 0 0 0 0 0 0 
0 0 0 15 0 0 0 0 0 
0 0 0 0 0 0 0 0 0 
0 0 0 0 0 0 0 0 0 
0 0 15 0 0 0 0 0 0 
0 0 0 0 0 0 0 0 0 
0 0 15 0 0 0 0 0 0 
0 0 0 15 0 0 0 0 0 
0 0 0 0 0 0 0 0 0 

5937
0 0 0 0 0 0 0 0 0 
0 0 0 0 15 0 0 0 0 
0 0 15 0 0 0 0 0 0 
0 0 0 0 0 0 0 0 0 
0 0 0 0 0 0 0 0 0 
0 0 0 0 0 0 0 0 0 
0 0 0 0 0 0 0 0 0 
0 0 0 0 0 0 0 0 0 
0 0 0 0 15 0 0 0 0 
0 0 0 15 0 0 0 0 0 
0 0 0 0 0 0 0 0 0 

5936
0 0 0 0 0 0 0 0 0 
0 0 0 0 0 0 0 0 0 
0 0 0 0 0 0 0 0 0 
0 0 0 0 0 0 0 0 0 
0 0 0 0 0 0 0 15 0 
0 0 0 14 0 0 0 0 0 
0 0 0 0 0 0 0 15 0 
0 0 0 0 0 15 0 0 0 
0 0 0 11 0 0 0 0 0 
0 0 0 0 0 0 0 0 0 
0 0 0 0 0 0 0 0 0 

5934
0 0 0 0 0 0 0 0 0 
0 0 0 0 0 0 0 0 0 
0 0 15 0 0 0 15 0 0 
0 0 0 0 0 0 0 0 0 
0 0 0 0 0 0 15 0 0 
0 0 0 0 0 0 0 0 0 
0 0 0 0 0 0 0 0 0 
0 0 0 0 0 0 0 0 0 
0 0 0 0 0 0 15 0 0 
0 0 0 0 0 0 0 0 0 
0 0 0 0 0 0 0 0 0 

5934
0 0 0 0 0 0 0 0 0 
0 0 0 0 0 0 0 0 0 
0 0 15 0 0 0 15 0 0 
0 0 0 0 0 0 0 0 0 
0 0 0 0 0 0 15 0 0 
0 0 0 0 0 0 0 0 0 
0 0 0 0 0 0 0 0 0 
0 0 0 0 0 0 0 0 0 
0 0 0 0 0 0 15 0 0 
0 0 0 0 0 0 0 0 0 
0 0 0 0 0 0 0 0 0 

5934
0 0 0 0 0 0 0 0 0 
0 0 0 0 0 0 0 0 0 
0 0 15 0 0 0 15 0 0 
0 0 0 0 0 0 0 0 0 
0 0 0 0 0 0 15 0 0 
0 0 0 0 0 0 0 0 0 
0 0 0 0 0 0 0 0 0 
0 0 0 0 0 0 0 0 0 
0 0 0 0 0 0 15 0 0 
0 0 0 0 0 0 0 0 0 
0 0 0 0 0 0 0 0 0 

5940
0 0 0 0 0 0 0 0 0 
0 0 0 0 0 0 0 0 0 
0 0 15 0 0 0 15 0 0 
0 0 0 0 0 0 0 0 0 
0 0 0 0 0 0 0 0 0 
0 0 0 0 0 0 0 0 0 
0 0 0 0 13 0 0 0 0 
0 0 0 0 0 11 0 0 0 
0 0 0 0 15 0 0 0 0 
0 0 0 0 0 11 0 0 0 
0 0 0 0 0 0 0 0 0 

5940
0 0 0 0 0 0 0 0 0 
0 0 0 0 0 0 0 0 0 
0 0 15 0 0 0 15 0 0 
0 0 0 0 0 0 0 0 0 
0 0 0 0 0 0 0 0 0 
0 0 0 0 0 0 0 0 0 
0 0 0 0 13 0 0 0 0 
0 0 0 0 0 11 0 0 0 
0 0 0 0 15 0 0 0 0 
0 0 0 0 0 11 0 0 0 
0 0 0 0 0 0 0 0 0 

5940
0 0 0 0 0 0 0 0 0 
0 0 0 0 0 0 0 0 0 
0 0 15 0 0 0 15 0 0 
0 0 0 0 0 0 0 0 0 
0 0 0 0 0 0 0 0 0 
0 0 0 0 0 0 0 0 0 
0 0 0 0 13 0 0 0 0 
0 0 0 0 0 11 0 0 0 
0 0 0 0 15 0 0 0 0 
0 0 0 0 0 11 0 0 0 
0 0 0 0 0 0 0 0 0 

5938
0 0 0 0 0 0 0 0 0 
0 0 0 0 0 0 0 0 0 
0 0 0 0 0 0 0 0 0 
0 0 0 0 0 0 0 15 0 
0 0 0 0 0 0 0 0 0 
0 0 0 0 11 0 0 0 0 
0 0 0 0 15 0 0 0 0 
0 0 0 0 0 0 15 0 0 
0 0 11 0 0 0 0 0 0 
0 0 0 0 0 0 0 0 0 
0 0 0 0 0 0 0 0 0 

5934
0 0 0 0 0 0 0 0 0 
0 0 0 0 0 0 0 0 0 
0 0 15 0 0 0 0 0 0 
0 0 0 0 0 0 0 0 0 
0 0 0 0 0 0 0 15 0 
0 0 0 0 11 0 0 0 0 
0 0 0 0 0 0 0 0 0 
0 0 0 0 0 0 0 0 0 
0 0 15 0 0 0 0 0 0 
0 0 0 0 0 15 0 0 0 
0 0 0 0 0 0 0 0 0 

5938
0 0 0 0 0 0 0 0 0 
0 0 0 0 0 0 0 0 0 
0 0 0 0 15 0 0 0 0 
0 0 0 15 0 0 0 0 0 
0 0 0 0 0 0 0 0 0 
0 0 0 15 0 0 0 0 0 
0 0 0 0 0 0 0 0 0 
0 0 0 0 0 0 0 0 0 
0 0 11 0 0 0 0 0 0 
0 0 11 0 0 0 0 0 0 
0 0 0 0 0 0 0 0 0 

5937
0 0 0 0 0 0 0 0 0 
0 0 0 0 15 0 0 0 0 
0 0 0 0 0 0 0 0 0 
0 0 0 0 0 0 0 0 0 
0 0 0 15 0 0 0 0 0 
0 0 0 0 0 0 0 0 0 
0 0 0 0 0 0 0 0 0 
0 0 0 0 15 0 0 0 0 
0 0 0 0 0 15 0 0 0 
0 0 0 0 0 0 0 0 0 
0 0 0 0 0 0 0 0 0 

5932
0 0 0 0 0 0 0 0 0 
0 0 0 0 15 0 0 0 0 
0 0 0 0 0 0 0 0 0 
0 0 0 0 0 0 0 15 0 
0 0 0 0 0 0 0 0 0 
0 0 0 0 0 0 0 0 0 
0 0 0 0 0 0 0 0 0 
0 0 0 11 0 0 0 0 0 
0 0 11 0 15 0 0 0 0 
0 11 0 15 0 0 0 0 0 
0 0 0 0 0 0 0 0 0 

5926
0 0 0 0 0 0 0 0 0 
0 0 0 0 0 0 0 0 0 
0 0 15 0 0 0 0 0 0 
0 0 0 0 0 0 0 0 0 
0 0 0 0 0 0 0 0 0 
0 0 0 0 0 0 0 0 0 
0 0 15 0 0 0 0 0 0 
0 0 0 0 0 0 15 0 0 
0 0 0 0 0 0 0 0 0 
0 0 0 0 0 0 0 0 0 
0 0 0 0 0 0 0 0 0 

5926
0 0 0 0 0 0 0 0 0 
0 0 0 0 0 0 0 0 0 
0 0 0 0 0 0 0 0 0 
0 0 0 0 0 0 0 0 0 
0 0 0 0 0 0 0 0 0 
0 0 0 0 0 0 0 0 0 
0 0 0 0 0 0 0 15 0 
0 0 0 0 15 0 0 0 0 
0 0 15 0 0 0 0 0 0 
0 0 0 0 0 0 0 0 0 
0 0 0 0 0 0 0 0 0 

5935
0 0 0 0 0 0 0 0 0 
0 0 0 0 0 0 0 0 0 
0 0 15 0 0 0 0 0 0 
0 0 0 0 0 0 0 15 0 
0 0 0 0 0 0 0 0 0 
0 0 0 0 0 0 0 0 0 
0 0 0 0 0 0 0 0 0 
0 0 0 0 0 0 0 0 0 
0 0 15 0 0 0 0 0 0 
0 0 15 0 0 0 0 0 0 
0 0 0 0 0 0 0 0 0 

5935
0 0 0 0 0 0 0 0 0 
0 0 0 0 0 0 0 0 0 
0 0 15 0 0 0 0 0 0 
0 0 0 0 0 0 0 15 0 
0 0 0 0 0 0 0 0 0 
0 0 0 0 0 0 0 0 0 
0 0 0 0 0 0 0 0 0 
0 0 0 0 0 0 0 0 0 
0 0 15 0 0 0 0 0 0 
0 0 15 0 0 0 0 0 0 
0 0 0 0 0 0 0 0 0 

5935
0 0 0 0 0 0 0 0 0 
0 0 0 0 0 0 0 0 0 
0 0 15 0 0 0 0 0 0 
0 0 0 0 0 0 0 15 0 
0 0 0 0 0 0 0 0 0 
0 0 0 0 0 0 0 0 0 
0 0 0 0 0 0 0 0 0 
0 0 0 0 0 0 0 0 0 
0 0 15 0 0 0 0 0 0 
0 0 15 0 0 0 0 0 0 
0 0 0 0 0 0 0 0 0 

5934
0 0 0 0 0 0 0 0 0 
0 0 0 0 0 0 0 0 0 
0 0 0 0 0 0 0 0 0 
0 0 0 0 0 0 0 0 0 
0 0 0 0 0 0 0 0 0 
0 0 0 15 0 0 0 0 0 
0 0 0 0 15 0 0 0 0 
0 0 0 0 0 0 0 0 0 
0 0 15 0 0 0 0 0 0 
0 0 15 0 0 0 0 0 0 
0 0 0 0 0 0 0 0 0 

5934
0 0 0 0 0 0 0 0 0 
0 0 0 0 0 0 0 0 0 
0 0 0 0 0 0 0 0 0 
0 0 0 0 0 0 0 0 0 
0 0 0 0 0 0 0 0 0 
0 0 0 15 0 0 0 0 0 
0 0 0 0 15 0 0 0 0 
0 0 0 0 0 0 0 0 0 
0 0 15 0 0 0 0 0 0 
0 0 15 0 0 0 0 0 0 
0 0 0 0 0 0 0 0 0 

5940
0 0 0 0 0 0 0 0 0 
0 0 0 0 0 0 0 0 0 
0 0 0 0 0 0 15 0 0 
0 0 0 0 0 0 0 0 0 
0 15 0 0 0 0 0 0 0 
0 0 11 0 0 0 0 0 0 
0 0 0 0 0 0 0 15 0 
0 0 0 0 0 11 0 0 0 
0 0 0 0 0 11 0 0 0 
0 0 0 0 0 0 0 0 0 
0 0 0 0 0 0 0 0 0 

5937
0 0 0 0 0 0 0 0 0 
0 0 0 0 15 0 0 0 0 
0 0 0 0 0 0 0 0 0 
0 0 0 0 0 0 0 0 0 
0 0 0 15 0 0 0 15 0 
0 0 0 0 0 0 0 0 0 
0 0 0 0 0 0 0 0 0 
0 0 0 0 0 0 0 0 0 
0 0 0 0 11 15 0 0 0 
0 0 0 0 0 0 0 0 0 
0 0 0 0 0 0 0 0 0 

5937
0 0 0 0 0 0 0 0 0 
0 0 0 0 15 0 0 0 0 
0 0 0 0 0 0 0 0 0 
0 0 0 0 0 0 0 0 0 
0 0 0 15 0 0 0 15 0 
0 0 0 0 0 0 0 0 0 
0 0 0 0 0 0 0 0 0 
0 0 0 0 0 0 0 0 0 
0 0 0 0 11 15 0 0 0 
0 0 0 0 0 0 0 0 0 
0 0 0 0 0 0 0 0 0 

5937
0 0 0 0 0 0 0 0 0 
0 0 0 0 15 0 0 0 0 
0 0 0 0 0 0 0 0 0 
0 0 0 0 0 0 0 0 0 
0 0 0 15 0 0 0 15 0 
0 0 0 0 0 0 0 0 0 
0 0 0 0 0 0 0 0 0 
0 0 0 0 0 0 0 0 0 
0 0 0 0 11 15 0 0 0 
0 0 0 0 0 0 0 0 0 
0 0 0 0 0 0 0 0 0 

5935
0 0 0 0 0 0 0 0 0 
0 0 0 0 0 0 0 0 0 
0 0 0 0 0 0 0 0 0 
0 0 0 0 0 0 0 0 0 
0 0 0 0 0 0 0 0 0 
0 0 0 0 15 0 0 0 0 
0 0 0 0 11 0 0 15 0 
0 0 0 0 0 0 0 0 0 
0 0 15 0 0 0 0 0 0 
0 0 0 15 0 0 0 0 0 
0 0 0 0 0 0 0 0 0 

5938
0 0 0 0 0 0 0 0 0 
0 0 0 0 0 0 0 0 0 
0 0 0 0 0 0 0 0 0 
0 0 0 0 0 0 15 0 0 
0 0 0 0 0 0 0 0 0 
0 0 0 15 0 0 0 0 0 
0 0 0 0 13 15 0 0 0 
0 0 0 0 0 0 0 0 0 
0 0 0 0 0 0 0 11 0 
0 0 0 0 0 0 0 0 0 
0 0 0 0 0 0 0 0 0 

5938
0 0 0 0 0 0 0 0 0 
0 0 0 0 0 0 0 0 0 
0 0 0 0 0 0 0 0 0 
0 0 0 0 0 0 15 0 0 
0 0 0 0 0 0 0 0 0 
0 0 0 15 0 0 0 0 0 
0 0 0 0 13 15 0 0 0 
0 0 0 0 0 0 0 0 0 
0 0 0 0 0 0 0 11 0 
0 0 0 0 0 0 0 0 0 
0 0 0 0 0 0 0 0 0 

5938
0 0 0 0 0 0 0 0 0 
0 0 0 0 0 0 0 0 0 
0 0 0 0 0 0 0 0 0 
0 0 0 0 0 0 15 0 0 
0 0 0 0 0 0 0 0 0 
0 0 0 15 0 0 0 0 0 
0 0 0 0 13 15 0 0 0 
0 0 0 0 0 0 0 0 0 
0 0 0 0 0 0 0 11 0 
0 0 0 0 0 0 0 0 0 
0 0 0 0 0 0 0 0 0 

5937
0 0 0 0 0 0 0 0 0 
0 0 0 0 15 0 0 0 0 
0 0 0 0 0 0 0 0 0 
0 0 0 0 0 0 0 0 0 
0 0 0 0 0 0 15 0 0 
0 0 0 0 0 0 0 0 0 
0 0 0 0 0 0 0 0 0 
0 0 0 0 0 0 0 0 0 
0 0 0 0 15 15 0 0 0 
0 0 0 0 0 0 0 0 0 
0 0 0 0 0 0 0 0 0 

5927
0 0 0 0 0 0 0 0 0 
0 0 0 0 15 0 0 0 0 
0 0 0 0 0 0 0 0 0 
0 0 0 0 0 0 0 0 0 
0 0 0 0 0 0 11 0 0 
0 0 0 0 0 0 0 0 0 
0 0 0 0 0 0 0 15 0 
0 0 0 0 0 0 0 15 0 
0 0 0 0 15 0 0 0 0 
0 0 0 0 0 0 0 0 0 
0 0 0 0 0 0 0 0 0 

5941
0 0 0 0 0 0 0 0 0 
0 0 0 0 11 0 0 0 0 
0 0 0 0 0 0 15 0 0 
0 0 15 0 0 0 0 0 0 
0 0 0 0 0 0 0 0 0 
0 0 0 0 0 0 0 0 0 
0 0 11 0 0 0 0 0 0 
0 0 0 0 0 15 0 0 0 
0 0 0 0 0 0 0 0 0 
0 11 0 0 0 11 0 0 0 
0 0 0 0 0 0 0 0 0 

5941
0 0 0 0 0 0 0 0 0 
0 0 0 0 11 0 0 0 0 
0 0 0 0 0 0 15 0 0 
0 0 15 0 0 0 0 0 0 
0 0 0 0 0 0 0 0 0 
0 0 0 0 0 0 0 0 0 
0 0 11 0 0 0 0 0 0 
0 0 0 0 0 15 0 0 0 
0 0 0 0 0 0 0 0 0 
0 11 0 0 0 11 0 0 0 
0 0 0 0 0 0 0 0 0 

5941
0 0 0 0 0 0 0 0 0 
0 0 0 0 11 0 0 0 0 
0 0 0 0 0 0 15 0 0 
0 0 15 0 0 0 0 0 0 
0 0 0 0 0 0 0 0 0 
0 0 0 0 0 0 0 0 0 
0 0 11 0 0 0 0 0 0 
0 0 0 0 0 15 0 0 0 
0 0 0 0 0 0 0 0 0 
0 11 0 0 0 11 0 0 0 
0 0 0 0 0 0 0 0 0 

5939
0 0 0 0 0 0 0 0 0 
0 0 0 0 15 0 0 0 0 
0 0 0 0 0 0 0 0 0 
0 0 0 0 0 0 0 0 0 
0 15 0 0 0 0 13 0 0 
0 0 0 0 0 0 0 0 0 
0 0 0 0 0 0 0 0 0 
0 0 0 0 0 0 0 0 0 
0 0 0 0 15 0 0 0 0 
0 0 0 0 0 11 0 0 0 
0 0 0 0 0 0 0 0 0 

5935
0 0 0 0 0 0 0 0 0 
0 0 0 0 0 0 0 0 0 
0 0 15 0 0 0 0 0 0 
0 0 0 0 0 0 0 15 0 
0 0 0 0 0 0 0 0 0 
0 0 15 0 0 0 0 0 0 
0 0 0 0 0 0 0 0 0 
0 0 0 11 0 0 0 0 0 
0 0 0 0 0 0 0 0 0 
0 0 0 15 0 0 0 0 0 
0 0 0 0 0 0 0 0 0 

5937
0 0 0 0 0 0 0 0 0 
0 0 0 0 15 0 0 0 0 
0 0 15 0 0 0 0 0 0 
0 0 0 0 0 0 0 0 0 
0 0 0 0 0 0 0 0 0 
0 0 0 0 0 0 0 0 0 
0 0 0 0 0 0 0 0 0 
0 0 0 11 0 0 0 0 0 
0 0 0 0 15 0 15 0 0 
0 0 0 0 0 0 0 0 0 
0 0 0 0 0 0 0 0 0 

5937
0 0 0 0 0 0 0 0 0 
0 0 0 0 15 0 0 0 0 
0 0 15 0 0 0 0 0 0 
0 0 0 0 0 0 0 0 0 
0 0 0 0 0 0 0 0 0 
0 0 0 0 0 0 0 0 0 
0 0 0 0 0 0 0 0 0 
0 0 0 11 0 0 0 0 0 
0 0 0 0 15 0 15 0 0 
0 0 0 0 0 0 0 0 0 
0 0 0 0 0 0 0 0 0 

5937
0 0 0 0 0 0 0 0 0 
0 0 0 0 15 0 0 0 0 
0 0 15 0 0 0 0 0 0 
0 0 0 0 0 0 0 0 0 
0 0 0 0 0 0 0 0 0 
0 0 0 0 0 0 0 0 0 
0 0 0 0 0 0 0 0 0 
0 0 0 11 0 0 0 0 0 
0 0 0 0 15 0 15 0 0 
0 0 0 0 0 0 0 0 0 
0 0 0 0 0 0 0 0 0 

5926
0 0 0 0 0 0 0 0 0 
0 0 0 0 0 0 0 0 0 
0 0 15 0 0 0 15 0 0 
0 0 0 0 0 0 0 0 0 
0 0 0 0 0 0 0 0 0 
0 0 0 0 0 0 0 0 0 
0 0 0 0 0 0 0 0 0 
0 0 0 0 0 0 0 0 0 
0 0 15 0 0 0 0 0 0 
0 0 0 0 0 0 0 0 0 
0 0 0 0 0 0 0 0 0 

5925
0 0 0 0 0 0 0 0 0 
0 0 0 0 0 0 0 0 0 
0 0 0 0 0 0 15 0 0 
0 0 0 0 0 0 0 0 0 
0 0 0 0 0 0 11 15 0 
0 0 0 0 15 0 0 0 0 
0 0 0 0 0 0 0 0 0 
0 0 0 0 0 0 0 0 0 
0 0 11 0 0 0 0 0 0 
0 0 0 15 0 0 0 0 0 
0 0 0 0 0 0 0 0 0 

