7520
11 11 11 11 11 11 11 11 11 11 11 11 11 
11 0 0 11 0 0 0 0 0 0 0 11 11 
11 0 11 0 0 0 0 0 0 0 0 0 11 
11 11 0 0 0 0 0 0 0 11 11 0 11 
11 0 0 0 0 0 0 0 0 0 0 11 11 
11 0 11 15 15 0 11 0 11 15 0 11 11 
11 11 0 11 11 11 0 0 0 0 0 0 11 
11 0 0 0 0 0 0 11 0 11 0 11 11 
11 0 0 0 0 0 0 0 0 0 0 0 11 
11 0 0 0 0 0 11 0 0 0 15 0 11 
11 11 11 11 11 11 11 11 11 11 11 11 11 

7520
11 11 11 11 11 11 11 11 11 11 11 11 11 
11 0 0 11 0 0 0 0 0 0 0 11 11 
11 0 11 0 0 0 0 0 0 0 0 0 11 
11 11 0 0 0 0 0 0 0 11 11 0 11 
11 0 0 0 0 0 0 0 0 0 0 11 11 
11 0 11 15 15 0 11 0 11 15 0 11 11 
11 11 0 11 11 11 0 0 0 0 0 0 11 
11 0 0 0 0 0 0 11 0 11 0 11 11 
11 0 0 0 0 0 0 0 0 0 0 0 11 
11 0 0 0 0 0 11 0 0 0 15 0 11 
11 11 11 11 11 11 11 11 11 11 11 11 11 

7520
11 11 11 11 11 11 11 11 11 11 11 11 11 
11 0 0 11 0 0 0 0 0 0 0 11 11 
11 0 11 0 0 0 0 0 0 0 0 0 11 
11 11 0 0 0 0 0 0 0 11 11 0 11 
11 0 0 0 0 0 0 0 0 0 0 11 11 
11 0 11 15 15 0 11 0 11 15 0 11 11 
11 11 0 11 11 11 0 0 0 0 0 0 11 
11 0 0 0 0 0 0 11 0 11 0 11 11 
11 0 0 0 0 0 0 0 0 0 0 0 11 
11 0 0 0 0 0 11 0 0 0 15 0 11 
11 11 11 11 11 11 11 11 11 11 11 11 11 

7516
11 11 11 11 11 11 11 11 11 11 11 11 11 
11 0 0 11 0 0 0 0 0 0 0 11 11 
11 0 11 0 0 0 0 0 0 0 0 0 11 
11 11 0 0 0 0 15 0 0 11 11 0 11 
11 0 0 0 0 0 0 0 0 0 0 11 11 
11 0 11 0 0 0 11 0 0 0 0 11 11 
11 11 0 11 11 11 0 0 0 0 0 0 11 
11 0 0 0 0 0 0 11 0 11 0 11 11 
11 0 0 0 0 0 15 0 0 0 15 0 11 
11 0 0 0 0 0 11 0 0 0 15 0 11 
11 11 11 11 11 11 11 11 11 11 11 11 11 

7516
11 11 11 11 11 11 11 11 11 11 11 11 11 
11 0 0 11 0 0 0 0 0 0 0 11 11 
11 0 11 0 0 0 0 0 0 0 0 0 11 
11 11 0 0 0 0 15 0 0 11 11 0 11 
11 0 0 0 0 0 0 0 0 0 0 11 11 
11 0 11 0 0 0 11 0 0 0 0 11 11 
11 11 0 11 11 11 0 0 0 0 0 0 11 
11 0 0 0 0 0 0 11 0 11 0 11 11 
11 0 0 0 0 0 15 0 0 0 15 0 11 
11 0 0 0 0 0 11 0 0 0 15 0 11 
11 11 11 11 11 11 11 11 11 11 11 11 11 

7520
11 11 11 11 11 11 11 11 11 11 11 11 11 
11 0 0 11 0 0 0 0 0 0 0 11 11 
11 0 11 0 0 15 0 0 0 0 0 0 11 
11 11 0 0 0 0 0 0 0 11 11 0 11 
11 0 0 0 0 15 0 0 0 0 0 0 11 
11 0 11 0 0 0 11 15 0 0 0 11 11 
11 11 0 11 11 11 0 0 0 0 0 11 11 
11 0 0 0 0 0 0 11 0 11 0 11 11 
11 0 0 0 0 0 0 0 0 15 0 0 11 
11 0 0 0 0 0 11 0 0 0 0 0 11 
11 11 11 11 11 11 11 11 11 11 11 11 11 

7520
11 11 11 11 11 11 11 11 11 11 11 11 11 
11 0 0 11 0 0 0 0 0 0 0 11 11 
11 0 11 0 15 0 0 0 0 0 0 0 11 
11 11 0 0 0 0 0 0 0 11 11 0 11 
11 0 0 0 0 0 0 0 0 0 0 0 11 
11 0 11 0 0 0 11 0 0 0 0 11 11 
11 11 0 11 11 11 0 0 0 0 0 11 11 
11 0 0 15 0 0 0 11 0 11 0 11 11 
11 0 0 15 0 0 0 0 0 0 0 0 11 
11 0 0 0 0 0 11 0 0 0 15 0 11 
11 11 11 11 11 11 11 11 11 11 11 11 11 

7520
11 11 11 11 11 11 11 11 11 11 11 11 11 
11 0 0 11 0 0 0 0 0 0 0 11 11 
11 0 11 0 15 0 0 0 0 0 0 0 11 
11 11 0 0 0 0 0 0 0 11 11 0 11 
11 0 0 0 0 0 0 0 0 0 0 0 11 
11 0 11 0 0 0 11 0 0 0 0 11 11 
11 11 0 11 11 11 0 0 0 0 0 11 11 
11 0 0 15 0 0 0 11 0 11 0 11 11 
11 0 0 15 0 0 0 0 0 0 0 0 11 
11 0 0 0 0 0 11 0 0 0 15 0 11 
11 11 11 11 11 11 11 11 11 11 11 11 11 

7520
11 11 11 11 11 11 11 11 11 11 11 11 11 
11 0 0 11 0 0 0 0 0 0 0 11 11 
11 0 11 0 15 0 0 0 0 0 0 0 11 
11 11 0 0 0 0 0 0 0 11 11 0 11 
11 0 0 0 0 0 0 0 0 0 0 0 11 
11 0 11 0 0 0 11 0 0 0 0 11 11 
11 11 0 11 11 11 0 0 0 0 0 11 11 
11 0 0 15 0 0 0 11 0 11 0 11 11 
11 0 0 15 0 0 0 0 0 0 0 0 11 
11 0 0 0 0 0 11 0 0 0 15 0 11 
11 11 11 11 11 11 11 11 11 11 11 11 11 

7516
11 11 11 11 11 11 11 11 11 11 11 11 11 
11 0 0 11 0 0 0 0 0 0 0 11 11 
11 0 11 0 0 0 0 0 0 0 0 0 11 
11 11 0 0 0 0 15 0 0 11 11 0 11 
11 0 0 0 0 0 0 0 0 0 0 0 11 
11 0 11 0 0 0 11 0 0 0 0 11 11 
11 11 0 11 11 11 0 0 0 0 0 11 11 
11 0 0 0 0 0 0 11 0 11 0 11 11 
11 0 0 0 0 0 15 0 0 0 15 0 11 
11 0 0 0 0 0 11 0 0 0 15 0 11 
11 11 11 11 11 11 11 11 11 11 11 11 11 

7520
11 11 11 11 11 11 11 11 11 11 11 11 11 
11 0 0 11 0 0 15 0 0 0 0 11 11 
11 0 11 0 0 0 0 0 0 0 0 0 11 
11 11 0 0 0 0 0 0 0 11 11 0 11 
11 0 0 0 0 0 0 0 15 0 0 0 11 
11 0 11 0 0 0 11 0 0 0 0 11 11 
11 11 0 11 11 11 0 0 0 0 0 11 11 
11 0 0 0 0 0 0 11 0 11 0 11 11 
11 0 0 0 0 0 0 0 0 0 15 0 11 
11 0 0 0 0 0 11 0 0 0 15 0 11 
11 11 11 11 11 11 11 11 11 11 11 11 11 

7520
11 11 11 11 11 11 11 11 11 11 11 11 11 
11 0 0 11 0 0 15 0 0 0 0 11 11 
11 0 11 0 0 0 0 0 0 0 0 0 11 
11 11 0 0 0 0 0 0 0 11 11 0 11 
11 0 0 0 0 0 0 0 15 0 0 0 11 
11 0 11 0 0 0 11 0 0 0 0 11 11 
11 11 0 11 11 11 0 0 0 0 0 11 11 
11 0 0 0 0 0 0 11 0 11 0 11 11 
11 0 0 0 0 0 0 0 0 0 15 0 11 
11 0 0 0 0 0 11 0 0 0 15 0 11 
11 11 11 11 11 11 11 11 11 11 11 11 11 

7520
11 11 11 11 11 11 11 11 11 11 11 11 11 
11 0 0 11 0 0 15 0 0 0 0 11 11 
11 0 11 0 0 0 0 0 0 0 0 0 11 
11 11 0 0 0 0 0 0 0 11 11 0 11 
11 0 0 0 0 0 0 0 15 0 0 0 11 
11 0 11 0 0 0 11 0 0 0 0 11 11 
11 11 0 11 11 11 0 0 0 0 0 11 11 
11 0 0 0 0 0 0 11 0 11 0 11 11 
11 0 0 0 0 0 0 0 0 0 15 0 11 
11 0 0 0 0 0 11 0 0 0 15 0 11 
11 11 11 11 11 11 11 11 11 11 11 11 11 

7516
11 11 11 11 11 11 11 11 11 11 11 11 11 
11 0 0 11 0 0 0 0 0 0 0 11 11 
11 0 11 0 0 0 0 0 0 0 0 0 11 
11 11 0 0 0 0 15 0 0 11 11 0 11 
11 0 0 0 0 0 0 0 0 0 0 0 11 
11 0 11 0 0 0 11 0 0 0 0 11 11 
11 11 0 11 11 11 0 0 0 0 0 11 11 
11 0 0 0 0 0 0 11 0 11 0 11 11 
11 0 0 0 0 0 15 0 0 0 15 0 11 
11 0 0 0 0 0 11 0 0 0 15 0 11 
11 11 11 11 11 11 11 11 11 11 11 11 11 

7516
11 11 11 11 11 11 11 11 11 11 11 11 11 
11 0 0 11 0 0 0 0 0 0 0 11 11 
11 0 11 0 0 0 0 0 0 0 0 0 11 
11 11 0 0 0 0 15 0 0 11 11 0 11 
11 0 0 0 0 0 0 0 0 0 0 0 11 
11 0 11 0 0 0 11 0 0 0 0 11 11 
11 11 0 11 11 11 0 0 0 0 0 11 11 
11 0 0 0 0 0 0 11 0 11 0 11 11 
11 0 0 0 0 0 15 0 0 0 15 0 11 
11 0 0 0 0 0 11 0 0 0 15 0 11 
11 11 11 11 11 11 11 11 11 11 11 11 11 

7520
11 11 11 11 11 11 11 11 11 11 11 11 11 
11 0 0 0 0 0 0 0 0 0 0 11 11 
11 0 11 0 0 15 15 0 0 0 0 0 11 
11 11 0 0 0 0 0 0 0 11 11 0 11 
11 0 0 0 0 0 0 0 0 0 0 11 11 
11 0 11 0 0 0 11 0 0 0 15 11 11 
11 11 0 11 11 11 0 0 0 0 0 11 11 
11 0 0 15 0 0 0 11 0 11 0 11 11 
11 0 0 0 0 0 0 0 0 0 0 0 11 
11 0 0 0 0 0 11 0 0 0 0 0 11 
11 11 11 11 11 11 11 11 11 11 11 11 11 

7520
11 11 11 11 11 11 11 11 11 11 11 11 11 
11 0 0 0 0 0 0 15 0 0 0 11 11 
11 0 11 0 0 0 0 0 0 0 0 0 11 
11 11 0 0 15 0 0 0 0 11 11 0 11 
11 0 0 15 0 0 0 0 0 0 0 11 11 
11 0 11 0 0 0 11 0 0 0 0 11 11 
11 11 0 11 11 11 0 0 0 0 0 11 11 
11 0 0 0 0 0 0 11 0 11 0 11 11 
11 0 0 0 0 0 0 0 0 0 15 0 11 
11 0 0 0 0 0 11 0 0 0 0 0 11 
11 11 11 11 11 11 11 11 11 11 11 11 11 

7520
11 11 11 11 11 11 11 11 11 11 11 11 11 
11 0 0 0 0 0 0 0 0 0 0 11 11 
11 0 11 0 0 15 15 0 0 0 0 0 11 
11 11 0 0 0 0 0 0 0 11 11 0 11 
11 0 0 0 0 0 0 0 0 0 0 11 11 
11 0 11 0 0 0 11 0 0 0 15 11 11 
11 11 0 11 11 11 0 0 0 0 0 11 11 
11 0 0 15 0 0 0 11 0 11 0 11 11 
11 0 0 0 0 0 0 0 0 0 0 0 11 
11 0 0 0 0 0 11 0 0 0 0 0 11 
11 11 11 11 11 11 11 11 11 11 11 11 11 

7520
11 11 11 11 11 11 11 11 11 11 11 11 11 
11 0 0 0 0 0 0 15 0 0 0 11 11 
11 0 11 0 0 0 0 0 0 0 0 0 11 
11 11 0 0 15 0 0 0 0 11 11 0 11 
11 0 0 15 0 0 0 0 0 0 0 11 11 
11 0 11 0 0 0 11 0 0 0 0 11 11 
11 11 0 11 11 11 0 0 0 0 0 11 11 
11 0 0 0 0 0 0 11 0 11 0 11 11 
11 0 0 0 0 0 0 0 0 0 15 0 11 
11 0 0 0 0 0 11 0 0 0 0 0 11 
11 11 11 11 11 11 11 11 11 11 11 11 11 

7520
11 11 11 11 11 11 11 11 11 11 11 11 11 
11 0 0 0 0 0 0 0 0 0 0 11 11 
11 0 11 0 0 15 15 0 0 0 0 0 11 
11 11 0 0 0 0 0 0 0 11 11 0 11 
11 0 0 0 0 0 0 0 0 0 0 11 11 
11 0 11 0 0 0 11 0 0 0 15 11 11 
11 11 0 11 11 11 0 0 0 0 0 11 11 
11 0 0 15 0 0 0 11 0 11 0 11 11 
11 0 0 0 0 0 0 0 0 0 0 0 11 
11 0 0 0 0 0 11 0 0 0 0 0 11 
11 11 11 11 11 11 11 11 11 11 11 11 11 

7520
11 11 11 11 11 11 11 11 11 11 11 11 11 
11 0 0 0 0 0 0 0 0 0 0 11 11 
11 0 11 0 0 0 15 0 0 0 0 0 11 
11 11 0 0 0 0 0 0 0 11 11 0 11 
11 0 0 0 0 0 0 0 11 0 15 11 11 
11 0 11 0 0 0 11 0 0 0 0 11 11 
11 11 0 11 11 11 0 0 0 15 0 11 11 
11 0 0 0 0 0 0 11 0 11 0 11 11 
11 0 0 0 0 0 0 0 0 0 0 0 11 
11 0 0 0 0 0 11 0 0 0 15 0 11 
11 11 11 11 11 11 11 11 11 11 11 11 11 

7520
11 11 11 11 11 11 11 11 11 11 11 11 11 
11 0 0 0 0 0 0 0 0 0 0 11 11 
11 0 11 0 0 0 15 0 0 0 0 0 11 
11 11 0 0 0 0 0 0 0 11 11 0 11 
11 0 0 0 0 0 0 0 11 0 15 11 11 
11 0 11 0 0 0 11 0 0 0 0 11 11 
11 11 0 11 11 11 0 0 0 15 0 11 11 
11 0 0 0 0 0 0 11 0 11 0 11 11 
11 0 0 0 0 0 0 0 0 0 0 0 11 
11 0 0 0 0 0 11 0 0 0 15 0 11 
11 11 11 11 11 11 11 11 11 11 11 11 11 

7520
11 11 11 11 11 11 11 11 11 11 11 11 11 
11 0 0 0 0 0 0 0 0 0 0 11 11 
11 0 11 0 0 0 15 0 0 0 0 0 11 
11 11 0 0 0 0 0 0 0 11 11 0 11 
11 0 0 0 0 0 0 0 11 0 15 11 11 
11 0 11 0 0 0 11 0 0 0 0 11 11 
11 11 0 11 11 11 0 0 0 15 0 11 11 
11 0 0 0 0 0 0 11 0 11 0 11 11 
11 0 0 0 0 0 0 0 0 0 0 0 11 
11 0 0 0 0 0 11 0 0 0 15 0 11 
11 11 11 11 11 11 11 11 11 11 11 11 11 

7516
11 11 11 11 11 11 11 11 11 11 11 11 11 
11 0 0 0 0 0 0 0 0 0 0 11 11 
11 0 11 0 0 0 0 0 0 0 0 0 11 
11 11 0 0 0 0 15 0 0 11 11 0 11 
11 0 0 0 0 0 0 0 0 0 0 11 11 
11 0 11 0 0 0 11 0 0 0 0 11 11 
11 11 0 11 11 11 0 0 0 0 0 11 11 
11 0 0 0 0 0 0 11 0 11 0 11 11 
11 0 0 0 0 0 15 0 0 0 15 0 11 
11 0 0 0 0 0 11 0 0 0 15 0 11 
11 11 11 11 11 11 11 11 11 11 11 11 11 

7491
11 11 11 11 11 11 11 11 11 11 11 11 11 
11 0 0 0 0 0 0 0 0 0 0 11 11 
11 0 11 0 0 0 0 0 0 0 0 0 11 
11 11 0 0 0 0 0 0 0 11 11 0 11 
11 0 0 0 0 0 0 0 0 15 15 11 11 
11 0 11 0 0 0 11 0 0 0 0 11 11 
11 11 12 11 11 11 0 0 0 0 0 11 11 
11 0 0 0 0 0 15 11 0 11 0 11 11 
11 0 0 0 0 0 0 0 0 0 0 0 11 
11 0 0 0 14 0 11 0 0 0 0 0 11 
11 11 11 11 11 11 11 11 11 11 11 11 11 

7520
11 11 11 11 11 11 11 11 11 11 11 11 11 
11 0 0 11 0 0 15 0 0 0 0 11 11 
11 0 11 0 0 0 0 0 0 0 0 0 11 
11 11 0 0 0 0 15 0 0 11 11 0 11 
11 0 0 0 0 0 0 0 0 0 0 0 11 
11 0 11 0 0 0 11 0 0 0 0 11 11 
11 11 0 11 11 11 0 0 0 0 0 0 11 
11 11 0 0 0 0 0 11 0 11 0 11 11 
11 0 0 0 0 0 0 0 0 0 15 0 11 
11 0 0 0 0 0 11 0 0 0 15 0 11 
11 11 11 11 11 11 11 11 11 11 11 11 11 

7520
11 11 11 11 11 11 11 11 11 11 11 11 11 
11 0 0 11 0 15 0 0 0 0 0 11 11 
11 0 11 0 0 0 0 0 0 0 0 0 11 
11 11 0 0 0 0 15 0 0 11 11 0 11 
11 0 0 0 0 0 0 0 0 0 0 0 11 
11 0 11 0 0 0 11 0 0 15 0 11 11 
11 11 0 11 11 11 0 0 0 0 0 15 11 
11 11 0 0 0 0 0 11 0 11 0 11 11 
11 0 0 0 0 0 0 0 0 0 0 0 11 
11 0 0 0 0 0 11 0 0 0 0 0 11 
11 11 11 11 11 11 11 11 11 11 11 11 11 

7516
11 11 11 11 11 11 11 11 11 11 11 11 11 
11 0 0 11 0 0 0 0 0 0 0 11 11 
11 0 11 0 0 0 0 0 0 0 0 0 11 
11 11 0 0 0 0 15 0 0 11 11 0 11 
11 0 0 0 0 0 0 0 0 0 0 0 11 
11 0 11 0 0 0 11 0 0 0 0 11 11 
11 11 0 11 11 11 0 0 0 0 0 0 11 
11 11 0 0 0 0 0 11 0 11 0 11 11 
11 0 0 0 0 0 15 0 0 0 15 0 11 
11 0 0 0 0 0 11 0 0 0 15 0 11 
11 11 11 11 11 11 11 11 11 11 11 11 11 

7516
11 11 11 11 11 11 11 11 11 11 11 11 11 
11 0 0 11 0 0 0 0 0 0 0 11 11 
11 0 11 0 0 0 0 0 0 0 0 0 11 
11 11 0 0 0 0 15 0 0 11 11 0 11 
11 0 0 0 0 0 0 0 0 0 0 0 11 
11 0 11 0 0 0 11 0 0 0 0 11 11 
11 11 0 11 11 11 0 0 0 0 0 0 11 
11 11 0 0 0 0 0 11 0 11 0 11 11 
11 0 0 0 0 0 15 0 0 0 15 0 11 
11 0 0 0 0 0 11 0 0 0 15 0 11 
11 11 11 11 11 11 11 11 11 11 11 11 11 

7516
11 11 11 11 11 11 11 11 11 11 11 11 11 
11 0 0 11 0 0 0 0 0 0 0 11 11 
11 0 11 0 0 0 0 0 0 0 0 0 11 
11 11 0 0 0 0 15 0 0 11 11 0 11 
11 0 0 0 0 0 0 0 0 0 0 0 11 
11 0 11 0 0 0 11 0 0 0 0 11 11 
11 11 0 11 11 11 0 0 0 0 0 0 11 
11 11 0 0 0 0 0 11 0 11 0 11 11 
11 0 0 0 0 0 15 0 0 0 15 0 11 
11 0 0 0 0 0 11 0 0 0 15 0 11 
11 11 11 11 11 11 11 11 11 11 11 11 11 

7516
0 0 0 0 0 0 0 0 0 0 0 0 0 
0 0 0 0 0 0 0 0 0 0 0 0 0 
0 0 0 0 0 0 0 0 0 0 0 0 0 
0 0 0 0 0 0 15 0 0 0 0 0 0 
0 0 0 0 0 0 0 0 0 0 0 0 0 
0 0 0 0 0 0 0 0 0 0 0 0 0 
0 0 0 0 0 0 0 0 0 0 0 0 0 
0 0 0 0 0 0 0 0 0 0 0 0 0 
0 0 0 0 0 0 15 0 0 0 15 0 0 
0 0 0 0 0 0 0 0 0 0 15 0 0 
0 0 0 0 0 0 0 0 0 0 0 0 0 

7511
0 0 0 0 0 0 0 0 0 0 0 0 0 
0 0 0 0 0 0 0 0 0 0 0 0 0 
0 0 0 0 0 0 0 0 0 15 0 15 0 
0 0 0 0 0 0 0 0 0 0 0 0 0 
0 0 0 0 0 0 0 0 0 0 0 0 0 
0 0 0 0 0 0 0 0 0 0 13 0 0 
0 0 0 0 0 0 0 0 0 0 0 0 0 
0 0 15 0 0 0 0 0 0 0 0 0 0 
0 0 0 0 0 0 15 0 0 0 0 0 0 
0 0 0 0 0 0 0 0 0 0 0 0 0 
0 0 0 0 0 0 0 0 0 0 0 0 0 

7510
0 0 0 0 0 0 0 0 0 0 0 0 0 
0 0 0 0 0 0 0 0 0 0 0 0 0 
0 0 0 0 0 0 0 0 0 0 0 15 0 
0 0 0 0 0 0 15 0 0 0 0 0 0 
0 0 0 0 0 0 0 0 0 0 0 15 0 
0 0 0 0 0 0 0 0 0 0 0 0 0 
0 0 0 0 0 0 0 0 0 0 0 0 0 
0 0 0 0 13 0 0 0 0 0 0 0 0 
0 0 0 0 0 0 15 0 0 0 0 0 0 
0 0 0 0 0 0 0 0 0 0 0 0 0 
0 0 0 0 0 0 0 0 0 0 0 0 0 

7510
0 0 0 0 0 0 0 0 0 0 0 0 0 
0 0 0 0 0 0 0 0 0 0 0 0 0 
0 0 0 0 0 0 0 0 0 0 0 15 0 
0 0 0 0 0 0 15 0 0 0 0 0 0 
0 0 0 0 0 0 0 0 0 0 0 15 0 
0 0 0 0 0 0 0 0 0 0 0 0 0 
0 0 0 0 0 0 0 0 0 0 0 0 0 
0 0 0 0 13 0 0 0 0 0 0 0 0 
0 0 0 0 0 0 15 0 0 0 0 0 0 
0 0 0 0 0 0 0 0 0 0 0 0 0 
0 0 0 0 0 0 0 0 0 0 0 0 0 

7510
0 0 0 0 0 0 0 0 0 0 0 0 0 
0 0 0 0 0 0 0 0 0 0 0 0 0 
0 0 0 0 0 0 0 0 0 0 0 15 0 
0 0 0 0 0 0 15 0 0 0 0 0 0 
0 0 0 0 0 0 0 0 0 0 0 15 0 
0 0 0 0 0 0 0 0 0 0 0 0 0 
0 0 0 0 0 0 0 0 0 0 0 0 0 
0 0 0 0 13 0 0 0 0 0 0 0 0 
0 0 0 0 0 0 15 0 0 0 0 0 0 
0 0 0 0 0 0 0 0 0 0 0 0 0 
0 0 0 0 0 0 0 0 0 0 0 0 0 

