8653
11 11 11 11 11 11 11 11 11 11 11 11 11 11 11 11 
11 0 0 0 0 0 0 11 0 11 0 0 0 0 0 11 
11 11 0 0 11 11 0 15 0 11 0 11 0 0 11 11 
11 0 0 0 0 0 0 11 0 0 11 0 0 0 0 11 
11 11 0 0 0 11 11 15 0 11 0 0 0 11 0 11 
11 0 0 0 0 0 0 11 11 0 0 0 0 0 0 11 
11 11 0 0 0 11 15 0 15 0 0 0 0 0 0 11 
11 0 0 0 0 11 0 0 11 0 0 0 0 0 0 11 
11 0 0 0 0 0 0 0 0 0 0 0 0 0 0 11 
11 0 11 0 0 0 0 11 0 0 0 0 0 0 0 11 
11 0 0 0 0 11 0 0 0 0 11 11 0 0 0 11 
11 0 11 0 0 11 0 0 0 0 0 0 11 0 0 11 
11 11 11 11 11 11 11 11 11 11 11 11 11 11 11 11 

8653
11 11 11 11 11 11 11 11 11 11 11 11 11 11 11 11 
11 0 0 0 0 0 0 11 0 11 0 0 0 0 0 11 
11 11 0 0 11 11 0 15 0 11 0 11 0 0 11 11 
11 0 0 0 0 0 0 11 0 0 11 0 0 0 0 11 
11 11 0 0 0 11 11 15 0 11 0 0 0 11 0 11 
11 0 0 0 0 0 0 11 11 0 0 0 0 0 0 11 
11 11 0 0 0 11 15 0 15 0 0 0 0 0 0 11 
11 0 0 0 0 11 0 0 11 0 0 0 0 0 0 11 
11 0 0 0 0 0 0 0 0 0 0 0 0 0 0 11 
11 0 11 0 0 0 0 11 0 0 0 0 0 0 0 11 
11 0 0 0 0 11 0 0 0 0 11 11 0 0 0 11 
11 0 11 0 0 11 0 0 0 0 0 0 11 0 0 11 
11 11 11 11 11 11 11 11 11 11 11 11 11 11 11 11 

8653
11 11 11 11 11 11 11 11 11 11 11 11 11 11 11 11 
11 0 0 0 0 0 0 11 0 11 0 0 0 0 0 11 
11 11 0 0 11 11 0 15 0 11 0 11 0 0 11 11 
11 0 0 0 0 0 0 11 0 0 11 0 0 0 0 11 
11 11 0 0 0 11 11 15 0 11 0 0 0 11 0 11 
11 0 0 0 0 0 0 11 11 0 0 0 0 0 0 11 
11 11 0 0 0 11 15 0 15 0 0 0 0 0 0 11 
11 0 0 0 0 11 0 0 11 0 0 0 0 0 0 11 
11 0 0 0 0 0 0 0 0 0 0 0 0 0 0 11 
11 0 11 0 0 0 0 11 0 0 0 0 0 0 0 11 
11 0 0 0 0 11 0 0 0 0 11 11 0 0 0 11 
11 0 11 0 0 11 0 0 0 0 0 0 11 0 0 11 
11 11 11 11 11 11 11 11 11 11 11 11 11 11 11 11 

8652
11 11 11 11 11 11 11 11 11 11 11 11 11 11 11 11 
11 0 0 0 0 0 0 11 0 11 0 0 0 0 0 11 
11 11 0 0 11 11 0 0 0 11 0 11 0 0 11 11 
11 0 0 0 0 0 0 11 0 15 0 0 0 0 0 11 
11 11 0 0 0 11 11 15 0 11 0 0 0 11 11 11 
11 0 0 0 0 0 0 11 11 0 0 0 0 0 0 11 
11 11 0 0 0 11 15 0 15 0 12 0 0 0 0 11 
11 0 0 0 0 11 0 0 11 0 0 0 0 0 0 11 
11 0 0 0 0 0 0 0 0 0 0 0 0 0 0 11 
11 0 11 0 0 0 0 11 0 0 0 0 0 0 0 11 
11 0 0 0 0 11 0 0 0 0 11 11 0 0 0 11 
11 0 11 0 0 11 0 0 0 0 0 0 11 0 0 11 
11 11 11 11 11 11 11 11 11 11 11 11 11 11 11 11 

8652
11 11 11 11 11 11 11 11 11 11 11 11 11 11 11 11 
11 0 0 0 0 0 0 11 0 11 0 0 0 0 0 11 
11 11 0 0 11 11 0 0 0 11 0 11 0 0 11 11 
11 0 0 0 0 0 0 11 0 15 0 0 0 0 0 11 
11 11 0 0 0 11 11 15 0 11 0 0 0 11 11 11 
11 0 0 0 0 0 0 11 11 0 0 0 0 0 0 11 
11 11 0 0 0 11 15 0 15 0 12 0 0 0 0 11 
11 0 0 0 0 11 0 0 11 0 0 0 0 0 0 11 
11 0 0 0 0 0 0 0 0 0 0 0 0 0 0 11 
11 0 11 0 0 0 0 11 0 0 0 0 0 0 0 11 
11 0 0 0 0 11 0 0 0 0 11 11 0 0 0 11 
11 0 11 0 0 11 0 0 0 0 0 0 11 0 0 11 
11 11 11 11 11 11 11 11 11 11 11 11 11 11 11 11 

8646
11 11 11 11 11 11 11 11 11 11 11 11 11 11 11 11 
11 0 0 0 0 0 0 11 0 11 0 0 0 0 0 11 
11 11 0 0 11 11 0 0 15 0 0 11 0 0 11 11 
11 0 0 0 0 0 0 11 0 11 0 0 0 0 0 11 
11 11 0 0 0 11 11 15 0 11 0 0 0 11 0 11 
11 0 0 0 0 0 0 0 11 0 0 0 0 11 0 11 
11 11 0 0 0 11 0 0 0 15 0 0 0 0 0 11 
11 0 0 0 0 11 0 0 11 0 0 0 0 0 0 11 
11 0 0 0 0 0 0 15 0 0 0 0 0 0 0 11 
11 11 11 0 0 0 0 11 0 0 0 0 0 0 0 11 
11 0 0 0 0 11 0 0 0 0 11 11 0 0 0 11 
11 0 11 0 0 11 0 0 0 0 0 0 11 0 0 11 
11 11 11 11 11 11 11 11 11 11 11 11 11 11 11 11 

8646
11 11 11 11 11 11 11 11 11 11 11 11 11 11 11 11 
11 0 0 0 0 0 0 11 0 11 0 0 0 0 0 11 
11 11 0 0 11 11 0 0 0 0 0 11 0 0 11 11 
11 0 0 0 0 0 0 11 0 15 0 0 0 0 0 11 
11 11 0 0 0 11 11 15 0 11 0 0 0 11 0 11 
11 0 0 0 0 0 0 0 11 15 0 0 0 11 0 11 
11 11 0 0 0 11 0 14 15 0 0 0 0 0 0 11 
11 0 0 0 0 11 0 0 11 0 0 0 0 0 0 11 
11 0 0 0 0 0 0 0 0 0 0 0 0 0 0 11 
11 11 11 0 0 0 0 11 0 0 0 0 0 0 0 11 
11 0 0 0 0 11 0 0 0 0 11 11 0 0 0 11 
11 0 11 0 0 11 0 0 0 0 0 0 11 0 0 11 
11 11 11 11 11 11 11 11 11 11 11 11 11 11 11 11 

8641
11 11 11 11 11 11 11 11 11 11 11 11 11 11 11 11 
11 0 0 0 0 0 0 11 0 11 11 0 0 0 0 11 
11 11 0 0 11 11 0 15 0 0 0 11 0 0 11 11 
11 0 0 0 0 0 0 11 14 0 0 0 0 0 0 11 
11 11 0 0 0 11 11 15 0 11 0 0 0 11 0 11 
11 0 0 0 0 0 0 15 11 0 0 0 0 11 0 11 
11 11 0 0 0 11 0 0 15 0 0 0 0 0 0 11 
11 0 0 0 0 11 0 0 11 0 0 0 0 0 0 11 
11 0 0 0 0 0 0 0 0 0 0 0 0 0 0 11 
11 11 11 0 0 0 0 11 0 0 0 0 0 0 0 11 
11 0 0 0 0 11 0 0 0 0 11 11 0 0 0 11 
11 0 11 0 0 11 0 0 0 0 0 0 11 0 0 11 
11 11 11 11 11 11 11 11 11 11 11 11 11 11 11 11 

8641
11 11 11 11 11 11 11 11 11 11 11 11 11 11 11 11 
11 0 0 0 0 0 0 11 0 11 11 0 0 0 0 11 
11 11 0 0 11 11 0 15 0 0 0 11 0 0 11 11 
11 0 0 0 0 0 0 11 14 0 0 0 0 0 0 11 
11 11 0 0 0 11 11 15 0 11 0 0 0 11 0 11 
11 0 0 0 0 0 0 15 11 0 0 0 0 11 0 11 
11 11 0 0 0 11 0 0 15 0 0 0 0 0 0 11 
11 0 0 0 0 11 0 0 11 0 0 0 0 0 0 11 
11 0 0 0 0 0 0 0 0 0 0 0 0 0 0 11 
11 11 11 0 0 0 0 11 0 0 0 0 0 0 0 11 
11 0 0 0 0 11 0 0 0 0 11 11 0 0 0 11 
11 0 11 0 0 11 0 0 0 0 0 0 11 0 0 11 
11 11 11 11 11 11 11 11 11 11 11 11 11 11 11 11 

8641
11 11 11 11 11 11 11 11 11 11 11 11 11 11 11 11 
11 0 0 0 0 0 0 11 0 11 11 0 0 0 0 11 
11 11 0 0 11 11 0 15 0 0 0 11 0 0 11 11 
11 0 0 0 0 0 0 11 14 0 0 0 0 0 0 11 
11 11 0 0 0 11 11 15 0 11 0 0 0 11 0 11 
11 0 0 0 0 0 0 15 11 0 0 0 0 11 0 11 
11 11 0 0 0 11 0 0 15 0 0 0 0 0 0 11 
11 0 0 0 0 11 0 0 11 0 0 0 0 0 0 11 
11 0 0 0 0 0 0 0 0 0 0 0 0 0 0 11 
11 11 11 0 0 0 0 11 0 0 0 0 0 0 0 11 
11 0 0 0 0 11 0 0 0 0 11 11 0 0 0 11 
11 0 11 0 0 11 0 0 0 0 0 0 11 0 0 11 
11 11 11 11 11 11 11 11 11 11 11 11 11 11 11 11 

8652
11 11 11 11 11 11 11 11 11 11 11 11 11 11 11 11 
11 0 0 0 0 0 0 11 0 11 0 0 0 0 0 11 
11 11 0 0 11 11 0 0 0 0 0 11 0 0 11 11 
11 0 0 0 0 0 0 11 12 0 0 0 0 0 0 11 
11 0 0 0 0 11 11 15 15 11 0 0 0 11 11 11 
11 0 0 0 0 0 0 11 11 0 0 0 0 11 0 11 
11 11 0 0 0 11 0 15 15 0 0 0 0 0 0 11 
11 0 0 0 0 11 0 0 11 0 0 0 11 0 0 11 
11 0 0 0 0 0 0 0 0 0 0 0 0 0 0 11 
11 0 11 0 0 0 0 11 0 0 0 0 0 0 0 11 
11 0 0 0 0 11 0 0 0 0 11 11 0 0 0 11 
11 0 11 0 0 11 0 0 0 0 0 0 11 0 0 11 
11 11 11 11 11 11 11 11 11 11 11 11 11 11 11 11 

8652
11 11 11 11 11 11 11 11 11 11 11 11 11 11 11 11 
11 0 0 0 0 0 0 11 0 11 0 0 0 0 0 11 
11 11 0 0 11 11 0 0 0 0 0 11 0 0 11 11 
11 0 0 0 0 0 0 11 12 0 0 0 0 0 0 11 
11 0 0 0 0 11 11 15 15 11 0 0 0 11 11 11 
11 0 0 0 0 0 0 11 11 0 0 0 0 11 0 11 
11 11 0 0 0 11 0 15 15 0 0 0 0 0 0 11 
11 0 0 0 0 11 0 0 11 0 0 0 11 0 0 11 
11 0 0 0 0 0 0 0 0 0 0 0 0 0 0 11 
11 0 11 0 0 0 0 11 0 0 0 0 0 0 0 11 
11 0 0 0 0 11 0 0 0 0 11 11 0 0 0 11 
11 0 11 0 0 11 0 0 0 0 0 0 11 0 0 11 
11 11 11 11 11 11 11 11 11 11 11 11 11 11 11 11 

8652
11 11 11 11 11 11 11 11 11 11 11 11 11 11 11 11 
11 0 0 0 0 0 0 11 0 11 0 0 0 0 0 11 
11 11 0 0 11 11 0 0 0 0 0 11 0 0 11 11 
11 0 0 0 0 0 0 11 12 0 0 0 0 0 0 11 
11 0 0 0 0 11 11 15 15 11 0 0 0 11 11 11 
11 0 0 0 0 0 0 11 11 0 0 0 0 11 0 11 
11 11 0 0 0 11 0 15 15 0 0 0 0 0 0 11 
11 0 0 0 0 11 0 0 11 0 0 0 11 0 0 11 
11 0 0 0 0 0 0 0 0 0 0 0 0 0 0 11 
11 0 11 0 0 0 0 11 0 0 0 0 0 0 0 11 
11 0 0 0 0 11 0 0 0 0 11 11 0 0 0 11 
11 0 11 0 0 11 0 0 0 0 0 0 11 0 0 11 
11 11 11 11 11 11 11 11 11 11 11 11 11 11 11 11 

8649
11 11 11 11 11 11 11 11 11 11 11 11 11 11 11 11 
11 0 0 0 0 0 0 11 0 11 0 0 0 0 0 11 
11 11 0 0 11 11 0 0 0 0 0 11 0 0 11 11 
11 0 0 0 0 0 0 11 0 0 0 0 0 0 0 11 
11 0 0 0 0 11 11 15 15 11 0 0 0 11 0 11 
11 0 0 0 0 0 15 11 11 0 0 0 0 11 0 11 
11 11 0 0 0 11 0 0 15 0 15 0 0 0 0 11 
11 0 0 0 0 11 0 0 11 0 0 0 11 0 0 11 
11 0 0 0 0 0 0 0 0 0 0 0 0 0 0 11 
11 0 11 0 0 0 0 11 0 0 0 0 0 0 0 11 
11 0 0 0 0 11 0 0 0 0 11 11 0 0 0 11 
11 0 11 0 0 11 0 0 0 0 0 0 11 0 0 11 
11 11 11 11 11 11 11 11 11 11 11 11 11 11 11 11 

8649
11 11 11 11 11 11 11 11 11 11 11 11 11 11 11 11 
11 0 0 0 0 0 0 11 0 11 0 0 0 0 0 11 
11 11 0 0 11 11 0 0 0 0 0 11 0 0 11 11 
11 0 0 0 0 0 0 11 0 0 0 0 0 0 0 11 
11 0 0 0 0 11 11 15 15 11 0 0 0 11 0 11 
11 0 0 0 0 0 15 11 11 0 0 0 0 11 0 11 
11 11 0 0 0 11 0 0 15 0 15 0 0 0 0 11 
11 0 0 0 0 11 0 0 11 0 0 0 11 0 0 11 
11 0 0 0 0 0 0 0 0 0 0 0 0 0 0 11 
11 0 11 0 0 0 0 11 0 0 0 0 0 0 0 11 
11 0 0 0 0 11 0 0 0 0 11 11 0 0 0 11 
11 0 11 0 0 11 0 0 0 0 0 0 11 0 0 11 
11 11 11 11 11 11 11 11 11 11 11 11 11 11 11 11 

8651
11 11 11 11 11 11 11 11 11 11 11 11 11 11 11 11 
11 0 0 0 0 0 0 11 0 11 12 0 0 0 0 11 
11 11 0 0 11 11 0 0 0 11 0 11 0 0 11 11 
11 0 0 0 0 0 0 11 0 0 11 0 0 0 11 11 
11 11 0 0 0 11 11 15 15 11 0 0 0 11 0 11 
11 0 0 0 0 0 0 11 11 0 0 0 0 0 0 11 
11 11 0 0 0 11 0 0 15 0 0 0 0 0 0 11 
11 0 0 0 0 11 0 0 11 0 0 0 0 0 0 11 
11 0 0 0 0 0 0 15 0 0 0 0 0 0 0 11 
11 0 11 0 0 0 0 11 0 0 0 0 0 0 0 11 
11 0 0 0 0 11 0 0 0 0 11 11 0 0 0 11 
11 0 11 0 0 11 0 0 0 0 0 0 11 0 0 11 
11 11 11 11 11 11 11 11 11 11 11 11 11 11 11 11 

8651
11 11 11 11 11 11 11 11 11 11 11 11 11 11 11 11 
11 0 0 0 0 0 0 11 0 11 0 0 0 0 0 11 
11 11 0 0 11 11 0 15 0 11 0 11 0 0 11 11 
11 0 0 0 0 0 0 11 0 0 0 0 0 0 0 11 
11 11 0 0 0 11 11 15 0 11 0 0 0 11 0 11 
11 0 0 0 0 0 15 11 11 0 0 0 0 0 0 11 
11 11 0 0 0 11 0 0 15 0 0 0 0 0 0 11 
11 0 0 0 0 11 0 0 11 0 0 0 0 0 0 11 
11 0 0 0 0 0 0 0 0 0 0 0 0 0 0 11 
11 0 11 0 0 0 0 11 0 0 0 0 0 0 0 11 
11 0 0 0 0 11 0 0 0 0 11 11 0 0 0 11 
11 0 11 0 0 11 0 0 0 0 0 0 11 0 0 11 
11 11 11 11 11 11 11 11 11 11 11 11 11 11 11 11 

8651
11 11 11 11 11 11 11 11 11 11 11 11 11 11 11 11 
11 0 0 0 0 0 0 11 0 11 0 0 0 0 0 11 
11 11 0 0 11 11 0 15 0 11 0 11 0 0 11 11 
11 0 0 0 0 0 0 11 0 0 0 0 0 0 0 11 
11 11 0 0 0 11 11 15 0 11 0 0 0 11 0 11 
11 0 0 0 0 0 15 11 11 0 0 0 0 0 0 11 
11 11 0 0 0 11 0 0 15 0 0 0 0 0 0 11 
11 0 0 0 0 11 0 0 11 0 0 0 0 0 0 11 
11 0 0 0 0 0 0 0 0 0 0 0 0 0 0 11 
11 0 11 0 0 0 0 11 0 0 0 0 0 0 0 11 
11 0 0 0 0 11 0 0 0 0 11 11 0 0 0 11 
11 0 11 0 0 11 0 0 0 0 0 0 11 0 0 11 
11 11 11 11 11 11 11 11 11 11 11 11 11 11 11 11 

8651
11 11 11 11 11 11 11 11 11 11 11 11 11 11 11 11 
11 0 0 0 0 0 0 11 0 11 0 0 0 0 0 11 
11 11 0 0 11 11 0 15 0 11 0 11 0 0 11 11 
11 0 0 0 0 0 0 11 0 0 0 0 0 0 0 11 
11 11 0 0 0 11 11 15 0 11 0 0 0 11 0 11 
11 0 0 0 0 0 15 11 11 0 0 0 0 0 0 11 
11 11 0 0 0 11 0 0 15 0 0 0 0 0 0 11 
11 0 0 0 0 11 0 0 11 0 0 0 0 0 0 11 
11 0 0 0 0 0 0 0 0 0 0 0 0 0 0 11 
11 0 11 0 0 0 0 11 0 0 0 0 0 0 0 11 
11 0 0 0 0 11 0 0 0 0 11 11 0 0 0 11 
11 0 11 0 0 11 0 0 0 0 0 0 11 0 0 11 
11 11 11 11 11 11 11 11 11 11 11 11 11 11 11 11 

8649
11 11 11 11 11 11 11 11 11 11 11 11 11 11 11 11 
11 0 0 0 0 0 0 11 0 11 0 0 0 0 0 11 
11 11 0 0 11 11 0 0 0 11 0 11 0 0 11 11 
11 0 0 0 0 0 0 11 0 0 0 0 0 0 0 11 
11 11 0 0 0 11 11 15 0 11 0 0 0 11 0 11 
11 0 0 0 0 0 15 11 11 0 0 0 0 0 0 11 
11 11 0 0 0 11 0 0 15 0 0 0 0 0 0 11 
11 0 0 0 0 11 0 0 11 15 0 0 0 0 0 11 
11 0 0 0 0 0 0 0 0 0 0 15 0 0 0 11 
11 0 11 0 0 0 0 11 0 0 0 0 0 0 0 11 
11 0 0 0 0 11 0 0 0 0 11 11 0 0 0 11 
11 0 11 0 0 11 0 0 0 0 0 0 11 0 0 11 
11 11 11 11 11 11 11 11 11 11 11 11 11 11 11 11 

8644
11 11 11 11 11 11 11 11 11 11 11 11 11 11 11 11 
11 0 0 0 0 0 0 11 0 11 0 0 0 0 0 11 
11 11 0 0 11 11 0 0 0 0 0 11 0 0 11 11 
11 0 0 0 0 0 0 11 0 0 12 0 0 0 0 11 
11 11 0 0 0 11 11 15 15 11 0 0 0 11 0 11 
11 0 0 0 0 0 0 0 11 15 0 0 0 11 0 11 
11 11 0 0 0 11 0 0 0 0 0 0 0 0 0 11 
11 0 0 0 0 11 0 0 11 0 15 0 11 0 11 11 
11 0 0 0 0 0 0 0 0 0 0 0 0 0 0 11 
11 0 11 0 0 0 0 11 0 0 0 0 0 0 0 11 
11 0 0 0 0 11 0 0 0 0 11 11 0 0 0 11 
11 0 11 0 0 11 0 0 0 0 0 0 11 0 0 11 
11 11 11 11 11 11 11 11 11 11 11 11 11 11 11 11 

8615
11 11 11 11 11 11 11 11 11 11 11 11 11 11 11 11 
11 0 0 0 0 0 0 11 0 11 0 11 0 0 0 11 
11 11 0 0 11 11 0 0 0 0 0 11 0 0 11 11 
11 0 0 0 0 0 0 11 0 0 0 0 0 0 0 11 
11 11 0 0 0 11 11 15 0 11 13 0 0 11 0 11 
11 0 0 0 0 0 0 14 11 0 0 0 0 11 0 11 
11 11 0 0 0 11 0 15 15 0 0 0 0 0 11 11 
11 0 0 0 0 11 0 0 11 0 0 0 11 0 0 11 
11 0 0 0 0 0 0 0 0 0 0 0 0 0 0 11 
11 0 11 0 0 0 0 11 0 0 0 0 0 0 0 11 
11 0 0 0 0 11 0 0 0 0 11 11 0 0 0 11 
11 0 11 0 0 11 0 0 0 0 0 0 11 0 0 11 
11 11 11 11 11 11 11 11 11 11 11 11 11 11 11 11 

8615
11 11 11 11 11 11 11 11 11 11 11 11 11 11 11 11 
11 0 0 0 0 0 0 11 0 11 0 11 0 0 0 11 
11 11 0 0 11 11 0 0 0 0 0 11 0 0 11 11 
11 0 0 0 0 0 0 11 0 0 0 0 0 0 0 11 
11 11 0 0 0 11 11 15 0 11 13 0 0 11 0 11 
11 0 0 0 0 0 0 14 11 0 0 0 0 11 0 11 
11 11 0 0 0 11 0 15 15 0 0 0 0 0 11 11 
11 0 0 0 0 11 0 0 11 0 0 0 11 0 0 11 
11 0 0 0 0 0 0 0 0 0 0 0 0 0 0 11 
11 0 11 0 0 0 0 11 0 0 0 0 0 0 0 11 
11 0 0 0 0 11 0 0 0 0 11 11 0 0 0 11 
11 0 11 0 0 11 0 0 0 0 0 0 11 0 0 11 
11 11 11 11 11 11 11 11 11 11 11 11 11 11 11 11 

8615
11 11 11 11 11 11 11 11 11 11 11 11 11 11 11 11 
11 0 0 0 0 0 0 11 0 11 0 11 0 0 0 11 
11 11 0 0 11 11 0 0 0 0 0 11 0 0 11 11 
11 0 0 0 0 0 0 11 0 0 0 0 0 0 0 11 
11 11 0 0 0 11 11 15 0 11 13 0 0 11 0 11 
11 0 0 0 0 0 0 14 11 0 0 0 0 11 0 11 
11 11 0 0 0 11 0 15 15 0 0 0 0 0 11 11 
11 0 0 0 0 11 0 0 11 0 0 0 11 0 0 11 
11 0 0 0 0 0 0 0 0 0 0 0 0 0 0 11 
11 0 11 0 0 0 0 11 0 0 0 0 0 0 0 11 
11 0 0 0 0 11 0 0 0 0 11 11 0 0 0 11 
11 0 11 0 0 11 0 0 0 0 0 0 11 0 0 11 
11 11 11 11 11 11 11 11 11 11 11 11 11 11 11 11 

8611
11 11 11 11 11 11 11 11 11 11 11 11 11 11 11 11 
11 0 0 0 0 0 0 11 0 11 0 0 0 0 0 11 
11 11 0 0 11 11 0 0 0 0 0 11 0 0 11 11 
11 0 0 0 0 0 0 11 0 13 0 0 0 0 0 11 
11 11 0 0 0 11 11 15 0 11 0 0 0 11 0 11 
11 0 0 0 0 0 0 14 11 0 0 0 0 11 0 11 
11 11 0 0 0 11 0 15 15 0 0 0 0 0 11 11 
11 0 0 0 0 11 0 0 11 0 0 0 11 0 0 11 
11 0 0 0 0 0 0 0 0 0 0 0 0 0 0 11 
11 0 11 0 0 0 0 11 0 0 0 0 0 0 0 11 
11 0 0 0 0 11 0 0 0 0 11 11 0 0 0 11 
11 0 11 0 0 11 0 0 0 0 0 0 11 0 0 11 
11 11 11 11 11 11 11 11 11 11 11 11 11 11 11 11 

8653
11 11 11 11 11 11 11 11 11 11 11 11 11 11 11 11 
11 0 0 0 0 0 0 11 0 11 0 0 0 0 0 11 
11 11 0 0 11 11 0 15 0 0 0 11 0 0 11 11 
11 0 0 0 0 0 0 11 0 0 0 0 11 0 0 11 
11 0 0 0 0 11 11 15 0 11 0 0 0 11 0 11 
11 0 0 0 0 0 15 0 11 0 0 0 0 11 0 11 
11 11 0 0 0 11 0 0 15 0 0 0 0 0 0 11 
11 0 0 0 0 11 0 0 11 0 0 0 11 0 0 11 
11 0 0 0 0 0 0 0 0 0 0 0 0 0 0 11 
11 11 11 0 0 0 0 11 0 0 0 0 0 0 0 11 
11 0 0 0 0 11 0 0 0 0 11 11 0 0 0 11 
11 0 11 0 0 11 0 0 0 0 0 0 11 0 0 11 
11 11 11 11 11 11 11 11 11 11 11 11 11 11 11 11 

8653
11 11 11 11 11 11 11 11 11 11 11 11 11 11 11 11 
11 0 0 0 0 0 0 11 0 11 0 0 0 0 0 11 
11 11 0 0 11 11 0 15 0 0 0 11 0 0 11 11 
11 0 0 0 0 0 0 11 0 0 0 0 11 0 0 11 
11 0 0 0 0 11 11 15 0 11 0 0 0 11 0 11 
11 0 0 0 0 0 15 0 11 0 0 0 0 11 0 11 
11 11 0 0 0 11 0 0 15 0 0 0 0 0 0 11 
11 0 0 0 0 11 0 0 11 0 0 0 11 0 0 11 
11 0 0 0 0 0 0 0 0 0 0 0 0 0 0 11 
11 11 11 0 0 0 0 11 0 0 0 0 0 0 0 11 
11 0 0 0 0 11 0 0 0 0 11 11 0 0 0 11 
11 0 11 0 0 11 0 0 0 0 0 0 11 0 0 11 
11 11 11 11 11 11 11 11 11 11 11 11 11 11 11 11 

8653
11 11 11 11 11 11 11 11 11 11 11 11 11 11 11 11 
11 0 0 0 0 0 0 11 0 11 0 0 0 0 0 11 
11 11 0 0 11 11 0 15 0 0 0 11 0 0 11 11 
11 0 0 0 0 0 0 11 0 0 0 0 11 0 0 11 
11 0 0 0 0 11 11 15 0 11 0 0 0 11 0 11 
11 0 0 0 0 0 15 0 11 0 0 0 0 11 0 11 
11 11 0 0 0 11 0 0 15 0 0 0 0 0 0 11 
11 0 0 0 0 11 0 0 11 0 0 0 11 0 0 11 
11 0 0 0 0 0 0 0 0 0 0 0 0 0 0 11 
11 11 11 0 0 0 0 11 0 0 0 0 0 0 0 11 
11 0 0 0 0 11 0 0 0 0 11 11 0 0 0 11 
11 0 11 0 0 11 0 0 0 0 0 0 11 0 0 11 
11 11 11 11 11 11 11 11 11 11 11 11 11 11 11 11 

8651
11 11 11 11 11 11 11 11 11 11 11 11 11 11 11 11 
11 0 0 0 0 0 0 11 0 11 0 0 0 0 0 11 
11 11 0 0 11 11 0 0 0 0 0 11 0 0 11 11 
11 0 0 0 0 0 0 11 0 15 0 0 0 0 0 11 
11 0 0 0 0 11 11 15 0 11 0 0 0 11 0 11 
11 0 0 0 0 0 0 15 11 0 0 0 0 11 0 11 
11 11 0 0 0 11 0 0 15 0 0 0 0 0 0 11 
11 0 0 0 0 11 0 0 11 0 0 0 11 0 0 11 
11 0 0 0 0 0 0 0 0 0 0 0 0 0 0 11 
11 11 11 0 0 0 0 11 0 0 0 0 0 0 0 11 
11 0 0 0 0 11 0 0 0 0 11 11 0 0 0 11 
11 0 11 0 0 11 0 0 0 0 0 0 11 0 0 11 
11 11 11 11 11 11 11 11 11 11 11 11 11 11 11 11 

8651
11 11 11 11 11 11 11 11 11 11 11 11 11 11 11 11 
11 0 0 0 0 0 0 11 0 11 0 0 0 0 0 11 
11 11 0 0 11 11 0 0 0 0 0 11 0 0 11 11 
11 0 0 0 0 0 0 11 15 0 0 0 0 0 0 11 
11 0 0 0 0 11 11 15 0 11 0 0 0 11 0 11 
11 0 0 0 0 0 15 0 11 0 0 0 0 11 0 11 
11 11 0 0 0 11 0 0 15 0 0 0 0 0 0 11 
11 0 0 0 0 11 0 0 11 0 0 0 11 0 0 11 
11 0 0 0 0 0 0 0 0 0 0 0 0 0 0 11 
11 11 11 0 0 0 0 11 0 0 0 0 0 0 0 11 
11 0 0 0 0 11 0 0 0 0 11 11 0 0 0 11 
11 0 11 0 0 11 0 0 0 0 0 0 11 0 0 11 
11 11 11 11 11 11 11 11 11 11 11 11 11 11 11 11 

8649
0 0 0 0 0 0 0 0 0 0 0 0 0 0 0 0 
0 0 0 0 0 0 0 0 0 0 0 0 0 0 0 0 
0 0 0 0 0 0 0 0 0 0 0 0 0 0 0 0 
0 0 0 0 0 0 0 0 0 0 0 0 0 0 0 0 
0 0 0 0 0 0 0 15 0 0 0 0 0 0 0 0 
0 0 0 0 0 0 0 0 0 0 0 0 0 0 0 0 
0 0 0 0 0 0 15 0 15 15 0 0 0 0 0 0 
0 0 0 0 0 0 0 0 0 0 15 0 0 0 0 0 
0 0 0 0 0 0 0 0 0 0 0 0 0 0 0 0 
0 0 0 0 0 0 0 0 0 0 0 0 0 0 0 0 
0 0 0 0 0 0 0 0 0 0 0 0 0 0 0 0 
0 0 0 0 0 0 0 0 0 0 0 0 0 0 0 0 
0 0 0 0 0 0 0 0 0 0 0 0 0 0 0 0 

8647
0 0 0 0 0 0 0 0 0 0 0 0 0 0 0 0 
0 0 0 0 0 0 0 0 0 0 0 0 0 0 0 0 
0 0 0 0 0 0 0 0 0 0 0 0 0 0 0 0 
0 0 0 0 0 0 0 0 14 15 0 0 0 0 0 0 
0 0 0 0 0 0 0 15 0 0 0 0 0 0 0 0 
0 0 0 0 0 0 0 0 0 0 0 0 0 0 0 0 
0 0 0 0 0 0 0 0 15 0 15 0 0 0 0 0 
0 0 0 0 0 0 0 0 0 0 0 0 0 0 0 0 
0 0 0 0 0 0 0 0 0 0 0 0 0 0 0 0 
0 0 0 0 0 0 0 0 0 0 0 0 0 0 0 0 
0 0 0 0 0 0 0 0 0 0 0 0 0 0 0 0 
0 0 0 0 0 0 0 0 0 0 0 0 0 0 0 0 
0 0 0 0 0 0 0 0 0 0 0 0 0 0 0 0 

8647
0 0 0 0 0 0 0 0 0 0 0 0 0 0 0 0 
0 0 0 0 0 0 0 0 0 0 0 0 0 0 0 0 
0 0 0 0 0 0 0 0 0 0 0 0 0 0 0 0 
0 0 0 0 0 0 0 0 14 15 0 0 0 0 0 0 
0 0 0 0 0 0 0 15 0 0 0 0 0 0 0 0 
0 0 0 0 0 0 0 0 0 0 0 0 0 0 0 0 
0 0 0 0 0 0 0 0 15 0 15 0 0 0 0 0 
0 0 0 0 0 0 0 0 0 0 0 0 0 0 0 0 
0 0 0 0 0 0 0 0 0 0 0 0 0 0 0 0 
0 0 0 0 0 0 0 0 0 0 0 0 0 0 0 0 
0 0 0 0 0 0 0 0 0 0 0 0 0 0 0 0 
0 0 0 0 0 0 0 0 0 0 0 0 0 0 0 0 
0 0 0 0 0 0 0 0 0 0 0 0 0 0 0 0 

8647
0 0 0 0 0 0 0 0 0 0 0 0 0 0 0 0 
0 0 0 0 0 0 0 0 0 0 0 0 0 0 0 0 
0 0 0 0 0 0 0 0 0 0 0 0 0 0 0 0 
0 0 0 0 0 0 0 0 14 15 0 0 0 0 0 0 
0 0 0 0 0 0 0 15 0 0 0 0 0 0 0 0 
0 0 0 0 0 0 0 0 0 0 0 0 0 0 0 0 
0 0 0 0 0 0 0 0 15 0 15 0 0 0 0 0 
0 0 0 0 0 0 0 0 0 0 0 0 0 0 0 0 
0 0 0 0 0 0 0 0 0 0 0 0 0 0 0 0 
0 0 0 0 0 0 0 0 0 0 0 0 0 0 0 0 
0 0 0 0 0 0 0 0 0 0 0 0 0 0 0 0 
0 0 0 0 0 0 0 0 0 0 0 0 0 0 0 0 
0 0 0 0 0 0 0 0 0 0 0 0 0 0 0 0 

8644
0 0 0 0 0 0 0 0 0 0 0 0 0 0 0 0 
0 0 0 0 0 0 0 0 0 0 0 0 0 0 0 0 
0 0 0 0 0 0 0 0 0 0 0 0 0 0 0 0 
0 0 0 0 0 0 0 0 0 0 0 0 0 0 0 0 
0 0 0 0 0 0 0 15 0 0 0 0 0 0 0 0 
0 0 0 0 0 0 0 15 0 0 0 0 0 0 0 0 
0 0 0 0 0 0 0 0 15 0 15 0 0 0 0 0 
0 0 0 0 12 0 0 0 0 0 0 0 0 0 0 0 
0 0 0 0 0 0 0 0 0 0 0 0 0 0 0 0 
0 0 0 0 0 0 0 0 0 0 0 0 0 0 0 0 
0 0 0 0 0 0 0 0 0 0 0 0 0 0 0 0 
0 0 0 0 0 0 0 0 0 0 0 0 0 0 0 0 
0 0 0 0 0 0 0 0 0 0 0 0 0 0 0 0 

8653
0 0 0 0 0 0 0 0 0 0 0 0 0 0 0 0 
0 0 0 0 0 0 0 0 0 0 0 0 0 0 0 0 
0 0 0 0 0 0 0 0 0 0 0 0 11 0 0 0 
0 0 0 0 0 0 0 0 0 15 0 0 0 0 0 0 
0 0 0 0 0 0 0 15 0 0 0 0 0 0 0 0 
0 0 0 0 0 0 0 0 0 0 0 0 0 0 0 0 
0 0 0 0 0 0 0 0 15 0 0 0 0 0 0 0 
0 0 0 0 0 0 0 0 0 0 0 0 0 0 0 0 
0 0 0 0 0 0 0 15 0 0 0 0 0 0 0 0 
0 0 0 0 0 0 0 0 0 0 0 0 0 0 0 0 
0 0 0 0 0 0 0 0 0 0 0 0 0 0 0 0 
0 0 0 0 0 0 0 0 0 0 0 0 0 0 0 0 
0 0 0 0 0 0 0 0 0 0 0 0 0 0 0 0 

8653
0 0 0 0 0 0 0 0 0 0 0 0 0 0 0 0 
0 0 0 0 0 0 0 0 0 0 0 0 0 0 0 0 
0 0 0 0 0 0 0 0 0 0 0 0 11 0 0 0 
0 0 0 0 0 0 0 0 0 15 0 0 0 0 0 0 
0 0 0 0 0 0 0 15 0 0 0 0 0 0 0 0 
0 0 0 0 0 0 0 0 0 0 0 0 0 0 0 0 
0 0 0 0 0 0 0 0 15 0 0 0 0 0 0 0 
0 0 0 0 0 0 0 0 0 0 0 0 0 0 0 0 
0 0 0 0 0 0 0 15 0 0 0 0 0 0 0 0 
0 0 0 0 0 0 0 0 0 0 0 0 0 0 0 0 
0 0 0 0 0 0 0 0 0 0 0 0 0 0 0 0 
0 0 0 0 0 0 0 0 0 0 0 0 0 0 0 0 
0 0 0 0 0 0 0 0 0 0 0 0 0 0 0 0 

8653
0 0 0 0 0 0 0 0 0 0 0 0 0 0 0 0 
0 0 0 0 0 0 0 0 0 0 0 0 0 0 0 0 
0 0 0 0 0 0 0 0 0 0 0 0 11 0 0 0 
0 0 0 0 0 0 0 0 0 15 0 0 0 0 0 0 
0 0 0 0 0 0 0 15 0 0 0 0 0 0 0 0 
0 0 0 0 0 0 0 0 0 0 0 0 0 0 0 0 
0 0 0 0 0 0 0 0 15 0 0 0 0 0 0 0 
0 0 0 0 0 0 0 0 0 0 0 0 0 0 0 0 
0 0 0 0 0 0 0 15 0 0 0 0 0 0 0 0 
0 0 0 0 0 0 0 0 0 0 0 0 0 0 0 0 
0 0 0 0 0 0 0 0 0 0 0 0 0 0 0 0 
0 0 0 0 0 0 0 0 0 0 0 0 0 0 0 0 
0 0 0 0 0 0 0 0 0 0 0 0 0 0 0 0 

8651
0 0 0 0 0 0 0 0 0 0 0 0 0 0 0 0 
0 0 0 0 0 0 0 0 0 0 0 0 0 0 0 0 
0 0 0 0 0 0 0 0 0 0 0 0 0 0 0 0 
0 0 0 0 0 0 0 0 0 0 0 0 0 0 0 0 
0 0 0 0 0 0 0 15 15 0 0 0 0 0 0 0 
0 0 0 0 0 0 0 15 0 0 0 0 0 0 0 0 
0 0 0 0 0 0 0 0 15 0 0 0 0 0 0 0 
0 0 0 0 0 0 0 0 0 0 0 0 0 0 0 0 
0 0 0 0 0 0 0 0 0 0 0 0 0 0 0 0 
0 0 0 0 0 0 0 0 0 0 0 0 0 0 0 0 
0 0 0 0 0 0 0 0 0 0 0 0 0 0 0 0 
0 0 0 0 0 0 0 0 0 0 0 0 0 0 0 0 
0 0 0 0 0 0 0 0 0 0 0 0 0 0 0 0 

8651
0 0 0 0 0 0 0 0 0 0 0 0 0 0 0 0 
0 0 0 0 0 0 0 0 0 0 0 0 0 0 0 0 
0 0 0 0 0 0 0 15 0 0 0 0 0 0 0 0 
0 0 0 0 0 0 0 0 0 0 0 0 0 0 0 0 
0 0 0 0 0 0 0 15 0 0 0 0 0 0 0 0 
0 0 0 0 0 0 0 0 0 0 0 0 0 0 0 0 
0 0 0 0 0 0 15 0 15 0 0 0 0 0 0 0 
0 0 0 0 0 0 0 0 0 0 0 0 0 0 0 0 
0 0 0 0 0 0 0 0 0 0 0 0 0 0 0 0 
0 0 0 0 0 0 0 0 0 0 0 0 0 0 0 0 
0 0 0 0 0 0 0 0 0 0 0 0 0 0 0 0 
0 0 0 0 0 0 0 0 0 0 0 0 0 0 0 0 
0 0 0 0 0 0 0 0 0 0 0 0 0 0 0 0 

8653
0 0 0 0 0 0 0 0 0 0 0 0 0 0 0 0 
0 0 0 0 0 0 0 0 0 0 0 0 0 0 0 0 
0 0 0 0 0 0 0 0 0 0 0 0 0 0 0 0 
0 0 0 0 0 0 0 0 0 15 0 11 0 0 0 0 
0 0 0 0 0 0 0 15 0 0 0 0 0 0 0 0 
0 0 0 0 0 0 0 0 0 0 0 0 0 0 0 0 
0 0 0 0 0 0 0 0 15 0 0 0 0 0 0 0 
0 0 0 0 0 0 0 0 0 0 0 0 0 0 0 0 
0 0 0 0 0 0 0 15 0 0 0 0 0 0 0 0 
0 0 0 0 0 0 0 0 0 0 0 0 0 0 0 0 
0 0 0 0 0 0 0 0 0 0 0 0 0 0 0 0 
0 0 0 0 0 0 0 0 0 0 0 0 0 0 0 0 
0 0 0 0 0 0 0 0 0 0 0 0 0 0 0 0 

8649
0 0 0 0 0 0 0 0 0 0 0 0 0 0 0 0 
0 0 0 0 0 0 0 0 0 0 0 0 0 0 0 0 
0 0 0 0 0 0 0 0 0 0 0 0 0 0 0 0 
0 0 0 0 0 0 0 0 0 0 0 0 0 0 0 0 
0 0 0 0 0 0 0 15 15 0 0 0 0 0 0 0 
0 0 0 0 0 0 0 0 0 15 0 0 0 0 0 0 
0 0 0 0 0 0 0 0 15 0 0 0 0 0 0 0 
0 0 0 0 0 0 0 0 0 0 0 0 0 0 0 0 
0 0 0 0 0 0 0 15 0 0 0 0 0 0 0 0 
0 0 0 0 0 0 0 0 0 0 0 0 0 0 0 0 
0 0 0 0 0 0 0 0 0 0 0 0 0 0 0 0 
0 0 0 0 0 0 0 0 0 0 0 0 0 0 0 0 
0 0 0 0 0 0 0 0 0 0 0 0 0 0 0 0 

8649
0 0 0 0 0 0 0 0 0 0 0 0 0 0 0 0 
0 0 0 0 0 0 0 0 0 0 0 0 0 0 0 0 
0 0 0 0 0 0 0 0 0 0 0 0 0 0 0 0 
0 0 0 0 0 0 0 0 0 0 0 0 0 0 0 0 
0 0 0 0 0 0 0 15 15 0 0 0 0 0 0 0 
0 0 0 0 0 0 0 0 0 15 0 0 0 0 0 0 
0 0 0 0 0 0 0 0 15 0 0 0 0 0 0 0 
0 0 0 0 0 0 0 0 0 0 0 0 0 0 0 0 
0 0 0 0 0 0 0 15 0 0 0 0 0 0 0 0 
0 0 0 0 0 0 0 0 0 0 0 0 0 0 0 0 
0 0 0 0 0 0 0 0 0 0 0 0 0 0 0 0 
0 0 0 0 0 0 0 0 0 0 0 0 0 0 0 0 
0 0 0 0 0 0 0 0 0 0 0 0 0 0 0 0 

8649
0 0 0 0 0 0 0 0 0 0 0 0 0 0 0 0 
0 0 0 0 0 0 0 0 0 0 0 0 0 0 0 0 
0 0 0 0 0 0 0 0 0 0 0 0 0 0 0 0 
0 0 0 0 0 0 0 0 0 0 0 0 0 0 0 0 
0 0 0 0 0 0 0 15 15 0 0 0 0 0 0 0 
0 0 0 0 0 0 0 0 0 15 0 0 0 0 0 0 
0 0 0 0 0 0 0 0 15 0 0 0 0 0 0 0 
0 0 0 0 0 0 0 0 0 0 0 0 0 0 0 0 
0 0 0 0 0 0 0 15 0 0 0 0 0 0 0 0 
0 0 0 0 0 0 0 0 0 0 0 0 0 0 0 0 
0 0 0 0 0 0 0 0 0 0 0 0 0 0 0 0 
0 0 0 0 0 0 0 0 0 0 0 0 0 0 0 0 
0 0 0 0 0 0 0 0 0 0 0 0 0 0 0 0 

8646
0 0 0 0 0 0 0 0 0 0 0 0 0 0 0 0 
0 0 0 0 0 0 0 0 0 0 0 0 0 0 0 0 
0 0 0 0 0 0 0 0 0 0 0 0 0 0 0 0 
0 0 0 0 0 0 0 0 15 0 0 0 0 0 0 0 
0 0 0 0 0 0 0 15 0 0 0 0 0 0 0 0 
0 0 0 0 0 0 0 0 0 0 0 0 0 0 0 0 
0 0 0 0 0 0 0 15 15 0 0 0 0 0 0 0 
0 0 0 0 0 0 0 0 0 0 0 15 0 0 0 0 
0 0 0 0 0 0 0 0 0 0 0 0 0 0 0 0 
0 0 0 0 0 0 0 0 0 0 0 0 0 0 0 0 
0 0 0 0 0 0 0 0 0 0 0 0 0 0 0 0 
0 0 0 0 0 0 0 0 0 0 0 0 0 0 0 0 
0 0 0 0 0 0 0 0 0 0 0 0 0 0 0 0 

8653
0 0 0 0 0 0 0 0 0 0 0 0 0 0 0 0 
0 0 0 0 0 0 0 0 0 0 0 0 0 0 0 0 
0 0 0 0 0 0 0 0 0 0 0 0 0 0 0 0 
0 0 0 0 0 0 0 0 15 0 11 0 0 0 0 0 
0 0 0 0 0 0 0 15 0 0 0 0 0 0 0 0 
0 0 0 0 0 0 0 0 0 0 0 0 0 0 0 0 
0 0 0 0 0 0 15 0 15 0 0 0 0 0 0 0 
0 0 0 0 0 0 0 0 0 0 0 0 0 0 0 0 
0 0 0 0 0 0 0 0 0 0 0 0 0 0 0 0 
0 0 0 0 0 0 0 0 0 0 0 0 0 0 0 0 
0 0 0 0 0 0 0 0 0 0 0 0 0 0 0 0 
0 0 0 0 0 0 0 0 0 0 0 0 0 0 0 0 
0 0 0 0 0 0 0 0 0 0 0 0 0 0 0 0 

8651
0 0 0 0 0 0 0 0 0 0 0 0 0 0 0 0 
0 0 0 0 0 0 0 0 0 0 0 0 0 0 0 0 
0 0 0 0 0 0 0 0 0 0 0 0 0 0 0 0 
0 0 0 0 0 0 0 0 15 0 0 0 0 0 0 0 
0 0 0 0 0 0 0 15 0 0 0 0 0 0 0 0 
0 0 0 0 0 0 0 0 0 0 0 0 0 0 0 0 
0 0 0 0 0 0 0 0 15 0 0 0 0 0 0 0 
0 0 0 0 0 0 0 0 0 0 0 0 0 0 0 0 
0 0 0 0 0 0 0 15 0 0 0 0 0 0 0 0 
0 0 0 0 0 0 0 0 0 0 0 0 0 0 0 0 
0 0 0 0 0 0 0 0 0 0 0 0 0 0 0 0 
0 0 0 0 0 0 0 0 0 0 0 0 0 0 0 0 
0 0 0 0 0 0 0 0 0 0 0 0 0 0 0 0 

8649
0 0 0 0 0 0 0 0 0 0 0 0 0 0 0 0 
0 0 0 0 0 0 0 0 0 0 0 0 0 0 0 0 
0 0 0 0 0 0 0 0 0 0 0 0 0 0 0 0 
0 0 0 0 0 0 0 0 0 0 0 0 0 0 0 0 
0 0 0 0 0 0 0 15 15 0 0 0 0 0 0 0 
0 0 0 0 0 0 0 0 0 0 0 0 0 0 0 0 
0 0 0 0 0 0 0 15 15 0 0 0 0 0 0 0 
0 0 0 0 0 0 0 0 0 0 15 0 0 0 0 0 
0 0 0 0 0 0 0 0 0 0 0 0 0 0 0 0 
0 0 0 0 0 0 0 0 0 0 0 0 0 0 0 0 
0 0 0 0 0 0 0 0 0 0 0 0 0 0 0 0 
0 0 0 0 0 0 0 0 0 0 0 0 0 0 0 0 
0 0 0 0 0 0 0 0 0 0 0 0 0 0 0 0 

8649
0 0 0 0 0 0 0 0 0 0 0 0 0 0 0 0 
0 0 0 0 0 0 0 0 0 0 0 0 0 0 0 0 
0 0 0 0 0 0 0 0 0 0 0 0 0 0 0 0 
0 0 0 0 0 0 0 0 0 0 0 0 0 0 0 0 
0 0 0 0 0 0 0 15 15 0 0 0 0 0 0 0 
0 0 0 0 0 0 0 0 0 0 0 0 0 0 0 0 
0 0 0 0 0 0 0 15 15 0 0 0 0 0 0 0 
0 0 0 0 0 0 0 0 0 0 15 0 0 0 0 0 
0 0 0 0 0 0 0 0 0 0 0 0 0 0 0 0 
0 0 0 0 0 0 0 0 0 0 0 0 0 0 0 0 
0 0 0 0 0 0 0 0 0 0 0 0 0 0 0 0 
0 0 0 0 0 0 0 0 0 0 0 0 0 0 0 0 
0 0 0 0 0 0 0 0 0 0 0 0 0 0 0 0 

8649
0 0 0 0 0 0 0 0 0 0 0 0 0 0 0 0 
0 0 0 0 0 0 0 0 0 0 0 0 0 0 0 0 
0 0 0 0 0 0 0 0 0 0 0 0 0 0 0 0 
0 0 0 0 0 0 0 0 0 0 0 0 0 0 0 0 
0 0 0 0 0 0 0 15 15 0 0 0 0 0 0 0 
0 0 0 0 0 0 0 0 0 0 0 0 0 0 0 0 
0 0 0 0 0 0 0 15 15 0 0 0 0 0 0 0 
0 0 0 0 0 0 0 0 0 0 15 0 0 0 0 0 
0 0 0 0 0 0 0 0 0 0 0 0 0 0 0 0 
0 0 0 0 0 0 0 0 0 0 0 0 0 0 0 0 
0 0 0 0 0 0 0 0 0 0 0 0 0 0 0 0 
0 0 0 0 0 0 0 0 0 0 0 0 0 0 0 0 
0 0 0 0 0 0 0 0 0 0 0 0 0 0 0 0 

8652
0 0 0 0 0 0 0 0 0 0 0 0 0 0 0 0 
0 0 0 0 0 0 0 0 0 0 0 0 11 0 0 0 
0 0 0 0 0 0 0 15 0 0 0 0 0 0 0 0 
0 0 0 0 0 0 0 0 0 0 0 0 0 0 0 0 
0 0 0 0 0 0 0 15 0 0 0 0 0 0 0 0 
0 0 0 0 0 0 0 15 0 0 12 0 0 0 0 0 
0 0 0 0 0 0 0 0 15 0 0 0 0 0 0 0 
0 0 0 0 0 0 0 0 0 0 0 0 0 0 0 0 
0 0 0 0 0 0 0 0 0 0 0 0 0 0 0 0 
0 0 0 0 0 0 0 0 0 0 0 0 0 0 0 0 
0 0 0 0 0 0 0 0 0 0 0 0 0 0 0 0 
0 0 0 0 0 0 0 0 0 0 0 0 0 0 0 0 
0 0 0 0 0 0 0 0 0 0 0 0 0 0 0 0 

8650
0 0 0 0 0 0 0 0 0 0 0 0 0 0 0 0 
0 0 0 0 0 0 15 0 0 0 0 0 0 0 0 0 
0 0 0 0 0 0 0 0 0 0 0 0 11 0 0 0 
0 0 0 0 0 0 0 0 0 0 0 0 0 0 0 0 
0 0 0 0 0 0 0 15 0 0 0 0 0 0 0 0 
0 0 0 0 0 0 0 0 0 15 0 0 0 0 0 0 
0 0 0 0 0 0 0 0 15 0 0 0 0 0 0 0 
0 0 0 0 0 0 0 0 0 0 0 0 0 0 0 0 
0 0 0 0 0 0 0 0 0 0 0 0 0 0 0 0 
0 0 0 0 0 0 0 0 0 0 0 0 0 0 0 0 
0 0 0 0 0 0 0 0 0 0 0 0 0 0 0 0 
0 0 0 0 0 0 0 0 0 0 0 0 0 0 0 0 
0 0 0 0 0 0 0 0 0 0 0 0 0 0 0 0 

8650
0 0 0 0 0 0 0 0 0 0 0 0 0 0 0 0 
0 0 0 0 0 0 15 0 0 0 0 0 0 0 0 0 
0 0 0 0 0 0 0 0 0 0 0 0 11 0 0 0 
0 0 0 0 0 0 0 0 0 0 0 0 0 0 0 0 
0 0 0 0 0 0 0 15 0 0 0 0 0 0 0 0 
0 0 0 0 0 0 0 0 0 15 0 0 0 0 0 0 
0 0 0 0 0 0 0 0 15 0 0 0 0 0 0 0 
0 0 0 0 0 0 0 0 0 0 0 0 0 0 0 0 
0 0 0 0 0 0 0 0 0 0 0 0 0 0 0 0 
0 0 0 0 0 0 0 0 0 0 0 0 0 0 0 0 
0 0 0 0 0 0 0 0 0 0 0 0 0 0 0 0 
0 0 0 0 0 0 0 0 0 0 0 0 0 0 0 0 
0 0 0 0 0 0 0 0 0 0 0 0 0 0 0 0 

8650
0 0 0 0 0 0 0 0 0 0 0 0 0 0 0 0 
0 0 0 0 0 0 15 0 0 0 0 0 0 0 0 0 
0 0 0 0 0 0 0 0 0 0 0 0 11 0 0 0 
0 0 0 0 0 0 0 0 0 0 0 0 0 0 0 0 
0 0 0 0 0 0 0 15 0 0 0 0 0 0 0 0 
0 0 0 0 0 0 0 0 0 15 0 0 0 0 0 0 
0 0 0 0 0 0 0 0 15 0 0 0 0 0 0 0 
0 0 0 0 0 0 0 0 0 0 0 0 0 0 0 0 
0 0 0 0 0 0 0 0 0 0 0 0 0 0 0 0 
0 0 0 0 0 0 0 0 0 0 0 0 0 0 0 0 
0 0 0 0 0 0 0 0 0 0 0 0 0 0 0 0 
0 0 0 0 0 0 0 0 0 0 0 0 0 0 0 0 
0 0 0 0 0 0 0 0 0 0 0 0 0 0 0 0 

8649
0 0 0 0 0 0 0 0 0 0 0 0 0 0 0 0 
0 0 0 0 0 0 0 0 0 0 0 0 0 0 0 0 
0 0 0 0 0 0 0 0 0 0 0 0 0 0 0 0 
0 0 0 0 0 0 0 0 0 15 12 0 0 0 0 0 
0 0 0 0 0 0 0 15 0 0 0 0 0 0 0 0 
0 0 0 0 0 0 0 15 0 0 0 0 0 0 0 0 
0 0 0 0 0 0 0 0 15 0 0 0 11 0 0 0 
0 0 0 0 0 0 0 0 0 0 0 0 0 0 0 0 
0 0 0 0 0 0 0 0 0 0 0 0 0 0 0 0 
0 0 0 0 0 0 0 0 0 0 0 0 0 0 0 0 
0 0 0 0 0 0 0 0 0 0 0 0 0 0 0 0 
0 0 0 0 0 0 0 0 0 0 0 0 0 0 0 0 
0 0 0 0 0 0 0 0 0 0 0 0 0 0 0 0 

8653
0 0 0 0 0 0 0 0 0 0 0 0 0 0 0 0 
0 0 0 0 0 0 0 0 0 0 0 0 0 0 0 0 
0 0 0 0 0 0 0 0 0 0 0 0 0 0 0 0 
0 0 0 0 0 0 0 0 0 15 0 0 0 0 0 0 
0 0 0 0 0 0 0 15 0 0 0 0 11 0 0 0 
0 0 0 0 0 0 0 0 0 0 0 0 0 0 0 0 
0 0 0 0 0 0 0 0 15 0 0 0 0 0 0 0 
0 0 0 0 0 0 0 0 0 0 0 0 0 0 0 0 
0 0 0 0 0 0 0 15 0 0 0 0 0 0 0 0 
0 0 0 0 0 0 0 0 0 0 0 0 0 0 0 0 
0 0 0 0 0 0 0 0 0 0 0 0 0 0 0 0 
0 0 0 0 0 0 0 0 0 0 0 0 0 0 0 0 
0 0 0 0 0 0 0 0 0 0 0 0 0 0 0 0 

8653
0 0 0 0 0 0 0 0 0 0 0 0 0 0 0 0 
0 0 0 0 0 0 0 0 0 0 0 0 0 0 0 0 
0 0 0 0 0 0 0 0 0 0 0 0 0 0 0 0 
0 0 0 0 0 0 0 0 0 15 0 0 0 0 0 0 
0 0 0 0 0 0 0 15 0 0 0 0 11 0 0 0 
0 0 0 0 0 0 0 0 0 0 0 0 0 0 0 0 
0 0 0 0 0 0 0 0 15 0 0 0 0 0 0 0 
0 0 0 0 0 0 0 0 0 0 0 0 0 0 0 0 
0 0 0 0 0 0 0 15 0 0 0 0 0 0 0 0 
0 0 0 0 0 0 0 0 0 0 0 0 0 0 0 0 
0 0 0 0 0 0 0 0 0 0 0 0 0 0 0 0 
0 0 0 0 0 0 0 0 0 0 0 0 0 0 0 0 
0 0 0 0 0 0 0 0 0 0 0 0 0 0 0 0 

8653
0 0 0 0 0 0 0 0 0 0 0 0 0 0 0 0 
0 0 0 0 0 0 0 0 0 0 0 0 0 0 0 0 
0 0 0 0 0 0 0 0 0 0 0 0 0 0 0 0 
0 0 0 0 0 0 0 0 0 15 0 0 0 0 0 0 
0 0 0 0 0 0 0 15 0 0 0 0 11 0 0 0 
0 0 0 0 0 0 0 0 0 0 0 0 0 0 0 0 
0 0 0 0 0 0 0 0 15 0 0 0 0 0 0 0 
0 0 0 0 0 0 0 0 0 0 0 0 0 0 0 0 
0 0 0 0 0 0 0 15 0 0 0 0 0 0 0 0 
0 0 0 0 0 0 0 0 0 0 0 0 0 0 0 0 
0 0 0 0 0 0 0 0 0 0 0 0 0 0 0 0 
0 0 0 0 0 0 0 0 0 0 0 0 0 0 0 0 
0 0 0 0 0 0 0 0 0 0 0 0 0 0 0 0 

8611
0 0 0 0 0 0 0 0 0 0 0 0 0 0 0 0 
0 0 0 0 0 0 0 0 0 0 11 0 0 0 0 0 
0 0 0 0 0 0 0 0 0 0 0 0 0 0 0 0 
0 0 0 0 0 0 0 0 0 11 0 0 0 0 13 0 
0 0 0 0 0 0 0 15 0 0 0 0 0 0 0 0 
0 0 0 0 0 0 15 0 0 0 0 0 0 0 0 0 
0 0 0 0 0 0 0 14 15 0 0 0 0 0 0 0 
0 0 0 0 0 0 0 0 0 0 0 0 0 0 0 0 
0 0 0 0 0 0 0 0 0 0 0 0 0 0 0 0 
0 0 0 0 0 0 0 0 0 0 0 0 0 0 0 0 
0 0 0 0 0 0 0 0 0 0 0 0 0 0 0 0 
0 0 0 0 0 0 0 0 0 0 0 0 0 0 0 0 
0 0 0 0 0 0 0 0 0 0 0 0 0 0 0 0 

8609
0 0 0 0 0 0 0 0 0 0 0 0 0 0 0 0 
0 0 0 0 0 0 0 0 0 0 0 0 0 0 0 0 
0 0 0 0 0 0 0 0 0 0 0 0 0 0 0 0 
0 0 0 0 0 0 0 0 14 0 0 0 0 0 0 0 
0 0 0 0 0 0 0 15 0 0 0 0 0 0 0 0 
0 0 0 0 0 0 0 0 0 0 0 0 0 0 0 0 
0 0 0 0 0 0 0 14 15 0 0 0 0 0 0 0 
0 0 0 0 0 0 0 0 0 15 0 0 0 0 0 0 
0 0 0 0 0 0 0 0 0 0 0 0 0 0 0 0 
0 0 0 0 0 0 0 0 0 0 0 0 0 0 0 0 
0 0 0 0 0 0 0 0 0 0 0 0 0 0 0 0 
0 0 0 0 0 0 0 0 0 0 0 0 0 0 0 0 
0 0 0 0 0 0 0 0 0 0 0 0 0 0 0 0 

8655
0 0 0 0 0 0 0 0 0 0 0 0 0 0 0 0 
0 0 0 0 0 0 0 0 0 0 0 0 11 0 0 0 
0 0 0 0 0 0 0 0 0 0 0 0 0 0 0 0 
0 0 0 0 0 0 0 0 0 11 0 0 0 0 11 0 
0 0 0 0 0 0 0 15 15 0 0 0 0 0 0 0 
0 0 0 0 0 0 0 15 0 0 0 0 0 0 0 0 
0 0 0 0 0 0 0 0 15 0 0 0 0 0 0 0 
0 0 0 0 0 0 0 0 0 0 0 0 0 0 0 0 
0 0 0 0 0 0 0 0 0 0 0 0 0 0 0 0 
0 0 0 0 0 0 0 0 0 0 0 0 0 0 0 0 
0 0 0 0 0 0 0 0 0 0 0 0 0 0 0 0 
0 0 0 0 0 0 0 0 0 0 0 0 0 0 0 0 
0 0 0 0 0 0 0 0 0 0 0 0 0 0 0 0 

8655
0 0 0 0 0 0 0 0 0 0 0 0 0 0 0 0 
0 0 0 0 0 0 0 0 0 0 0 0 11 0 0 0 
0 0 0 0 0 0 0 0 0 0 0 0 0 0 0 0 
0 0 0 0 0 0 0 0 0 11 0 0 0 0 11 0 
0 0 0 0 0 0 0 15 15 0 0 0 0 0 0 0 
0 0 0 0 0 0 0 15 0 0 0 0 0 0 0 0 
0 0 0 0 0 0 0 0 15 0 0 0 0 0 0 0 
0 0 0 0 0 0 0 0 0 0 0 0 0 0 0 0 
0 0 0 0 0 0 0 0 0 0 0 0 0 0 0 0 
0 0 0 0 0 0 0 0 0 0 0 0 0 0 0 0 
0 0 0 0 0 0 0 0 0 0 0 0 0 0 0 0 
0 0 0 0 0 0 0 0 0 0 0 0 0 0 0 0 
0 0 0 0 0 0 0 0 0 0 0 0 0 0 0 0 

8655
0 0 0 0 0 0 0 0 0 0 0 0 0 0 0 0 
0 0 0 0 0 0 0 0 0 0 0 0 11 0 0 0 
0 0 0 0 0 0 0 0 0 0 0 0 0 0 0 0 
0 0 0 0 0 0 0 0 0 11 0 0 0 0 11 0 
0 0 0 0 0 0 0 15 15 0 0 0 0 0 0 0 
0 0 0 0 0 0 0 15 0 0 0 0 0 0 0 0 
0 0 0 0 0 0 0 0 15 0 0 0 0 0 0 0 
0 0 0 0 0 0 0 0 0 0 0 0 0 0 0 0 
0 0 0 0 0 0 0 0 0 0 0 0 0 0 0 0 
0 0 0 0 0 0 0 0 0 0 0 0 0 0 0 0 
0 0 0 0 0 0 0 0 0 0 0 0 0 0 0 0 
0 0 0 0 0 0 0 0 0 0 0 0 0 0 0 0 
0 0 0 0 0 0 0 0 0 0 0 0 0 0 0 0 

8649
0 0 0 0 0 0 0 0 0 0 0 0 0 0 0 0 
0 0 0 0 0 0 0 0 0 0 0 0 0 0 0 0 
0 0 0 0 0 0 0 0 0 0 0 0 0 0 0 0 
0 0 0 0 0 0 0 0 0 0 0 0 0 0 0 0 
0 0 0 0 0 0 0 15 0 0 0 0 0 0 0 0 
0 0 0 0 0 0 15 0 0 0 0 0 0 0 0 0 
0 0 0 0 0 0 0 0 15 0 0 0 0 0 0 0 
0 0 0 0 0 0 0 0 0 15 0 0 0 0 0 0 
0 0 0 0 0 0 0 0 0 0 0 15 0 0 0 0 
0 0 0 0 0 0 0 0 0 0 0 0 0 0 0 0 
0 0 0 0 0 0 0 0 0 0 0 0 0 0 0 0 
0 0 0 0 0 0 0 0 0 0 0 0 0 0 0 0 
0 0 0 0 0 0 0 0 0 0 0 0 0 0 0 0 

8647
0 0 0 0 0 0 0 0 0 0 0 0 0 0 0 0 
0 0 0 0 0 0 0 0 0 0 0 0 0 0 0 0 
0 0 0 0 0 0 0 0 0 0 0 0 0 0 0 0 
0 0 0 0 0 0 0 0 14 0 0 0 0 0 0 0 
0 0 0 0 0 0 0 15 15 0 0 0 0 0 0 0 
0 0 0 0 0 0 0 0 0 0 0 0 0 0 0 0 
0 0 0 0 0 0 0 0 15 0 15 0 0 0 0 0 
0 0 0 0 0 0 0 0 0 0 0 0 0 0 0 0 
0 0 0 0 0 0 0 0 0 0 0 0 0 0 0 0 
0 0 0 0 0 0 0 0 0 0 0 0 0 0 0 0 
0 0 0 0 0 0 0 0 0 0 0 0 0 0 0 0 
0 0 0 0 0 0 0 0 0 0 0 0 0 0 0 0 
0 0 0 0 0 0 0 0 0 0 0 0 0 0 0 0 

8653
0 0 0 0 0 0 0 0 0 0 0 0 0 0 0 0 
0 0 0 0 0 0 0 0 0 0 0 0 0 0 0 0 
0 0 0 0 0 0 0 0 0 0 0 0 0 0 0 0 
0 0 0 0 0 0 0 0 0 15 11 0 0 0 0 0 
0 0 0 0 0 0 0 15 0 0 0 0 0 0 0 0 
0 0 0 0 0 0 15 0 0 0 0 0 0 0 0 0 
0 0 0 0 0 0 0 0 15 0 0 0 0 0 0 0 
0 0 0 0 0 0 0 0 0 0 0 0 0 0 0 0 
0 0 0 0 0 0 0 0 0 0 0 0 0 0 0 0 
0 0 0 0 0 0 0 0 0 0 0 0 0 0 0 0 
0 0 0 0 0 0 0 0 0 0 0 0 0 0 0 0 
0 0 0 0 0 0 0 0 0 0 0 0 0 0 0 0 
0 0 0 0 0 0 0 0 0 0 0 0 0 0 0 0 

8653
0 0 0 0 0 0 0 0 0 0 0 0 0 0 0 0 
0 0 0 0 0 0 0 0 0 0 0 0 0 0 0 0 
0 0 0 0 0 0 0 0 0 0 0 0 0 0 0 0 
0 0 0 0 0 0 0 0 0 15 11 0 0 0 0 0 
0 0 0 0 0 0 0 15 0 0 0 0 0 0 0 0 
0 0 0 0 0 0 15 0 0 0 0 0 0 0 0 0 
0 0 0 0 0 0 0 0 15 0 0 0 0 0 0 0 
0 0 0 0 0 0 0 0 0 0 0 0 0 0 0 0 
0 0 0 0 0 0 0 0 0 0 0 0 0 0 0 0 
0 0 0 0 0 0 0 0 0 0 0 0 0 0 0 0 
0 0 0 0 0 0 0 0 0 0 0 0 0 0 0 0 
0 0 0 0 0 0 0 0 0 0 0 0 0 0 0 0 
0 0 0 0 0 0 0 0 0 0 0 0 0 0 0 0 

8653
0 0 0 0 0 0 0 0 0 0 0 0 0 0 0 0 
0 0 0 0 0 0 0 0 0 0 0 0 0 0 0 0 
0 0 0 0 0 0 0 0 0 0 0 0 0 0 0 0 
0 0 0 0 0 0 0 0 0 15 11 0 0 0 0 0 
0 0 0 0 0 0 0 15 0 0 0 0 0 0 0 0 
0 0 0 0 0 0 15 0 0 0 0 0 0 0 0 0 
0 0 0 0 0 0 0 0 15 0 0 0 0 0 0 0 
0 0 0 0 0 0 0 0 0 0 0 0 0 0 0 0 
0 0 0 0 0 0 0 0 0 0 0 0 0 0 0 0 
0 0 0 0 0 0 0 0 0 0 0 0 0 0 0 0 
0 0 0 0 0 0 0 0 0 0 0 0 0 0 0 0 
0 0 0 0 0 0 0 0 0 0 0 0 0 0 0 0 
0 0 0 0 0 0 0 0 0 0 0 0 0 0 0 0 

8649
0 0 0 0 0 0 0 0 0 0 0 0 0 0 0 0 
0 0 0 0 0 0 0 0 0 0 0 0 0 0 0 0 
0 0 0 0 0 0 0 0 0 0 0 0 0 0 0 0 
0 0 0 0 0 0 0 0 0 0 0 0 0 0 0 0 
0 0 0 0 0 0 0 14 12 0 0 0 0 0 0 0 
0 0 0 0 0 0 0 0 0 0 0 0 0 0 0 0 
0 0 0 0 0 0 14 0 15 0 15 0 0 0 0 0 
0 0 0 0 0 0 0 0 0 0 0 0 0 0 0 0 
0 0 0 0 0 0 0 0 0 0 0 0 0 0 0 0 
0 0 0 0 0 0 0 0 0 0 0 0 0 0 0 0 
0 0 0 0 0 0 0 0 0 0 0 0 0 0 0 0 
0 0 0 0 0 0 0 0 0 0 0 0 0 0 0 0 
0 0 0 0 0 0 0 0 0 0 0 0 0 0 0 0 

8649
0 0 0 0 0 0 0 0 0 0 0 0 0 0 0 0 
0 0 0 0 0 0 0 0 0 0 0 0 0 0 0 0 
0 0 0 0 0 0 0 0 0 0 0 0 0 0 0 0 
0 0 0 0 0 0 0 0 0 0 0 0 0 0 0 0 
0 0 0 0 0 0 0 14 15 0 0 0 0 0 0 0 
0 0 0 0 0 0 15 0 0 0 0 0 0 0 0 0 
0 0 0 0 0 0 0 0 15 0 0 0 0 0 0 0 
0 0 0 0 0 0 0 0 0 0 15 0 0 0 0 0 
0 0 0 0 0 0 0 0 0 0 0 0 0 0 0 0 
0 0 0 0 0 0 0 0 0 0 0 0 0 0 0 0 
0 0 0 0 0 0 0 0 0 0 0 0 0 0 0 0 
0 0 0 0 0 0 0 0 0 0 0 0 0 0 0 0 
0 0 0 0 0 0 0 0 0 0 0 0 0 0 0 0 

8649
0 0 0 0 0 0 0 0 0 0 0 0 0 0 0 0 
0 0 0 0 0 0 0 0 0 0 0 0 0 0 0 0 
0 0 0 0 0 0 0 0 0 0 0 0 0 0 0 0 
0 0 0 0 0 0 0 0 0 0 0 0 0 0 0 0 
0 0 0 0 0 0 0 15 0 0 0 0 0 0 0 0 
0 0 0 0 0 0 15 0 0 0 0 0 0 0 0 0 
0 0 0 0 0 0 0 0 15 0 0 0 0 0 0 0 
0 0 0 0 0 0 0 0 0 0 15 0 0 0 0 0 
0 0 0 0 0 0 0 0 0 0 0 15 0 0 0 0 
0 0 0 0 0 0 0 0 0 0 0 0 0 0 0 0 
0 0 0 0 0 0 0 0 0 0 0 0 0 0 0 0 
0 0 0 0 0 0 0 0 0 0 0 0 0 0 0 0 
0 0 0 0 0 0 0 0 0 0 0 0 0 0 0 0 

8649
0 0 0 0 0 0 0 0 0 0 0 0 0 0 0 0 
0 0 0 0 0 0 0 0 0 0 0 0 0 0 0 0 
0 0 0 0 0 0 0 0 0 0 0 0 0 0 0 0 
0 0 0 0 0 0 0 0 0 0 0 0 0 0 0 0 
0 0 0 0 0 0 0 15 0 0 0 0 0 0 0 0 
0 0 0 0 0 0 0 0 0 15 0 0 0 0 0 0 
0 0 0 0 0 0 0 15 15 0 0 0 0 0 0 0 
0 0 0 0 0 0 0 0 0 15 0 0 0 0 0 0 
0 0 0 0 0 0 0 0 0 0 0 0 0 0 0 0 
0 0 0 0 0 0 0 0 0 0 0 0 0 0 0 0 
0 0 0 0 0 0 0 0 0 0 0 0 0 0 0 0 
0 0 0 0 0 0 0 0 0 0 0 0 0 0 0 0 
0 0 0 0 0 0 0 0 0 0 0 0 0 0 0 0 

8649
0 0 0 0 0 0 0 0 0 0 0 0 0 0 0 0 
0 0 0 0 0 0 0 0 0 0 0 0 0 0 0 0 
0 0 0 0 0 0 0 0 0 0 0 0 0 0 0 0 
0 0 0 0 0 0 0 0 0 0 0 0 0 0 0 0 
0 0 0 0 0 0 0 15 0 0 0 0 0 0 0 0 
0 0 0 0 0 0 0 0 0 15 0 0 0 0 0 0 
0 0 0 0 0 0 0 15 15 0 0 0 0 0 0 0 
0 0 0 0 0 0 0 0 0 15 0 0 0 0 0 0 
0 0 0 0 0 0 0 0 0 0 0 0 0 0 0 0 
0 0 0 0 0 0 0 0 0 0 0 0 0 0 0 0 
0 0 0 0 0 0 0 0 0 0 0 0 0 0 0 0 
0 0 0 0 0 0 0 0 0 0 0 0 0 0 0 0 
0 0 0 0 0 0 0 0 0 0 0 0 0 0 0 0 

8649
0 0 0 0 0 0 0 0 0 0 0 0 0 0 0 0 
0 0 0 0 0 0 0 0 0 0 0 0 0 0 0 0 
0 0 0 0 0 0 0 0 0 0 0 0 0 0 0 0 
0 0 0 0 0 0 0 0 0 0 0 0 0 0 0 0 
0 0 0 0 0 0 0 15 0 0 0 0 0 0 0 0 
0 0 0 0 0 0 0 0 0 15 0 0 0 0 0 0 
0 0 0 0 0 0 0 15 15 0 0 0 0 0 0 0 
0 0 0 0 0 0 0 0 0 15 0 0 0 0 0 0 
0 0 0 0 0 0 0 0 0 0 0 0 0 0 0 0 
0 0 0 0 0 0 0 0 0 0 0 0 0 0 0 0 
0 0 0 0 0 0 0 0 0 0 0 0 0 0 0 0 
0 0 0 0 0 0 0 0 0 0 0 0 0 0 0 0 
0 0 0 0 0 0 0 0 0 0 0 0 0 0 0 0 

8647
0 0 0 0 0 0 0 0 0 0 0 0 0 0 0 0 
0 0 0 0 0 0 0 0 15 0 0 0 0 0 0 0 
0 0 0 0 0 0 0 0 0 0 0 0 0 0 0 0 
0 0 0 0 0 0 0 0 0 0 0 0 0 0 0 0 
0 0 0 0 0 0 0 15 15 0 0 0 0 0 0 0 
0 0 0 0 0 0 0 0 0 0 0 0 0 0 0 0 
0 0 0 0 0 0 0 15 0 0 0 0 0 0 0 0 
0 0 0 0 0 0 0 0 0 0 15 0 0 0 0 0 
0 0 0 0 0 0 0 0 0 0 0 0 0 0 0 0 
0 0 0 0 0 0 0 0 0 0 0 0 0 0 0 0 
0 0 0 0 0 0 0 0 0 0 0 0 0 0 0 0 
0 0 0 0 0 0 0 0 0 0 0 0 0 0 0 0 
0 0 0 0 0 0 0 0 0 0 0 0 0 0 0 0 

8649
0 0 0 0 0 0 0 0 0 0 0 0 0 0 0 0 
0 0 0 0 0 0 0 0 0 0 0 0 0 0 0 0 
0 0 0 0 0 0 0 0 0 0 0 0 0 0 0 0 
0 0 0 0 0 0 0 0 0 0 0 0 0 0 0 0 
0 0 0 0 0 0 0 15 0 0 0 0 0 0 0 0 
0 0 0 0 0 0 15 0 0 0 0 0 0 0 0 0 
0 0 0 0 0 0 0 0 15 15 0 0 0 0 0 0 
0 0 0 0 0 0 0 0 0 0 15 0 0 0 0 0 
0 0 0 0 0 0 0 0 0 0 0 0 0 0 0 0 
0 0 0 0 0 0 0 0 0 0 0 0 0 0 0 0 
0 0 0 0 0 0 0 0 0 0 0 0 0 0 0 0 
0 0 0 0 0 0 0 0 0 0 0 0 0 0 0 0 
0 0 0 0 0 0 0 0 0 0 0 0 0 0 0 0 

8649
0 0 0 0 0 0 0 0 0 0 0 0 0 0 0 0 
0 0 0 0 0 0 0 0 0 0 0 0 0 0 0 0 
0 0 0 0 0 0 0 0 0 0 0 0 0 0 0 0 
0 0 0 0 0 0 0 0 0 0 0 0 0 0 0 0 
0 0 0 0 0 0 0 15 0 0 0 0 0 0 0 0 
0 0 0 0 0 0 15 0 0 0 0 0 0 0 0 0 
0 0 0 0 0 0 0 0 15 0 0 0 0 0 0 0 
0 0 0 0 0 0 0 0 0 15 15 0 0 0 0 0 
0 0 0 0 0 0 0 0 0 0 0 0 0 0 0 0 
0 0 0 0 0 0 0 0 0 0 0 0 0 0 0 0 
0 0 0 0 0 0 0 0 0 0 0 0 0 0 0 0 
0 0 0 0 0 0 0 0 0 0 0 0 0 0 0 0 
0 0 0 0 0 0 0 0 0 0 0 0 0 0 0 0 

8649
0 0 0 0 0 0 0 0 0 0 0 0 0 0 0 0 
0 0 0 0 0 0 0 0 0 0 0 0 0 0 0 0 
0 0 0 0 0 0 0 0 0 0 0 0 0 0 0 0 
0 0 0 0 0 0 0 0 0 0 0 0 0 0 0 0 
0 0 0 0 0 0 0 15 0 0 0 0 0 0 0 0 
0 0 0 0 0 0 15 0 0 0 0 0 0 0 0 0 
0 0 0 0 0 0 0 0 15 0 0 0 0 0 0 0 
0 0 0 0 0 0 0 0 0 15 15 0 0 0 0 0 
0 0 0 0 0 0 0 0 0 0 0 0 0 0 0 0 
0 0 0 0 0 0 0 0 0 0 0 0 0 0 0 0 
0 0 0 0 0 0 0 0 0 0 0 0 0 0 0 0 
0 0 0 0 0 0 0 0 0 0 0 0 0 0 0 0 
0 0 0 0 0 0 0 0 0 0 0 0 0 0 0 0 

8649
0 0 0 0 0 0 0 0 0 0 0 0 0 0 0 0 
0 0 0 0 0 0 0 0 0 0 0 0 0 0 0 0 
0 0 0 0 0 0 0 0 0 0 0 0 0 0 0 0 
0 0 0 0 0 0 0 0 0 0 0 0 0 0 0 0 
0 0 0 0 0 0 0 15 0 0 0 0 0 0 0 0 
0 0 0 0 0 0 15 0 0 0 0 0 0 0 0 0 
0 0 0 0 0 0 0 0 15 0 0 0 0 0 0 0 
0 0 0 0 0 0 0 0 0 15 15 0 0 0 0 0 
0 0 0 0 0 0 0 0 0 0 0 0 0 0 0 0 
0 0 0 0 0 0 0 0 0 0 0 0 0 0 0 0 
0 0 0 0 0 0 0 0 0 0 0 0 0 0 0 0 
0 0 0 0 0 0 0 0 0 0 0 0 0 0 0 0 
0 0 0 0 0 0 0 0 0 0 0 0 0 0 0 0 

8648
0 0 0 0 0 0 0 0 0 0 0 0 0 0 0 0 
0 0 0 0 0 0 0 0 0 0 0 0 0 0 0 0 
0 0 0 0 0 0 0 0 0 0 0 0 0 0 0 0 
0 0 0 0 0 0 0 0 15 0 0 0 0 0 0 0 
0 0 0 0 0 0 0 15 0 0 0 0 0 0 0 0 
0 0 0 0 0 0 0 0 0 0 0 0 0 0 0 0 
0 0 0 0 0 0 0 15 15 0 0 0 0 0 0 0 
0 0 0 0 0 0 0 0 0 15 0 0 0 0 0 0 
0 0 0 0 0 0 0 0 0 0 0 0 0 0 0 0 
0 0 0 0 0 0 0 0 0 0 0 0 0 0 0 0 
0 0 0 0 0 0 0 0 0 0 0 0 0 0 0 0 
0 0 0 0 0 0 0 0 0 0 0 0 0 0 0 0 
0 0 0 0 0 0 0 0 0 0 0 0 0 0 0 0 

8649
0 0 0 0 0 0 0 0 0 0 0 0 0 0 0 0 
0 0 0 0 0 0 0 0 0 0 0 0 0 0 0 0 
0 0 0 0 0 0 0 0 0 0 0 0 0 0 0 0 
0 0 0 0 0 0 0 0 0 0 0 0 0 0 0 0 
0 0 0 0 0 0 0 15 0 0 0 0 0 0 0 0 
0 0 0 0 0 0 0 0 0 0 0 0 0 0 0 0 
0 0 0 0 0 0 15 0 15 0 15 0 0 0 0 0 
0 0 0 0 0 0 0 0 0 15 0 0 0 0 0 0 
0 0 0 0 0 0 0 0 0 0 0 0 0 0 0 0 
0 0 0 0 0 0 0 0 0 0 0 0 0 0 0 0 
0 0 0 0 0 0 0 0 0 0 0 0 0 0 0 0 
0 0 0 0 0 0 0 0 0 0 0 0 0 0 0 0 
0 0 0 0 0 0 0 0 0 0 0 0 0 0 0 0 

8645
0 0 0 0 0 0 0 0 0 0 0 0 0 0 0 0 
0 0 0 0 0 0 0 0 0 0 0 0 0 0 0 0 
0 0 0 0 0 0 0 15 0 0 0 0 0 0 0 0 
0 0 0 0 0 0 0 0 0 0 0 0 0 0 0 0 
0 0 0 0 0 0 0 15 0 0 0 0 0 0 0 0 
0 0 0 0 0 0 15 0 0 0 0 0 0 0 0 0 
0 0 0 0 0 0 0 0 15 12 0 0 11 0 0 0 
0 0 0 0 0 0 0 0 0 0 0 0 0 0 0 0 
0 0 0 0 0 0 0 0 0 0 0 0 0 0 0 0 
0 0 0 0 0 0 0 0 0 0 0 0 0 0 0 0 
0 0 0 0 0 0 0 0 0 0 0 0 0 0 0 0 
0 0 0 0 0 0 0 0 0 0 0 0 0 0 0 0 
0 0 0 0 0 0 0 0 0 0 0 0 0 0 0 0 

8645
0 0 0 0 0 0 0 0 0 0 0 0 0 0 0 0 
0 0 0 0 0 0 0 0 0 0 0 0 0 0 0 0 
0 0 0 0 0 0 0 15 0 0 0 0 0 0 0 0 
0 0 0 0 0 0 0 0 0 0 0 0 0 0 0 0 
0 0 0 0 0 0 0 15 0 0 0 0 0 0 0 0 
0 0 0 0 0 0 15 0 0 0 0 0 0 0 0 0 
0 0 0 0 0 0 0 0 15 12 0 0 11 0 0 0 
0 0 0 0 0 0 0 0 0 0 0 0 0 0 0 0 
0 0 0 0 0 0 0 0 0 0 0 0 0 0 0 0 
0 0 0 0 0 0 0 0 0 0 0 0 0 0 0 0 
0 0 0 0 0 0 0 0 0 0 0 0 0 0 0 0 
0 0 0 0 0 0 0 0 0 0 0 0 0 0 0 0 
0 0 0 0 0 0 0 0 0 0 0 0 0 0 0 0 

8645
0 0 0 0 0 0 0 0 0 0 0 0 0 0 0 0 
0 0 0 0 0 0 0 0 0 0 0 0 0 0 0 0 
0 0 0 0 0 0 0 15 0 0 0 0 0 0 0 0 
0 0 0 0 0 0 0 0 0 0 0 0 0 0 0 0 
0 0 0 0 0 0 0 15 0 0 0 0 0 0 0 0 
0 0 0 0 0 0 15 0 0 0 0 0 0 0 0 0 
0 0 0 0 0 0 0 0 15 12 0 0 11 0 0 0 
0 0 0 0 0 0 0 0 0 0 0 0 0 0 0 0 
0 0 0 0 0 0 0 0 0 0 0 0 0 0 0 0 
0 0 0 0 0 0 0 0 0 0 0 0 0 0 0 0 
0 0 0 0 0 0 0 0 0 0 0 0 0 0 0 0 
0 0 0 0 0 0 0 0 0 0 0 0 0 0 0 0 
0 0 0 0 0 0 0 0 0 0 0 0 0 0 0 0 

8603
0 0 0 0 0 0 0 0 0 0 0 0 0 0 0 0 
0 0 0 0 0 0 0 0 0 0 0 0 0 0 0 0 
0 0 0 0 0 0 0 0 0 0 0 0 0 0 0 0 
0 0 0 0 0 0 0 0 0 0 0 0 0 0 0 0 
0 0 0 0 11 0 0 15 15 0 0 0 0 0 0 0 
0 0 0 11 0 11 0 0 0 0 0 0 0 11 0 0 
0 0 0 0 11 0 0 0 15 0 0 0 0 0 0 0 
0 0 0 11 0 0 0 0 0 0 0 0 0 0 0 0 
0 0 11 0 11 0 0 15 0 0 0 0 0 0 0 0 
0 0 0 11 0 0 0 0 0 0 0 0 0 0 0 0 
0 0 0 0 0 0 0 0 0 0 0 0 0 0 0 0 
0 0 0 0 0 0 0 0 0 0 0 0 0 0 0 0 
0 0 0 0 0 0 0 0 0 0 0 0 0 0 0 0 

8647
0 0 0 0 0 0 0 0 0 0 0 0 0 0 0 0 
0 0 0 0 0 0 0 0 0 0 0 0 0 0 0 0 
0 0 0 0 0 0 0 0 0 0 0 0 0 0 0 0 
0 0 0 0 0 0 0 0 15 0 0 0 0 0 0 0 
0 0 0 0 0 0 0 0 15 0 0 0 0 0 0 0 
0 0 0 0 0 0 15 0 0 0 0 0 0 0 0 0 
0 0 0 0 0 0 0 0 15 0 0 0 0 0 0 0 
0 0 0 0 0 0 0 0 0 0 15 0 0 0 0 0 
0 0 0 0 0 0 0 0 0 0 0 0 0 0 0 0 
0 0 0 0 0 0 0 0 0 0 0 0 0 0 0 0 
0 0 0 0 0 0 0 0 0 0 0 0 0 0 0 0 
0 0 0 0 0 0 0 0 0 0 0 0 0 0 0 0 
0 0 0 0 0 0 0 0 0 0 0 0 0 0 0 0 

8647
0 0 0 0 0 0 0 0 0 0 0 0 0 0 0 0 
0 0 0 0 0 0 0 0 0 0 0 0 0 0 0 0 
0 0 0 0 0 0 0 0 0 0 0 0 0 0 0 0 
0 0 0 0 0 0 0 0 15 0 0 0 0 0 0 0 
0 0 0 0 0 0 0 0 15 0 0 0 0 0 0 0 
0 0 0 0 0 0 15 0 0 0 0 0 0 0 0 0 
0 0 0 0 0 0 0 0 15 0 0 0 0 0 0 0 
0 0 0 0 0 0 0 0 0 0 15 0 0 0 0 0 
0 0 0 0 0 0 0 0 0 0 0 0 0 0 0 0 
0 0 0 0 0 0 0 0 0 0 0 0 0 0 0 0 
0 0 0 0 0 0 0 0 0 0 0 0 0 0 0 0 
0 0 0 0 0 0 0 0 0 0 0 0 0 0 0 0 
0 0 0 0 0 0 0 0 0 0 0 0 0 0 0 0 

8647
0 0 0 0 0 0 0 0 0 0 0 0 0 0 0 0 
0 0 0 0 0 0 0 0 0 0 0 0 0 0 0 0 
0 0 0 0 0 0 0 0 0 0 0 0 0 0 0 0 
0 0 0 0 0 0 0 0 15 0 0 0 0 0 0 0 
0 0 0 0 0 0 0 0 15 0 0 0 0 0 0 0 
0 0 0 0 0 0 15 0 0 0 0 0 0 0 0 0 
0 0 0 0 0 0 0 0 15 0 0 0 0 0 0 0 
0 0 0 0 0 0 0 0 0 0 15 0 0 0 0 0 
0 0 0 0 0 0 0 0 0 0 0 0 0 0 0 0 
0 0 0 0 0 0 0 0 0 0 0 0 0 0 0 0 
0 0 0 0 0 0 0 0 0 0 0 0 0 0 0 0 
0 0 0 0 0 0 0 0 0 0 0 0 0 0 0 0 
0 0 0 0 0 0 0 0 0 0 0 0 0 0 0 0 

8643
0 0 0 0 0 0 0 0 0 0 0 0 0 0 0 0 
0 0 0 0 0 0 0 0 0 0 0 0 0 0 0 0 
0 0 0 0 0 0 0 0 0 0 0 0 0 0 0 0 
0 0 0 0 0 0 0 0 0 0 0 0 11 0 0 0 
0 0 0 0 0 0 0 15 0 0 0 0 0 0 0 0 
0 0 0 0 0 0 0 0 0 0 0 11 0 0 0 0 
0 0 0 0 0 0 0 15 15 0 0 0 0 0 0 0 
0 0 0 0 12 0 0 0 0 0 0 0 0 0 0 0 
0 0 0 0 0 0 0 0 0 0 0 15 0 0 0 0 
0 0 0 0 0 0 0 0 0 0 0 0 0 0 0 0 
0 0 0 0 0 0 0 0 0 0 0 0 0 0 0 0 
0 0 0 0 0 0 0 0 0 0 0 0 0 0 0 0 
0 0 0 0 0 0 0 0 0 0 0 0 0 0 0 0 

8633
0 0 0 0 0 0 0 0 0 0 0 0 0 0 0 0 
0 0 0 0 0 0 0 0 0 0 0 0 0 0 0 0 
0 0 0 0 0 0 0 0 0 0 0 0 0 15 0 0 
0 0 0 0 0 15 0 0 0 0 0 0 0 0 0 0 
0 0 0 0 0 0 0 15 0 0 0 0 0 0 0 0 
0 0 0 0 0 0 0 0 0 0 0 0 0 0 0 0 
0 0 0 0 0 0 0 0 15 15 0 0 0 0 0 0 
0 0 0 0 0 0 0 0 0 0 0 0 0 0 0 0 
0 0 0 0 0 0 0 0 0 0 0 0 0 0 0 0 
0 0 0 0 0 0 0 0 0 0 0 0 0 0 0 0 
0 0 0 0 0 0 0 0 0 0 0 0 0 0 0 0 
0 0 0 0 0 0 0 0 0 0 0 0 0 0 0 0 
0 0 0 0 0 0 0 0 0 0 0 0 0 0 0 0 

8651
0 0 0 0 0 0 0 0 0 0 0 0 0 0 0 0 
0 0 0 0 0 0 0 0 0 0 0 0 0 0 0 0 
0 0 0 0 0 0 0 0 0 0 0 0 0 11 0 0 
0 0 0 0 0 0 0 0 15 0 0 0 0 0 0 0 
0 0 0 0 0 0 0 15 0 0 0 0 0 0 0 0 
0 0 0 0 0 0 0 15 0 0 0 0 0 0 0 0 
0 0 0 0 0 0 0 0 15 0 0 0 0 0 0 0 
0 0 0 0 0 0 0 0 0 0 0 0 0 0 0 0 
0 0 0 0 0 0 0 0 0 0 0 0 0 0 0 0 
0 0 0 0 0 0 0 0 0 0 0 0 0 0 0 0 
0 0 0 0 0 0 0 0 0 0 0 0 0 0 0 0 
0 0 0 0 0 0 0 0 0 0 0 0 0 0 0 0 
0 0 0 0 0 0 0 0 0 0 0 0 0 0 0 0 

8651
0 0 0 0 0 0 0 0 0 0 0 0 0 0 0 0 
0 0 0 0 0 0 0 0 0 0 0 0 0 0 0 0 
0 0 0 0 0 0 0 0 0 0 0 0 0 11 0 0 
0 0 0 0 0 0 0 0 15 0 0 0 0 0 0 0 
0 0 0 0 0 0 0 15 0 0 0 0 0 0 0 0 
0 0 0 0 0 0 0 15 0 0 0 0 0 0 0 0 
0 0 0 0 0 0 0 0 15 0 0 0 0 0 0 0 
0 0 0 0 0 0 0 0 0 0 0 0 0 0 0 0 
0 0 0 0 0 0 0 0 0 0 0 0 0 0 0 0 
0 0 0 0 0 0 0 0 0 0 0 0 0 0 0 0 
0 0 0 0 0 0 0 0 0 0 0 0 0 0 0 0 
0 0 0 0 0 0 0 0 0 0 0 0 0 0 0 0 
0 0 0 0 0 0 0 0 0 0 0 0 0 0 0 0 

8651
0 0 0 0 0 0 0 0 0 0 0 0 0 0 0 0 
0 0 0 0 0 0 0 0 0 0 0 0 0 0 0 0 
0 0 0 0 0 0 0 0 0 0 0 0 0 11 0 0 
0 0 0 0 0 0 0 0 15 0 0 0 0 0 0 0 
0 0 0 0 0 0 0 15 0 0 0 0 0 0 0 0 
0 0 0 0 0 0 0 15 0 0 0 0 0 0 0 0 
0 0 0 0 0 0 0 0 15 0 0 0 0 0 0 0 
0 0 0 0 0 0 0 0 0 0 0 0 0 0 0 0 
0 0 0 0 0 0 0 0 0 0 0 0 0 0 0 0 
0 0 0 0 0 0 0 0 0 0 0 0 0 0 0 0 
0 0 0 0 0 0 0 0 0 0 0 0 0 0 0 0 
0 0 0 0 0 0 0 0 0 0 0 0 0 0 0 0 
0 0 0 0 0 0 0 0 0 0 0 0 0 0 0 0 

8649
0 0 0 0 0 0 0 0 0 0 0 0 0 0 0 0 
0 0 0 0 0 0 0 0 0 0 0 0 0 0 0 0 
0 0 0 0 0 0 0 0 0 0 0 0 0 0 0 0 
0 0 0 0 0 0 0 0 0 0 0 0 0 0 0 0 
0 0 0 0 0 0 0 15 15 0 0 0 0 0 0 0 
0 0 0 0 0 0 0 15 0 0 0 0 0 0 0 0 
0 0 0 0 0 0 0 0 15 15 0 0 0 0 0 0 
0 0 0 0 0 0 0 0 0 0 0 0 0 0 0 0 
0 0 0 0 0 0 0 0 0 0 0 0 0 0 0 0 
0 0 0 0 0 0 0 0 0 0 0 0 0 0 0 0 
0 0 0 0 0 0 0 0 0 0 0 0 0 0 0 0 
0 0 0 0 0 0 0 0 0 0 0 0 0 0 0 0 
0 0 0 0 0 0 0 0 0 0 0 0 0 0 0 0 

8649
0 0 0 0 0 0 0 0 0 0 0 0 0 0 0 0 
0 0 0 0 0 0 0 0 0 0 0 0 0 0 0 0 
0 0 0 0 0 0 0 0 0 0 0 0 0 0 0 0 
0 0 0 0 0 0 0 0 0 0 0 0 0 0 0 0 
0 0 0 0 0 0 0 15 15 0 0 0 0 0 0 0 
0 0 0 0 0 0 0 0 0 15 0 0 0 0 0 0 
0 0 0 0 0 0 15 0 15 0 0 0 0 0 0 0 
0 0 0 0 0 0 0 0 0 0 0 0 0 0 0 0 
0 0 0 0 0 0 0 0 0 0 0 0 0 0 0 0 
0 0 0 0 0 0 0 0 0 0 0 0 0 0 0 0 
0 0 0 0 0 0 0 0 0 0 0 0 0 0 0 0 
0 0 0 0 0 0 0 0 0 0 0 0 0 0 0 0 
0 0 0 0 0 0 0 0 0 0 0 0 0 0 0 0 

8649
0 0 0 0 0 0 0 0 0 0 0 0 0 0 0 0 
0 0 0 0 0 0 0 0 0 0 0 0 0 0 0 0 
0 0 0 0 0 0 0 0 0 0 0 0 0 0 0 0 
0 0 0 0 0 0 0 0 0 0 0 0 0 0 0 0 
0 0 0 0 0 0 0 15 15 0 0 0 0 0 0 0 
0 0 0 0 0 0 0 0 0 15 0 0 0 0 0 0 
0 0 0 0 0 0 15 0 15 0 0 0 0 0 0 0 
0 0 0 0 0 0 0 0 0 0 0 0 0 0 0 0 
0 0 0 0 0 0 0 0 0 0 0 0 0 0 0 0 
0 0 0 0 0 0 0 0 0 0 0 0 0 0 0 0 
0 0 0 0 0 0 0 0 0 0 0 0 0 0 0 0 
0 0 0 0 0 0 0 0 0 0 0 0 0 0 0 0 
0 0 0 0 0 0 0 0 0 0 0 0 0 0 0 0 

8649
0 0 0 0 0 0 0 0 0 0 0 0 0 0 0 0 
0 0 0 0 0 0 0 0 0 0 0 0 0 0 0 0 
0 0 0 0 0 0 0 0 0 0 0 0 0 0 0 0 
0 0 0 0 0 0 0 0 0 0 0 0 0 0 0 0 
0 0 0 0 0 0 0 15 0 0 0 0 0 0 0 0 
0 0 0 0 0 0 0 0 0 0 0 0 0 0 0 0 
0 0 0 0 0 0 0 0 15 0 0 0 0 0 0 0 
0 0 0 0 0 0 0 0 0 15 0 0 0 0 0 0 
0 0 0 0 0 0 0 15 0 0 0 15 0 0 0 0 
0 0 0 0 0 0 0 0 0 0 0 0 0 0 0 0 
0 0 0 0 0 0 0 0 0 0 0 0 0 0 0 0 
0 0 0 0 0 0 0 0 0 0 0 0 0 0 0 0 
0 0 0 0 0 0 0 0 0 0 0 0 0 0 0 0 

8649
0 0 0 0 0 0 0 0 0 0 0 0 0 0 0 0 
0 0 0 0 0 0 0 0 0 0 0 0 0 0 0 0 
0 0 0 0 0 0 0 0 0 0 0 0 0 0 0 0 
0 0 0 0 0 0 0 0 0 0 0 0 0 0 0 0 
0 0 0 0 0 0 0 15 15 0 0 0 0 0 0 0 
0 0 0 0 0 0 0 0 0 15 0 0 0 0 0 0 
0 0 0 0 0 0 15 0 15 0 0 0 0 0 0 0 
0 0 0 0 0 0 0 0 0 0 0 0 0 0 0 0 
0 0 0 0 0 0 0 0 0 0 0 0 0 0 0 0 
0 0 0 0 0 0 0 0 0 0 0 0 0 0 0 0 
0 0 0 0 0 0 0 0 0 0 0 0 0 0 0 0 
0 0 0 0 0 0 0 0 0 0 0 0 0 0 0 0 
0 0 0 0 0 0 0 0 0 0 0 0 0 0 0 0 

8649
0 0 0 0 0 0 0 0 0 0 0 0 0 0 0 0 
0 0 0 0 0 0 0 0 0 0 0 0 0 0 0 0 
0 0 0 0 0 0 0 0 0 0 0 0 0 0 0 0 
0 0 0 0 0 0 0 0 0 0 0 0 0 0 0 0 
0 0 0 0 0 0 0 15 0 0 0 0 0 0 0 0 
0 0 0 0 0 0 0 0 0 0 0 0 0 0 0 0 
0 0 0 0 0 0 0 0 15 0 0 0 0 0 0 0 
0 0 0 0 0 0 0 0 0 15 0 0 0 0 0 0 
0 0 0 0 0 0 0 15 0 0 0 15 0 0 0 0 
0 0 0 0 0 0 0 0 0 0 0 0 0 0 0 0 
0 0 0 0 0 0 0 0 0 0 0 0 0 0 0 0 
0 0 0 0 0 0 0 0 0 0 0 0 0 0 0 0 
0 0 0 0 0 0 0 0 0 0 0 0 0 0 0 0 

8649
0 0 0 0 0 0 0 0 0 0 0 0 0 0 0 0 
0 0 0 0 0 0 0 0 0 0 0 0 0 0 0 0 
0 0 0 0 0 0 0 0 0 0 0 0 0 0 0 0 
0 0 0 0 0 0 0 0 0 0 0 0 0 0 0 0 
0 0 0 0 0 0 0 15 15 0 0 0 0 0 0 0 
0 0 0 0 0 0 0 0 0 15 0 0 0 0 0 0 
0 0 0 0 0 0 15 0 15 0 0 0 0 0 0 0 
0 0 0 0 0 0 0 0 0 0 0 0 0 0 0 0 
0 0 0 0 0 0 0 0 0 0 0 0 0 0 0 0 
0 0 0 0 0 0 0 0 0 0 0 0 0 0 0 0 
0 0 0 0 0 0 0 0 0 0 0 0 0 0 0 0 
0 0 0 0 0 0 0 0 0 0 0 0 0 0 0 0 
0 0 0 0 0 0 0 0 0 0 0 0 0 0 0 0 

8649
0 0 0 0 0 0 0 0 0 0 0 0 0 0 0 0 
0 0 0 0 0 0 0 0 0 0 0 0 0 0 0 0 
0 0 0 0 0 0 0 0 0 0 0 0 0 0 0 0 
0 0 0 0 0 0 0 0 0 0 0 0 0 0 0 0 
0 0 0 0 0 0 0 15 0 0 0 0 0 0 0 0 
0 0 0 0 0 0 0 0 0 0 0 0 0 0 0 0 
0 0 0 0 0 0 0 15 15 15 15 0 0 0 0 0 
0 0 0 0 0 0 0 0 0 0 0 0 0 0 0 0 
0 0 0 0 0 0 0 0 0 0 0 0 0 0 0 0 
0 0 0 0 0 0 0 0 0 0 0 0 0 0 0 0 
0 0 0 0 0 0 0 0 0 0 0 0 0 0 0 0 
0 0 0 0 0 0 0 0 0 0 0 0 0 0 0 0 
0 0 0 0 0 0 0 0 0 0 0 0 0 0 0 0 

8649
0 0 0 0 0 0 0 0 0 0 0 0 0 0 0 0 
0 0 0 0 0 0 0 0 0 0 0 0 0 0 0 0 
0 0 0 0 0 0 0 0 0 0 0 0 0 0 0 0 
0 0 0 0 0 0 0 0 0 0 0 0 0 0 0 0 
0 0 0 0 0 0 0 15 0 0 0 0 0 0 0 0 
0 0 0 0 0 0 0 0 0 0 0 0 0 0 0 0 
0 0 0 0 0 0 15 0 15 0 15 0 0 0 0 0 
0 0 0 0 0 0 0 0 0 0 0 0 0 0 0 0 
0 0 0 0 0 0 0 0 0 0 0 15 0 0 0 0 
0 0 0 0 0 0 0 0 0 0 0 0 0 0 0 0 
0 0 0 0 0 0 0 0 0 0 0 0 0 0 0 0 
0 0 0 0 0 0 0 0 0 0 0 0 0 0 0 0 
0 0 0 0 0 0 0 0 0 0 0 0 0 0 0 0 

8649
0 0 0 0 0 0 0 0 0 0 0 0 0 0 0 0 
0 0 0 0 0 0 0 0 0 0 0 0 0 0 0 0 
0 0 0 0 0 0 0 0 0 0 0 0 0 0 0 0 
0 0 0 0 0 0 0 0 0 0 0 0 0 0 0 0 
0 0 0 0 0 0 0 15 0 0 0 0 0 0 0 0 
0 0 0 0 0 0 0 0 0 0 0 0 0 0 0 0 
0 0 0 0 0 0 15 0 15 0 15 0 0 0 0 0 
0 0 0 0 0 0 0 0 0 0 0 0 0 0 0 0 
0 0 0 0 0 0 0 0 0 0 0 15 0 0 0 0 
0 0 0 0 0 0 0 0 0 0 0 0 0 0 0 0 
0 0 0 0 0 0 0 0 0 0 0 0 0 0 0 0 
0 0 0 0 0 0 0 0 0 0 0 0 0 0 0 0 
0 0 0 0 0 0 0 0 0 0 0 0 0 0 0 0 

8649
0 0 0 0 0 0 0 0 0 0 0 0 0 0 0 0 
0 0 0 0 0 0 0 0 0 0 0 0 0 0 0 0 
0 0 0 0 0 0 0 0 0 0 0 0 0 0 0 0 
0 0 0 0 0 0 0 0 0 0 0 0 0 0 0 0 
0 0 0 0 0 0 0 15 0 0 0 0 0 0 0 0 
0 0 0 0 0 0 0 0 0 0 0 0 0 0 0 0 
0 0 0 0 0 0 15 0 15 0 15 0 0 0 0 0 
0 0 0 0 0 0 0 0 0 0 0 0 0 0 0 0 
0 0 0 0 0 0 0 0 0 0 0 15 0 0 0 0 
0 0 0 0 0 0 0 0 0 0 0 0 0 0 0 0 
0 0 0 0 0 0 0 0 0 0 0 0 0 0 0 0 
0 0 0 0 0 0 0 0 0 0 0 0 0 0 0 0 
0 0 0 0 0 0 0 0 0 0 0 0 0 0 0 0 

8646
0 0 0 0 0 0 0 0 0 0 0 0 0 0 0 0 
0 0 0 0 0 0 0 0 0 0 0 0 0 0 0 0 
0 0 0 0 0 0 0 0 0 0 0 0 0 0 0 0 
0 0 0 0 0 0 0 0 0 0 0 0 0 0 0 0 
0 0 0 0 0 0 0 15 15 0 0 0 0 0 0 0 
0 0 0 0 0 0 0 15 0 0 0 15 0 0 0 0 
0 0 0 0 0 0 0 0 15 0 0 0 0 0 0 0 
0 0 0 0 0 0 0 0 0 0 0 0 0 0 0 0 
0 0 0 0 0 0 0 0 0 0 0 0 0 0 0 0 
0 0 0 0 0 0 0 0 0 0 0 0 0 0 0 0 
0 0 0 0 0 0 0 0 0 0 0 0 0 0 0 0 
0 0 0 0 0 0 0 0 0 0 0 0 0 0 0 0 
0 0 0 0 0 0 0 0 0 0 0 0 0 0 0 0 

8646
0 0 0 0 0 0 0 0 0 0 0 0 0 0 0 0 
0 0 0 0 0 0 0 0 0 0 0 0 0 0 0 0 
0 0 0 0 0 0 0 0 0 0 0 0 0 15 0 0 
0 0 0 0 0 0 0 0 0 0 0 0 0 0 0 0 
0 0 0 0 0 0 0 15 15 0 0 0 0 0 0 0 
0 0 0 0 0 0 0 0 0 0 0 0 0 0 0 0 
0 0 0 0 0 0 0 15 15 0 0 0 0 0 0 0 
0 0 0 0 0 0 0 0 0 0 0 0 0 0 0 0 
0 0 0 0 0 0 0 0 0 0 0 0 0 0 0 0 
0 0 0 0 0 0 0 0 0 0 0 0 0 0 0 0 
0 0 0 0 0 0 0 0 0 0 0 0 0 0 0 0 
0 0 0 0 0 0 0 0 0 0 0 0 0 0 0 0 
0 0 0 0 0 0 0 0 0 0 0 0 0 0 0 0 

8638
0 0 0 0 0 0 0 0 0 0 0 0 0 0 0 0 
0 0 0 0 0 0 0 0 0 0 0 0 0 0 0 0 
0 0 0 0 0 0 0 0 15 0 0 0 0 0 0 0 
0 0 0 0 0 15 0 0 0 0 0 0 0 0 0 0 
0 0 0 0 0 0 0 15 0 0 0 0 0 0 0 0 
0 0 0 0 0 0 0 0 0 0 0 0 0 0 0 0 
0 0 0 0 0 0 0 0 15 0 0 0 0 0 0 0 
0 0 0 0 0 0 0 0 0 0 15 0 0 0 0 0 
0 0 0 0 0 0 0 0 0 0 0 0 0 0 0 0 
0 0 0 0 0 0 0 0 0 0 0 0 0 0 0 0 
0 0 0 0 0 0 0 0 0 0 0 0 0 0 0 0 
0 0 0 0 0 0 0 0 0 0 0 0 0 0 0 0 
0 0 0 0 0 0 0 0 0 0 0 0 0 0 0 0 

8638
0 0 0 0 0 0 0 0 0 0 0 0 0 0 0 0 
0 0 0 0 0 0 0 0 0 0 0 0 0 0 0 0 
0 0 0 0 0 0 0 0 15 0 0 0 0 0 0 0 
0 0 0 0 0 15 0 0 0 0 0 0 0 0 0 0 
0 0 0 0 0 0 0 15 0 0 0 0 0 0 0 0 
0 0 0 0 0 0 0 0 0 0 0 0 0 0 0 0 
0 0 0 0 0 0 0 0 15 0 0 0 0 0 0 0 
0 0 0 0 0 0 0 0 0 0 15 0 0 0 0 0 
0 0 0 0 0 0 0 0 0 0 0 0 0 0 0 0 
0 0 0 0 0 0 0 0 0 0 0 0 0 0 0 0 
0 0 0 0 0 0 0 0 0 0 0 0 0 0 0 0 
0 0 0 0 0 0 0 0 0 0 0 0 0 0 0 0 
0 0 0 0 0 0 0 0 0 0 0 0 0 0 0 0 

8638
0 0 0 0 0 0 0 0 0 0 0 0 0 0 0 0 
0 0 0 0 0 0 0 0 0 0 0 0 0 0 0 0 
0 0 0 0 0 0 0 0 15 0 0 0 0 0 0 0 
0 0 0 0 0 15 0 0 0 0 0 0 0 0 0 0 
0 0 0 0 0 0 0 15 0 0 0 0 0 0 0 0 
0 0 0 0 0 0 0 0 0 0 0 0 0 0 0 0 
0 0 0 0 0 0 0 0 15 0 0 0 0 0 0 0 
0 0 0 0 0 0 0 0 0 0 15 0 0 0 0 0 
0 0 0 0 0 0 0 0 0 0 0 0 0 0 0 0 
0 0 0 0 0 0 0 0 0 0 0 0 0 0 0 0 
0 0 0 0 0 0 0 0 0 0 0 0 0 0 0 0 
0 0 0 0 0 0 0 0 0 0 0 0 0 0 0 0 
0 0 0 0 0 0 0 0 0 0 0 0 0 0 0 0 

8633
0 0 0 0 0 0 0 0 0 0 0 0 0 0 0 0 
0 0 0 0 0 0 0 0 0 0 0 0 0 0 0 0 
0 0 0 0 0 0 0 0 0 0 0 0 0 0 0 0 
0 0 0 0 0 15 0 0 0 0 0 0 0 0 0 0 
0 0 0 0 0 0 0 15 0 0 0 0 0 0 0 0 
0 0 0 0 0 0 0 0 0 15 0 15 0 0 0 0 
0 0 0 0 0 0 0 0 15 0 0 0 0 0 0 0 
0 0 0 0 0 0 0 0 0 0 0 0 0 0 0 0 
0 0 0 0 0 0 0 0 0 0 0 0 0 0 0 0 
0 0 0 0 0 0 0 0 0 0 0 0 0 0 0 0 
0 0 0 0 0 0 0 0 0 0 0 0 0 0 0 0 
0 0 0 0 0 0 0 0 0 0 0 0 0 0 0 0 
0 0 0 0 0 0 0 0 0 0 0 0 0 0 0 0 

8649
0 0 0 0 0 0 0 0 0 0 0 0 0 0 0 0 
0 0 0 0 0 0 0 0 0 0 0 0 0 0 0 0 
0 0 0 0 0 0 0 0 0 0 0 0 0 0 0 0 
0 0 0 0 0 0 0 0 0 0 0 0 0 0 0 0 
0 0 0 0 0 0 0 15 0 0 0 0 0 0 0 0 
0 0 0 0 0 0 0 0 0 0 0 0 0 0 0 0 
0 0 0 0 0 0 0 0 15 0 0 0 0 0 0 0 
0 0 0 0 0 0 0 0 0 15 15 0 0 0 0 0 
0 0 0 0 0 0 0 15 0 0 0 0 0 0 0 0 
0 0 0 0 0 0 0 0 0 0 0 0 0 0 0 0 
0 0 0 0 0 0 0 0 0 0 0 0 0 0 0 0 
0 0 0 0 0 0 0 0 0 0 0 0 0 0 0 0 
0 0 0 0 0 0 0 0 0 0 0 0 0 0 0 0 

8649
0 0 0 0 0 0 0 0 0 0 0 0 0 0 0 0 
0 0 0 0 0 0 0 0 0 0 0 0 0 0 0 0 
0 0 0 0 0 0 0 0 0 0 0 0 0 0 0 0 
0 0 0 0 0 0 0 0 0 0 0 0 0 0 0 0 
0 0 0 0 0 0 0 15 0 0 0 0 0 0 0 0 
0 0 0 0 0 0 0 0 0 0 0 0 0 0 0 0 
0 0 0 0 0 0 0 15 15 15 0 0 0 0 0 0 
0 0 0 0 0 0 0 0 0 0 0 0 0 0 0 0 
0 0 0 0 0 0 0 0 0 0 0 15 0 0 0 0 
0 0 0 0 0 0 0 0 0 0 0 0 0 0 0 0 
0 0 0 0 0 0 0 0 0 0 0 0 0 0 0 0 
0 0 0 0 0 0 0 0 0 0 0 0 0 0 0 0 
0 0 0 0 0 0 0 0 0 0 0 0 0 0 0 0 

8649
0 0 0 0 0 0 0 0 0 0 0 0 0 0 0 0 
0 0 0 0 0 0 0 0 0 0 0 0 0 0 0 0 
0 0 0 0 0 0 0 0 0 0 0 0 0 0 0 0 
0 0 0 0 0 0 0 0 0 0 0 0 0 0 0 0 
0 0 0 0 0 0 0 15 0 0 0 0 0 0 0 0 
0 0 0 0 0 0 0 0 0 0 0 0 0 0 0 0 
0 0 0 0 0 0 0 0 15 0 0 0 0 0 0 0 
0 0 0 0 0 0 0 0 0 15 15 0 0 0 0 0 
0 0 0 0 0 0 0 15 0 0 0 0 0 0 0 0 
0 0 0 0 0 0 0 0 0 0 0 0 0 0 0 0 
0 0 0 0 0 0 0 0 0 0 0 0 0 0 0 0 
0 0 0 0 0 0 0 0 0 0 0 0 0 0 0 0 
0 0 0 0 0 0 0 0 0 0 0 0 0 0 0 0 

8649
0 0 0 0 0 0 0 0 0 0 0 0 0 0 0 0 
0 0 0 0 0 0 0 0 0 0 0 0 0 0 0 0 
0 0 0 0 0 0 0 0 0 0 0 0 0 0 0 0 
0 0 0 0 0 0 0 0 0 0 0 0 0 0 0 0 
0 0 0 0 0 0 0 15 0 0 0 0 0 0 0 0 
0 0 0 0 0 0 0 0 0 0 0 0 0 0 0 0 
0 0 0 0 0 0 0 15 15 15 0 0 0 0 0 0 
0 0 0 0 0 0 0 0 0 0 0 0 0 0 0 0 
0 0 0 0 0 0 0 0 0 0 0 15 0 0 0 0 
0 0 0 0 0 0 0 0 0 0 0 0 0 0 0 0 
0 0 0 0 0 0 0 0 0 0 0 0 0 0 0 0 
0 0 0 0 0 0 0 0 0 0 0 0 0 0 0 0 
0 0 0 0 0 0 0 0 0 0 0 0 0 0 0 0 

8649
0 0 0 0 0 0 0 0 0 0 0 0 0 0 0 0 
0 0 0 0 0 0 0 0 0 0 0 0 0 0 0 0 
0 0 0 0 0 0 0 0 0 0 0 0 0 0 0 0 
0 0 0 0 0 0 0 0 0 0 0 0 0 0 0 0 
0 0 0 0 0 0 0 15 0 0 0 0 0 0 0 0 
0 0 0 0 0 0 0 0 0 0 0 0 0 0 0 0 
0 0 0 0 0 0 0 0 15 0 0 0 0 0 0 0 
0 0 0 0 0 0 0 0 0 15 15 0 0 0 0 0 
0 0 0 0 0 0 0 15 0 0 0 0 0 0 0 0 
0 0 0 0 0 0 0 0 0 0 0 0 0 0 0 0 
0 0 0 0 0 0 0 0 0 0 0 0 0 0 0 0 
0 0 0 0 0 0 0 0 0 0 0 0 0 0 0 0 
0 0 0 0 0 0 0 0 0 0 0 0 0 0 0 0 

8646
0 0 0 0 0 0 0 0 0 0 0 0 0 0 0 0 
0 0 0 0 0 0 0 0 0 0 0 0 0 0 0 0 
0 0 0 0 0 0 0 0 0 0 0 0 0 0 0 0 
0 0 0 0 0 0 0 0 0 0 0 0 0 0 15 0 
0 0 0 0 0 0 0 15 15 0 0 0 0 0 0 0 
0 0 0 0 0 0 15 0 0 0 0 0 0 0 0 0 
0 0 0 0 0 0 0 0 15 0 0 0 0 0 0 0 
0 0 0 0 0 0 0 0 0 0 0 0 0 0 0 0 
0 0 0 0 0 0 0 0 0 0 0 0 0 0 0 0 
0 0 0 0 0 0 0 0 0 0 0 0 0 0 0 0 
0 0 0 0 0 0 0 0 0 0 0 0 0 0 0 0 
0 0 0 0 0 0 0 0 0 0 0 0 0 0 0 0 
0 0 0 0 0 0 0 0 0 0 0 0 0 0 0 0 

8580
0 0 0 0 0 0 0 0 0 0 0 0 0 0 0 0 
0 0 0 0 0 0 0 0 0 0 0 0 0 0 0 0 
0 0 0 0 0 0 0 0 0 0 0 0 0 15 0 0 
0 0 0 0 0 0 0 0 0 0 0 0 0 0 0 0 
0 0 0 0 0 0 0 15 15 0 0 0 0 0 0 0 
0 0 0 0 0 0 0 0 0 0 0 0 0 0 0 0 
0 0 0 0 0 0 0 0 15 0 0 0 0 0 0 0 
0 0 0 0 0 0 0 0 0 0 0 0 0 0 0 0 
0 0 0 0 0 0 0 0 0 0 0 0 0 0 0 0 
0 0 0 0 0 0 0 0 0 0 0 0 0 0 0 0 
0 0 0 0 0 0 0 0 0 0 0 0 0 0 0 0 
0 0 0 15 0 0 0 0 0 0 0 0 0 0 0 0 
0 0 0 0 0 0 0 0 0 0 0 0 0 0 0 0 

8580
0 0 0 0 0 0 0 0 0 0 0 0 0 0 0 0 
0 0 0 0 0 0 0 0 0 0 0 0 0 0 0 0 
0 0 0 0 0 0 0 0 0 0 0 0 0 15 0 0 
0 0 0 0 0 0 0 0 0 0 0 0 0 0 0 0 
0 0 0 0 0 0 0 15 15 0 0 0 0 0 0 0 
0 0 0 0 0 0 0 0 0 0 0 0 0 0 0 0 
0 0 0 0 0 0 0 0 15 0 0 0 0 0 0 0 
0 0 0 0 0 0 0 0 0 0 0 0 0 0 0 0 
0 0 0 0 0 0 0 0 0 0 0 0 0 0 0 0 
0 0 0 0 0 0 0 0 0 0 0 0 0 0 0 0 
0 0 0 0 0 0 0 0 0 0 0 0 0 0 0 0 
0 0 0 15 0 0 0 0 0 0 0 0 0 0 0 0 
0 0 0 0 0 0 0 0 0 0 0 0 0 0 0 0 

8580
0 0 0 0 0 0 0 0 0 0 0 0 0 0 0 0 
0 0 0 0 0 0 0 0 0 0 0 0 0 0 0 0 
0 0 0 0 0 0 0 0 0 0 0 0 0 15 0 0 
0 0 0 0 0 0 0 0 0 0 0 0 0 0 0 0 
0 0 0 0 0 0 0 15 15 0 0 0 0 0 0 0 
0 0 0 0 0 0 0 0 0 0 0 0 0 0 0 0 
0 0 0 0 0 0 0 0 15 0 0 0 0 0 0 0 
0 0 0 0 0 0 0 0 0 0 0 0 0 0 0 0 
0 0 0 0 0 0 0 0 0 0 0 0 0 0 0 0 
0 0 0 0 0 0 0 0 0 0 0 0 0 0 0 0 
0 0 0 0 0 0 0 0 0 0 0 0 0 0 0 0 
0 0 0 15 0 0 0 0 0 0 0 0 0 0 0 0 
0 0 0 0 0 0 0 0 0 0 0 0 0 0 0 0 

8576
0 0 0 0 0 0 0 0 0 0 0 0 0 0 0 0 
0 0 0 0 0 0 0 0 0 0 0 0 0 0 0 0 
0 0 0 0 0 0 0 0 0 0 0 0 0 0 0 0 
0 0 0 0 0 0 0 0 0 0 0 0 0 0 0 0 
0 0 0 0 0 0 0 15 15 0 0 0 0 0 0 0 
0 0 0 0 0 0 0 0 0 0 0 0 0 0 0 0 
0 0 0 0 0 0 15 0 0 15 0 0 0 0 0 0 
0 0 0 11 0 0 0 0 0 0 0 0 0 0 0 0 
0 0 11 0 11 0 11 0 0 0 0 15 0 0 0 0 
0 0 0 11 0 0 0 0 0 0 0 0 0 0 11 0 
0 0 0 0 0 0 11 0 0 0 0 0 0 11 0 0 
0 0 0 0 0 0 0 0 0 0 0 0 0 0 11 0 
0 0 0 0 0 0 0 0 0 0 0 0 0 0 0 0 

8649
0 0 0 0 0 0 0 0 0 0 0 0 0 0 0 0 
0 0 0 0 0 0 0 0 0 0 0 0 0 0 0 0 
0 0 0 0 0 0 0 0 0 0 0 0 0 0 0 0 
0 0 0 0 0 0 0 0 0 0 0 0 0 0 0 0 
0 0 0 0 0 0 0 15 0 0 0 0 0 0 0 0 
0 0 0 0 0 0 0 0 0 15 0 0 0 0 0 0 
0 0 0 0 0 0 0 0 15 15 0 0 0 0 0 0 
0 0 0 0 0 0 0 0 0 0 0 0 0 0 0 0 
0 0 0 0 0 0 0 15 0 0 0 0 0 0 0 0 
0 0 0 0 0 0 0 0 0 0 0 0 0 0 0 0 
0 0 0 0 0 0 0 0 0 0 0 0 0 0 0 0 
0 0 0 0 0 0 0 0 0 0 0 0 0 0 0 0 
0 0 0 0 0 0 0 0 0 0 0 0 0 0 0 0 

8630
0 0 0 0 0 0 0 0 0 0 0 0 0 0 0 0 
0 0 0 0 0 0 0 0 0 0 0 0 0 0 0 0 
0 0 0 0 0 0 0 0 0 0 0 0 0 0 0 0 
0 0 0 0 0 0 0 0 0 0 0 0 0 0 0 0 
0 0 0 0 0 0 0 15 15 0 0 0 0 0 0 0 
0 0 0 0 0 0 0 0 0 0 0 0 0 0 0 0 
0 0 0 0 0 0 15 11 15 0 0 0 0 0 0 0 
0 0 0 0 0 0 11 0 0 0 0 0 0 0 0 0 
0 0 0 0 0 0 0 11 0 0 0 0 0 0 0 0 
0 0 0 0 0 0 0 0 0 0 0 0 0 0 0 0 
0 0 0 0 0 0 0 0 0 0 0 0 0 0 0 0 
0 0 0 0 0 0 0 0 0 0 0 0 0 0 0 0 
0 0 0 0 0 0 0 0 0 0 0 0 0 0 0 0 

8622
0 0 0 0 0 0 0 0 0 0 0 0 0 0 0 0 
0 0 0 0 0 0 0 0 0 0 0 0 0 0 0 0 
0 0 0 0 0 0 0 0 0 0 0 0 0 0 0 0 
0 0 0 0 0 0 0 0 0 0 0 0 0 0 0 0 
0 0 0 0 0 0 0 15 0 0 0 0 0 0 0 0 
0 0 0 0 0 0 0 0 0 15 0 0 0 0 0 0 
0 0 0 0 0 0 15 11 15 0 0 0 0 0 0 0 
0 0 0 0 0 0 11 0 0 15 0 0 0 0 0 0 
0 0 0 0 0 0 0 11 0 0 0 0 0 0 0 0 
0 0 0 0 0 0 0 0 0 0 0 0 0 0 0 0 
0 0 0 0 0 0 0 0 0 0 0 0 0 0 0 0 
0 0 0 0 0 0 0 0 0 0 0 0 0 0 0 0 
0 0 0 0 0 0 0 0 0 0 0 0 0 0 0 0 

8622
0 0 0 0 0 0 0 0 0 0 0 0 0 0 0 0 
0 0 0 0 0 0 0 0 0 0 0 0 0 0 0 0 
0 0 0 0 0 0 0 0 0 0 0 0 0 0 0 0 
0 0 0 0 0 0 0 0 0 0 0 0 0 0 0 0 
0 0 0 0 0 0 0 15 0 0 0 0 0 0 0 0 
0 0 0 0 0 0 0 0 0 15 0 0 0 0 0 0 
0 0 0 0 0 0 15 11 15 0 0 0 0 0 0 0 
0 0 0 0 0 0 11 0 0 15 0 0 0 0 0 0 
0 0 0 0 0 0 0 11 0 0 0 0 0 0 0 0 
0 0 0 0 0 0 0 0 0 0 0 0 0 0 0 0 
0 0 0 0 0 0 0 0 0 0 0 0 0 0 0 0 
0 0 0 0 0 0 0 0 0 0 0 0 0 0 0 0 
0 0 0 0 0 0 0 0 0 0 0 0 0 0 0 0 

8622
0 0 0 0 0 0 0 0 0 0 0 0 0 0 0 0 
0 0 0 0 0 0 0 0 0 0 0 0 0 0 0 0 
0 0 0 0 0 0 0 0 0 0 0 0 0 0 0 0 
0 0 0 0 0 0 0 0 0 0 0 0 0 0 0 0 
0 0 0 0 0 0 0 15 0 0 0 0 0 0 0 0 
0 0 0 0 0 0 0 0 0 15 0 0 0 0 0 0 
0 0 0 0 0 0 15 11 15 0 0 0 0 0 0 0 
0 0 0 0 0 0 11 0 0 15 0 0 0 0 0 0 
0 0 0 0 0 0 0 11 0 0 0 0 0 0 0 0 
0 0 0 0 0 0 0 0 0 0 0 0 0 0 0 0 
0 0 0 0 0 0 0 0 0 0 0 0 0 0 0 0 
0 0 0 0 0 0 0 0 0 0 0 0 0 0 0 0 
0 0 0 0 0 0 0 0 0 0 0 0 0 0 0 0 

8649
0 0 0 0 0 0 0 0 0 0 0 0 0 0 0 0 
0 0 0 0 0 0 0 0 0 0 0 0 0 0 0 0 
0 0 0 0 0 0 0 0 0 0 0 0 0 0 0 0 
0 0 0 0 0 0 0 0 0 0 0 0 0 0 0 0 
0 0 0 0 0 0 0 15 15 0 0 0 0 0 0 0 
0 0 0 0 0 0 15 0 0 0 0 0 0 0 0 0 
0 0 0 0 0 0 0 0 15 0 15 0 0 0 0 0 
0 0 0 0 0 0 0 0 0 0 0 0 0 0 0 0 
0 0 0 0 0 0 0 0 0 0 0 0 0 0 0 0 
0 0 0 0 0 0 0 0 0 0 0 0 0 0 0 0 
0 0 0 0 0 0 0 0 0 0 0 0 0 0 0 0 
0 0 0 0 0 0 0 0 0 0 0 0 0 0 0 0 
0 0 0 0 0 0 0 0 0 0 0 0 0 0 0 0 

8636
0 0 0 0 0 0 0 0 0 0 0 0 0 0 0 0 
0 0 0 0 0 0 0 0 0 0 0 0 0 0 0 0 
0 0 0 0 0 0 0 0 0 0 0 0 0 15 0 0 
0 0 0 0 0 0 0 0 0 0 0 0 0 0 15 0 
0 0 0 0 0 0 0 15 0 0 0 0 0 0 0 0 
0 0 0 0 0 0 15 0 0 0 0 0 0 0 0 0 
0 0 0 0 0 0 0 0 15 0 0 0 0 0 0 0 
0 0 0 0 0 0 0 0 0 0 0 0 0 0 0 0 
0 0 0 0 0 0 0 0 0 0 0 0 0 0 0 0 
0 0 0 0 0 0 0 0 0 0 0 0 0 0 0 0 
0 0 0 0 0 0 0 0 0 0 0 0 0 0 0 0 
0 0 0 0 0 0 0 0 0 0 0 0 0 0 0 0 
0 0 0 0 0 0 0 0 0 0 0 0 0 0 0 0 

8636
0 0 0 0 0 0 0 0 0 0 0 0 0 0 0 0 
0 0 0 0 0 0 0 0 0 0 0 0 0 0 0 0 
0 0 0 0 0 0 0 0 0 0 0 0 0 15 0 0 
0 0 0 0 0 0 0 0 0 0 0 0 0 0 15 0 
0 0 0 0 0 0 0 15 0 0 0 0 0 0 0 0 
0 0 0 0 0 0 15 0 0 0 0 0 0 0 0 0 
0 0 0 0 0 0 0 0 15 0 0 0 0 0 0 0 
0 0 0 0 0 0 0 0 0 0 0 0 0 0 0 0 
0 0 0 0 0 0 0 0 0 0 0 0 0 0 0 0 
0 0 0 0 0 0 0 0 0 0 0 0 0 0 0 0 
0 0 0 0 0 0 0 0 0 0 0 0 0 0 0 0 
0 0 0 0 0 0 0 0 0 0 0 0 0 0 0 0 
0 0 0 0 0 0 0 0 0 0 0 0 0 0 0 0 

8636
0 0 0 0 0 0 0 0 0 0 0 0 0 0 0 0 
0 0 0 0 0 0 0 0 0 0 0 0 0 0 0 0 
0 0 0 0 0 0 0 0 0 0 0 0 0 15 0 0 
0 0 0 0 0 0 0 0 0 0 0 0 0 0 15 0 
0 0 0 0 0 0 0 15 0 0 0 0 0 0 0 0 
0 0 0 0 0 0 15 0 0 0 0 0 0 0 0 0 
0 0 0 0 0 0 0 0 15 0 0 0 0 0 0 0 
0 0 0 0 0 0 0 0 0 0 0 0 0 0 0 0 
0 0 0 0 0 0 0 0 0 0 0 0 0 0 0 0 
0 0 0 0 0 0 0 0 0 0 0 0 0 0 0 0 
0 0 0 0 0 0 0 0 0 0 0 0 0 0 0 0 
0 0 0 0 0 0 0 0 0 0 0 0 0 0 0 0 
0 0 0 0 0 0 0 0 0 0 0 0 0 0 0 0 

8550
0 0 0 0 0 0 0 0 0 0 0 0 0 0 0 0 
0 0 0 0 0 0 0 0 0 0 0 0 0 0 0 0 
0 0 0 0 0 0 0 0 0 0 0 0 0 15 0 0 
0 0 0 0 0 0 0 0 0 0 0 0 0 0 0 0 
0 0 0 0 0 0 0 15 15 0 0 0 0 0 0 0 
0 0 0 0 0 0 0 0 0 0 0 0 0 0 0 0 
0 0 0 0 0 0 0 0 15 0 0 0 0 0 0 0 
0 0 0 0 0 0 0 0 0 0 0 0 0 0 0 0 
0 0 0 0 0 0 0 0 0 0 0 0 0 0 0 0 
0 0 0 0 0 0 0 0 0 0 0 0 0 0 11 0 
0 0 0 0 0 0 0 0 0 0 0 0 0 11 0 0 
0 0 0 15 0 0 0 0 0 0 0 0 0 0 11 0 
0 0 0 0 0 0 0 0 0 0 0 0 0 0 0 0 

8655
0 0 0 0 0 0 0 0 0 0 0 0 0 0 0 0 
0 0 0 0 0 0 0 0 0 0 0 0 0 0 0 0 
0 0 0 0 0 0 0 15 0 0 0 0 0 0 0 0 
0 0 0 0 0 0 0 0 0 0 11 0 0 0 0 0 
0 0 0 0 0 0 0 15 0 0 0 0 11 0 0 0 
0 0 0 0 0 0 0 0 0 0 0 11 0 0 0 0 
0 0 0 0 0 0 15 0 15 0 0 0 0 0 0 0 
0 0 0 0 0 0 0 0 0 0 0 0 0 0 0 0 
0 0 0 0 0 0 0 0 0 0 0 0 0 0 0 0 
0 0 0 0 0 0 0 0 0 0 0 0 0 0 0 0 
0 0 0 0 0 0 0 0 0 0 0 0 0 0 0 0 
0 0 0 0 0 0 0 0 0 0 0 0 0 0 0 0 
0 0 0 0 0 0 0 0 0 0 0 0 0 0 0 0 

8649
0 0 0 0 0 0 0 0 0 0 0 0 0 0 0 0 
0 0 0 0 0 0 0 0 0 0 0 0 0 0 0 0 
0 0 0 0 0 0 0 0 0 0 0 0 0 0 0 0 
0 0 0 0 0 0 0 0 0 0 0 0 0 0 0 0 
0 0 0 0 0 0 0 15 0 0 0 0 0 0 0 0 
0 0 0 0 0 0 0 0 0 15 0 0 0 0 0 0 
0 0 0 0 0 0 15 0 15 0 0 0 0 0 0 0 
0 0 0 0 0 0 0 0 0 0 0 0 0 0 0 0 
0 0 0 0 0 0 0 0 0 0 0 15 0 0 0 0 
0 0 0 0 0 0 0 0 0 0 0 0 0 0 0 0 
0 0 0 0 0 0 0 0 0 0 0 0 0 0 0 0 
0 0 0 0 0 0 0 0 0 0 0 0 0 0 0 0 
0 0 0 0 0 0 0 0 0 0 0 0 0 0 0 0 

8649
0 0 0 0 0 0 0 0 0 0 0 0 0 0 0 0 
0 0 0 0 0 0 0 0 0 0 0 0 0 0 0 0 
0 0 0 0 0 0 0 0 0 0 0 0 0 0 0 0 
0 0 0 0 0 0 0 0 0 0 0 0 0 0 0 0 
0 0 0 0 0 0 0 15 0 0 0 0 0 0 0 0 
0 0 0 0 0 0 0 0 0 0 0 0 0 0 0 0 
0 0 0 0 0 0 0 0 15 0 0 0 0 0 0 0 
0 0 0 0 0 0 0 0 0 15 15 0 0 0 0 0 
0 0 0 0 0 0 0 15 0 0 0 0 0 0 0 0 
0 0 0 0 0 0 0 0 0 0 0 0 0 0 0 0 
0 0 0 0 0 0 0 0 0 0 0 0 0 0 0 0 
0 0 0 0 0 0 0 0 0 0 0 0 0 0 0 0 
0 0 0 0 0 0 0 0 0 0 0 0 0 0 0 0 

8649
0 0 0 0 0 0 0 0 0 0 0 0 0 0 0 0 
0 0 0 0 0 0 0 0 0 0 0 0 0 0 0 0 
0 0 0 0 0 0 0 0 0 0 0 0 0 0 0 0 
0 0 0 0 0 0 0 0 0 0 0 0 0 0 0 0 
0 0 0 0 0 0 0 15 0 0 0 0 0 0 0 0 
0 0 0 0 0 0 0 0 0 15 0 0 0 0 0 0 
0 0 0 0 0 0 15 0 15 0 0 0 0 0 0 0 
0 0 0 0 0 0 0 0 0 0 0 0 0 0 0 0 
0 0 0 0 0 0 0 0 0 0 0 15 0 0 0 0 
0 0 0 0 0 0 0 0 0 0 0 0 0 0 0 0 
0 0 0 0 0 0 0 0 0 0 0 0 0 0 0 0 
0 0 0 0 0 0 0 0 0 0 0 0 0 0 0 0 
0 0 0 0 0 0 0 0 0 0 0 0 0 0 0 0 

8649
0 0 0 0 0 0 0 0 0 0 0 0 0 0 0 0 
0 0 0 0 0 0 0 0 0 0 0 0 0 0 0 0 
0 0 0 0 0 0 0 0 0 0 0 0 0 0 0 0 
0 0 0 0 0 0 0 0 0 0 0 0 0 0 0 0 
0 0 0 0 0 0 0 15 0 0 0 0 0 0 0 0 
0 0 0 0 0 0 0 0 0 0 0 0 0 0 0 0 
0 0 0 0 0 0 0 0 15 0 0 0 0 0 0 0 
0 0 0 0 0 0 0 0 0 15 15 0 0 0 0 0 
0 0 0 0 0 0 0 15 0 0 0 0 0 0 0 0 
0 0 0 0 0 0 0 0 0 0 0 0 0 0 0 0 
0 0 0 0 0 0 0 0 0 0 0 0 0 0 0 0 
0 0 0 0 0 0 0 0 0 0 0 0 0 0 0 0 
0 0 0 0 0 0 0 0 0 0 0 0 0 0 0 0 

8654
0 0 0 0 0 0 0 0 0 0 0 0 0 0 0 0 
0 0 0 0 0 0 0 0 0 0 0 0 0 0 0 0 
0 0 0 0 0 0 0 15 0 0 0 0 11 0 0 0 
0 0 0 0 0 0 0 0 0 11 0 11 0 0 0 0 
0 0 0 0 0 0 0 15 0 0 0 0 0 0 0 0 
0 0 0 0 0 0 0 0 0 0 0 0 0 0 0 0 
0 0 0 0 0 0 0 0 15 0 0 0 0 0 0 0 
0 0 0 0 0 0 0 0 0 0 0 0 0 0 0 0 
0 0 0 0 0 0 0 15 0 0 0 0 0 0 0 0 
0 0 0 0 0 0 0 0 0 0 0 0 0 0 0 0 
0 0 0 0 0 0 0 0 0 0 0 0 0 0 0 0 
0 0 0 0 0 0 0 0 0 0 0 0 0 0 0 0 
0 0 0 0 0 0 0 0 0 0 0 0 0 0 0 0 

8649
0 0 0 0 0 0 0 0 0 0 0 0 0 0 0 0 
0 0 0 0 0 0 0 0 0 0 0 0 0 0 0 0 
0 0 0 0 0 0 0 0 0 0 0 0 0 0 0 0 
0 0 0 0 0 0 0 0 0 0 0 0 0 0 0 0 
0 0 0 0 0 0 0 15 15 0 0 0 0 0 0 0 
0 0 0 0 0 0 0 15 0 0 0 0 0 0 0 0 
0 0 0 0 0 0 0 0 15 0 0 0 0 0 0 0 
0 0 0 0 0 0 0 0 0 0 0 0 0 0 0 0 
0 0 0 0 0 0 0 0 0 0 0 15 0 0 0 0 
0 0 0 0 0 0 0 0 0 0 0 0 0 0 0 0 
0 0 0 0 0 0 0 0 0 0 0 0 0 0 0 0 
0 0 0 0 0 0 0 0 0 0 0 0 0 0 0 0 
0 0 0 0 0 0 0 0 0 0 0 0 0 0 0 0 

8649
0 0 0 0 0 0 0 0 0 0 0 0 0 0 0 0 
0 0 0 0 0 0 0 0 0 0 0 0 0 0 0 0 
0 0 0 0 0 0 0 0 0 0 0 0 0 0 0 0 
0 0 0 0 0 0 0 0 0 0 0 0 0 0 0 0 
0 0 0 0 0 0 0 15 15 0 0 0 0 0 0 0 
0 0 0 0 0 0 15 0 0 0 0 0 0 0 0 0 
0 0 0 0 0 0 0 0 15 0 0 0 0 0 0 0 
0 0 0 0 0 0 0 0 0 0 0 0 0 0 0 0 
0 0 0 0 0 0 0 0 0 0 0 15 0 0 0 0 
0 0 0 0 0 0 0 0 0 0 0 0 0 0 0 0 
0 0 0 0 0 0 0 0 0 0 0 0 0 0 0 0 
0 0 0 0 0 0 0 0 0 0 0 0 0 0 0 0 
0 0 0 0 0 0 0 0 0 0 0 0 0 0 0 0 

8649
0 0 0 0 0 0 0 0 0 0 0 0 0 0 0 0 
0 0 0 0 0 0 0 0 0 0 0 0 0 0 0 0 
0 0 0 0 0 0 0 0 0 0 0 0 0 0 0 0 
0 0 0 0 0 0 0 0 0 0 0 0 0 0 0 0 
0 0 0 0 0 0 0 15 0 0 0 0 0 0 0 0 
0 0 0 0 0 0 0 15 0 0 0 0 0 0 0 0 
0 0 0 0 0 0 0 0 15 0 0 0 0 0 0 0 
0 0 0 0 0 0 0 0 0 15 0 0 0 0 0 0 
0 0 0 0 0 0 0 0 0 0 0 15 0 0 0 0 
0 0 0 0 0 0 0 0 0 0 0 0 0 0 0 0 
0 0 0 0 0 0 0 0 0 0 0 0 0 0 0 0 
0 0 0 0 0 0 0 0 0 0 0 0 0 0 0 0 
0 0 0 0 0 0 0 0 0 0 0 0 0 0 0 0 

8649
0 0 0 0 0 0 0 0 0 0 0 0 0 0 0 0 
0 0 0 0 0 0 0 0 0 0 0 0 0 0 0 0 
0 0 0 0 0 0 0 0 0 0 0 0 0 0 0 0 
0 0 0 0 0 0 0 0 0 0 0 0 0 0 0 0 
0 0 0 0 0 0 0 15 15 0 0 0 0 0 0 0 
0 0 0 0 0 0 15 0 0 0 0 0 0 0 0 0 
0 0 0 0 0 0 0 0 15 0 0 0 0 0 0 0 
0 0 0 0 0 0 0 0 0 0 0 0 0 0 0 0 
0 0 0 0 0 0 0 0 0 0 0 15 0 0 0 0 
0 0 0 0 0 0 0 0 0 0 0 0 0 0 0 0 
0 0 0 0 0 0 0 0 0 0 0 0 0 0 0 0 
0 0 0 0 0 0 0 0 0 0 0 0 0 0 0 0 
0 0 0 0 0 0 0 0 0 0 0 0 0 0 0 0 

8649
0 0 0 0 0 0 0 0 0 0 0 0 0 0 0 0 
0 0 0 0 0 0 0 0 0 0 0 0 0 0 0 0 
0 0 0 0 0 0 0 0 0 0 0 0 0 0 0 0 
0 0 0 0 0 0 0 0 0 0 0 0 0 0 0 0 
0 0 0 0 0 0 0 15 15 0 0 0 0 0 0 0 
0 0 0 0 0 0 15 0 0 0 0 0 0 0 0 0 
0 0 0 0 0 0 0 0 15 0 0 0 0 0 0 0 
0 0 0 0 0 0 0 0 0 15 0 0 0 0 0 0 
0 0 0 0 0 0 0 0 0 0 0 0 0 0 0 0 
0 0 0 0 0 0 0 0 0 0 0 0 0 0 0 0 
0 0 0 0 0 0 0 0 0 0 0 0 0 0 0 0 
0 0 0 0 0 0 0 0 0 0 0 0 0 0 0 0 
0 0 0 0 0 0 0 0 0 0 0 0 0 0 0 0 

8649
0 0 0 0 0 0 0 0 0 0 0 0 0 0 0 0 
0 0 0 0 0 0 0 0 0 0 0 0 0 0 0 0 
0 0 0 0 0 0 0 0 0 0 0 0 0 0 0 0 
0 0 0 0 0 0 0 0 0 0 0 0 0 0 0 0 
0 0 0 0 0 0 0 15 0 0 0 0 0 0 0 0 
0 0 0 0 0 0 0 0 0 0 0 0 0 0 0 0 
0 0 0 0 0 0 0 0 15 0 15 0 0 0 0 0 
0 0 0 0 0 0 0 0 0 0 15 0 0 0 0 0 
0 0 0 0 0 0 0 15 0 0 0 0 0 0 0 0 
0 0 0 0 0 0 0 0 0 0 0 0 0 0 0 0 
0 0 0 0 0 0 0 0 0 0 0 0 0 0 0 0 
0 0 0 0 0 0 0 0 0 0 0 0 0 0 0 0 
0 0 0 0 0 0 0 0 0 0 0 0 0 0 0 0 

8649
0 0 0 0 0 0 0 0 0 0 0 0 0 0 0 0 
0 0 0 0 0 0 0 0 0 0 0 0 0 0 0 0 
0 0 0 0 0 0 0 0 0 0 0 0 0 0 0 0 
0 0 0 0 0 0 0 0 0 0 0 0 0 0 0 0 
0 0 0 0 0 0 0 15 0 0 0 0 0 0 0 0 
0 0 0 0 0 0 0 0 0 0 0 0 0 0 0 0 
0 0 0 0 0 0 15 0 15 0 15 0 0 0 0 0 
0 0 0 0 0 0 0 0 0 0 0 0 0 0 0 0 
0 0 0 0 0 0 0 0 0 0 0 15 0 0 0 0 
0 0 0 0 0 0 0 0 0 0 0 0 0 0 0 0 
0 0 0 0 0 0 0 0 0 0 0 0 0 0 0 0 
0 0 0 0 0 0 0 0 0 0 0 0 0 0 0 0 
0 0 0 0 0 0 0 0 0 0 0 0 0 0 0 0 

8649
0 0 0 0 0 0 0 0 0 0 0 0 0 0 0 0 
0 0 0 0 0 0 0 0 0 0 0 0 0 0 0 0 
0 0 0 0 0 0 0 0 0 0 0 0 0 0 0 0 
0 0 0 0 0 0 0 0 0 0 0 0 0 0 0 0 
0 0 0 0 0 0 0 15 0 0 0 0 0 0 0 0 
0 0 0 0 0 0 0 0 0 0 0 0 0 0 0 0 
0 0 0 0 0 0 15 0 15 0 15 0 0 0 0 0 
0 0 0 0 0 0 0 0 0 0 0 0 0 0 0 0 
0 0 0 0 0 0 0 0 0 0 0 15 0 0 0 0 
0 0 0 0 0 0 0 0 0 0 0 0 0 0 0 0 
0 0 0 0 0 0 0 0 0 0 0 0 0 0 0 0 
0 0 0 0 0 0 0 0 0 0 0 0 0 0 0 0 
0 0 0 0 0 0 0 0 0 0 0 0 0 0 0 0 

8649
0 0 0 0 0 0 0 0 0 0 0 0 0 0 0 0 
0 0 0 0 0 0 0 0 0 0 0 0 0 0 0 0 
0 0 0 0 0 0 0 0 0 0 0 0 0 0 0 0 
0 0 0 0 0 0 0 0 0 0 0 0 0 0 0 0 
0 0 0 0 0 0 0 15 0 0 0 0 0 0 0 0 
0 0 0 0 0 0 0 0 0 0 0 0 0 0 0 0 
0 0 0 0 0 0 15 0 15 0 15 0 0 0 0 0 
0 0 0 0 0 0 0 0 0 0 0 0 0 0 0 0 
0 0 0 0 0 0 0 0 0 0 0 15 0 0 0 0 
0 0 0 0 0 0 0 0 0 0 0 0 0 0 0 0 
0 0 0 0 0 0 0 0 0 0 0 0 0 0 0 0 
0 0 0 0 0 0 0 0 0 0 0 0 0 0 0 0 
0 0 0 0 0 0 0 0 0 0 0 0 0 0 0 0 

8649
0 0 0 0 0 0 0 0 0 0 0 0 0 0 0 0 
0 0 0 0 0 0 0 0 0 0 0 0 0 0 0 0 
0 0 0 0 0 0 0 0 0 0 0 0 0 0 0 0 
0 0 0 0 0 0 0 0 0 0 0 0 0 0 0 0 
0 0 0 0 0 0 0 15 0 0 0 0 0 0 0 0 
0 0 0 0 0 0 0 0 0 0 0 0 0 0 0 0 
0 0 0 0 0 0 0 0 15 15 0 0 0 0 0 0 
0 0 0 0 0 0 0 0 0 0 15 0 0 0 0 0 
0 0 0 0 0 0 0 15 0 0 0 0 0 0 0 0 
0 0 0 0 0 0 0 0 0 0 0 0 0 0 0 0 
0 0 0 0 0 0 0 0 0 0 0 0 0 0 0 0 
0 0 0 0 0 0 0 0 0 0 0 0 0 0 0 0 
0 0 0 0 0 0 0 0 0 0 0 0 0 0 0 0 

8647
0 0 0 0 0 0 0 0 0 0 0 0 0 0 0 0 
0 0 0 0 0 0 0 0 0 0 0 0 0 0 0 0 
0 0 0 0 0 0 0 0 15 0 0 0 0 0 0 0 
0 0 0 0 0 0 0 0 0 0 0 0 0 0 0 0 
0 0 0 0 0 0 0 0 15 0 0 0 0 0 0 0 
0 0 0 0 0 0 0 0 0 15 0 0 0 0 0 0 
0 0 0 0 0 0 0 15 15 0 0 0 0 0 0 0 
0 0 0 0 0 0 0 0 0 0 0 0 0 0 0 0 
0 0 0 0 0 0 0 0 0 0 0 0 0 0 0 0 
0 0 0 0 0 0 0 0 0 0 0 0 0 0 0 0 
0 0 0 0 0 0 0 0 0 0 0 0 0 0 0 0 
0 0 0 0 0 0 0 0 0 0 0 0 0 0 0 0 
0 0 0 0 0 0 0 0 0 0 0 0 0 0 0 0 

8599
0 0 0 0 0 0 0 0 0 0 0 0 0 0 0 0 
0 0 0 0 0 0 0 0 0 0 0 0 0 0 0 0 
0 0 0 0 0 0 0 0 15 0 0 0 0 0 0 0 
0 0 0 0 0 0 0 0 0 0 0 0 0 0 0 0 
0 0 0 0 11 0 0 15 15 0 0 0 0 0 0 0 
0 0 0 11 0 11 0 0 0 0 0 0 0 0 0 0 
0 0 0 0 11 0 0 0 15 0 0 0 0 0 0 0 
0 0 0 0 0 0 0 0 0 0 15 0 0 0 0 0 
0 0 0 0 0 0 0 0 0 0 0 0 0 0 0 0 
0 0 0 0 0 0 0 0 0 0 0 0 0 0 0 0 
0 0 0 0 0 0 0 0 11 0 0 0 0 0 0 0 
0 0 0 0 0 0 0 11 0 11 0 0 0 0 0 0 
0 0 0 0 0 0 0 0 0 0 0 0 0 0 0 0 

8599
0 0 0 0 0 0 0 0 0 0 0 0 0 0 0 0 
0 0 0 0 0 0 0 0 0 0 0 0 0 0 0 0 
0 0 0 0 0 0 0 0 15 0 0 0 0 0 0 0 
0 0 0 0 0 0 0 0 0 0 0 0 0 0 0 0 
0 0 0 0 11 0 0 15 15 0 0 0 0 0 0 0 
0 0 0 11 0 11 0 0 0 0 0 0 0 0 0 0 
0 0 0 0 11 0 0 0 15 0 0 0 0 0 0 0 
0 0 0 0 0 0 0 0 0 0 15 0 0 0 0 0 
0 0 0 0 0 0 0 0 0 0 0 0 0 0 0 0 
0 0 0 0 0 0 0 0 0 0 0 0 0 0 0 0 
0 0 0 0 0 0 0 0 11 0 0 0 0 0 0 0 
0 0 0 0 0 0 0 11 0 11 0 0 0 0 0 0 
0 0 0 0 0 0 0 0 0 0 0 0 0 0 0 0 

8599
0 0 0 0 0 0 0 0 0 0 0 0 0 0 0 0 
0 0 0 0 0 0 0 0 0 0 0 0 0 0 0 0 
0 0 0 0 0 0 0 0 15 0 0 0 0 0 0 0 
0 0 0 0 0 0 0 0 0 0 0 0 0 0 0 0 
0 0 0 0 11 0 0 15 15 0 0 0 0 0 0 0 
0 0 0 11 0 11 0 0 0 0 0 0 0 0 0 0 
0 0 0 0 11 0 0 0 15 0 0 0 0 0 0 0 
0 0 0 0 0 0 0 0 0 0 15 0 0 0 0 0 
0 0 0 0 0 0 0 0 0 0 0 0 0 0 0 0 
0 0 0 0 0 0 0 0 0 0 0 0 0 0 0 0 
0 0 0 0 0 0 0 0 11 0 0 0 0 0 0 0 
0 0 0 0 0 0 0 11 0 11 0 0 0 0 0 0 
0 0 0 0 0 0 0 0 0 0 0 0 0 0 0 0 

8649
0 0 0 0 0 0 0 0 0 0 0 0 0 0 0 0 
0 0 0 0 0 0 0 0 0 0 0 0 0 0 0 0 
0 0 0 0 0 0 0 0 0 0 0 0 0 0 0 0 
0 0 0 0 0 0 0 0 0 0 0 0 0 0 0 0 
0 0 0 0 0 0 0 15 0 0 0 0 0 0 0 0 
0 0 0 0 0 0 0 15 0 0 0 0 0 0 0 0 
0 0 0 0 0 0 0 0 15 15 0 0 0 0 0 0 
0 0 0 0 0 0 0 0 0 0 0 0 0 0 0 0 
0 0 0 0 0 0 0 0 0 0 0 15 0 0 0 0 
0 0 0 0 0 0 0 0 0 0 0 0 0 0 0 0 
0 0 0 0 0 0 0 0 0 0 0 0 0 0 0 0 
0 0 0 0 0 0 0 0 0 0 0 0 0 0 0 0 
0 0 0 0 0 0 0 0 0 0 0 0 0 0 0 0 

8636
0 0 0 0 0 0 0 0 0 0 0 0 0 0 0 0 
0 0 0 0 0 0 0 0 0 0 0 0 0 0 0 0 
0 0 0 0 0 0 0 0 0 0 0 0 0 15 0 0 
0 0 0 0 0 0 0 0 0 0 0 0 0 0 15 0 
0 0 0 0 0 0 0 15 0 0 0 0 0 0 0 0 
0 0 0 0 0 0 0 15 0 0 0 0 0 0 0 0 
0 0 0 0 0 0 0 0 15 0 0 0 0 0 0 0 
0 0 0 0 0 0 0 0 0 0 0 0 0 0 0 0 
0 0 0 0 0 0 0 0 0 0 0 0 0 0 0 0 
0 0 0 0 0 0 0 0 0 0 0 0 0 0 0 0 
0 0 0 0 0 0 0 0 0 0 0 0 0 0 0 0 
0 0 0 0 0 0 0 0 0 0 0 0 0 0 0 0 
0 0 0 0 0 0 0 0 0 0 0 0 0 0 0 0 

8636
0 0 0 0 0 0 0 0 0 0 0 0 0 0 0 0 
0 0 0 0 0 0 0 0 0 0 0 0 0 0 0 0 
0 0 0 0 0 0 0 0 0 0 0 0 0 15 0 0 
0 0 0 0 0 0 0 0 0 0 0 0 0 0 15 0 
0 0 0 0 0 0 0 15 0 0 0 0 0 0 0 0 
0 0 0 0 0 0 0 15 0 0 0 0 0 0 0 0 
0 0 0 0 0 0 0 0 15 0 0 0 0 0 0 0 
0 0 0 0 0 0 0 0 0 0 0 0 0 0 0 0 
0 0 0 0 0 0 0 0 0 0 0 0 0 0 0 0 
0 0 0 0 0 0 0 0 0 0 0 0 0 0 0 0 
0 0 0 0 0 0 0 0 0 0 0 0 0 0 0 0 
0 0 0 0 0 0 0 0 0 0 0 0 0 0 0 0 
0 0 0 0 0 0 0 0 0 0 0 0 0 0 0 0 

8636
0 0 0 0 0 0 0 0 0 0 0 0 0 0 0 0 
0 0 0 0 0 0 0 0 0 0 0 0 0 0 0 0 
0 0 0 0 0 0 0 0 0 0 0 0 0 15 0 0 
0 0 0 0 0 0 0 0 0 0 0 0 0 0 15 0 
0 0 0 0 0 0 0 15 0 0 0 0 0 0 0 0 
0 0 0 0 0 0 0 15 0 0 0 0 0 0 0 0 
0 0 0 0 0 0 0 0 15 0 0 0 0 0 0 0 
0 0 0 0 0 0 0 0 0 0 0 0 0 0 0 0 
0 0 0 0 0 0 0 0 0 0 0 0 0 0 0 0 
0 0 0 0 0 0 0 0 0 0 0 0 0 0 0 0 
0 0 0 0 0 0 0 0 0 0 0 0 0 0 0 0 
0 0 0 0 0 0 0 0 0 0 0 0 0 0 0 0 
0 0 0 0 0 0 0 0 0 0 0 0 0 0 0 0 

8633
0 0 0 0 0 0 0 0 0 0 0 0 0 0 0 0 
0 0 0 0 0 0 0 0 0 0 0 0 0 0 0 0 
0 0 0 0 0 0 0 0 0 0 0 0 0 0 0 0 
0 0 0 0 0 15 0 0 0 0 0 0 0 0 15 0 
0 0 0 0 0 0 0 15 0 0 0 0 0 0 0 0 
0 0 0 0 0 0 0 0 0 0 0 0 0 0 0 0 
0 0 0 0 0 0 0 0 15 15 0 0 0 0 0 0 
0 0 0 0 0 0 0 0 0 0 0 0 0 0 0 0 
0 0 0 0 0 0 0 0 0 0 0 0 0 0 0 0 
0 0 0 0 0 0 0 0 0 0 0 0 0 0 0 0 
0 0 0 0 0 0 0 0 0 0 0 0 0 0 0 0 
0 0 0 0 0 0 0 0 0 0 0 0 0 0 0 0 
0 0 0 0 0 0 0 0 0 0 0 0 0 0 0 0 

8626
0 0 0 0 0 0 0 0 0 0 0 0 0 0 0 0 
0 0 0 0 0 0 0 0 0 0 0 0 0 0 0 0 
0 0 0 0 0 0 0 0 0 0 0 0 0 0 0 0 
0 0 0 0 0 0 0 0 15 0 0 0 0 0 0 0 
0 0 15 0 0 0 0 0 15 0 0 0 0 0 0 0 
0 0 0 0 0 0 0 0 0 0 0 0 0 0 0 0 
0 0 0 0 0 0 0 0 15 0 15 0 0 0 0 0 
0 0 0 0 0 0 0 0 0 0 0 0 0 0 0 0 
0 0 0 0 0 0 0 0 0 0 0 0 0 0 0 0 
0 0 0 0 0 0 0 0 0 0 0 0 0 0 0 0 
0 0 0 0 0 0 0 0 0 0 0 0 0 0 0 0 
0 0 0 0 0 0 0 0 0 0 0 0 0 0 0 0 
0 0 0 0 0 0 0 0 0 0 0 0 0 0 0 0 

8626
0 0 0 0 0 0 0 0 0 0 0 0 0 0 0 0 
0 0 0 0 0 0 0 0 0 0 0 0 0 0 0 0 
0 0 0 0 0 0 0 0 0 0 0 0 0 0 0 0 
0 0 0 0 0 0 0 0 15 0 0 0 0 0 0 0 
0 0 15 0 0 0 0 0 15 0 0 0 0 0 0 0 
0 0 0 0 0 0 0 0 0 0 0 0 0 0 0 0 
0 0 0 0 0 0 0 0 15 0 15 0 0 0 0 0 
0 0 0 0 0 0 0 0 0 0 0 0 0 0 0 0 
0 0 0 0 0 0 0 0 0 0 0 0 0 0 0 0 
0 0 0 0 0 0 0 0 0 0 0 0 0 0 0 0 
0 0 0 0 0 0 0 0 0 0 0 0 0 0 0 0 
0 0 0 0 0 0 0 0 0 0 0 0 0 0 0 0 
0 0 0 0 0 0 0 0 0 0 0 0 0 0 0 0 

8626
0 0 0 0 0 0 0 0 0 0 0 0 0 0 0 0 
0 0 0 0 0 0 0 0 0 0 0 0 0 0 0 0 
0 0 0 0 0 0 0 0 0 0 0 0 0 0 0 0 
0 0 0 0 0 0 0 0 15 0 0 0 0 0 0 0 
0 0 15 0 0 0 0 0 15 0 0 0 0 0 0 0 
0 0 0 0 0 0 0 0 0 0 0 0 0 0 0 0 
0 0 0 0 0 0 0 0 15 0 15 0 0 0 0 0 
0 0 0 0 0 0 0 0 0 0 0 0 0 0 0 0 
0 0 0 0 0 0 0 0 0 0 0 0 0 0 0 0 
0 0 0 0 0 0 0 0 0 0 0 0 0 0 0 0 
0 0 0 0 0 0 0 0 0 0 0 0 0 0 0 0 
0 0 0 0 0 0 0 0 0 0 0 0 0 0 0 0 
0 0 0 0 0 0 0 0 0 0 0 0 0 0 0 0 

8605
0 0 0 0 0 0 0 0 0 0 0 0 0 0 0 0 
0 0 0 0 0 0 0 0 0 0 0 0 11 0 0 0 
0 0 0 0 0 0 0 0 0 0 0 0 0 0 0 0 
0 0 0 0 0 0 0 0 0 0 0 0 0 0 0 0 
0 0 0 0 11 0 0 15 0 0 0 0 0 0 0 0 
0 0 0 11 0 11 0 15 0 15 0 0 0 0 0 0 
0 0 0 0 11 0 0 0 15 0 0 0 0 0 0 0 
0 0 0 11 0 0 0 0 0 0 0 0 0 11 0 0 
0 0 11 0 11 0 0 0 0 0 0 0 0 0 0 0 
0 0 0 11 0 0 0 0 0 0 0 0 0 0 0 0 
0 0 0 0 0 0 0 0 0 0 0 0 0 0 0 0 
0 0 0 0 0 0 0 0 0 0 0 0 0 0 0 0 
0 0 0 0 0 0 0 0 0 0 0 0 0 0 0 0 

8601
0 0 0 0 0 0 0 0 0 0 0 0 0 0 0 0 
0 0 0 0 0 0 0 0 0 0 0 0 0 0 0 0 
0 0 0 0 0 0 0 0 0 0 0 0 0 0 0 0 
0 0 0 0 0 0 0 0 15 0 0 0 0 0 0 0 
0 0 0 0 0 0 0 15 0 0 0 0 0 0 0 0 
0 0 0 0 0 0 0 15 0 0 0 0 0 0 0 0 
0 0 0 0 0 0 0 11 15 0 0 0 0 0 0 0 
0 0 0 0 0 0 11 0 0 0 0 0 0 0 0 0 
0 0 0 0 0 0 0 11 0 0 0 15 0 0 0 0 
0 0 0 0 0 0 0 0 0 0 0 0 0 0 0 0 
0 0 0 0 0 0 0 0 11 0 0 0 0 0 0 0 
0 0 0 0 0 0 0 11 0 11 0 0 0 0 0 0 
0 0 0 0 0 0 0 0 0 0 0 0 0 0 0 0 

8649
0 0 0 0 0 0 0 0 0 0 0 0 0 0 0 0 
0 0 0 0 0 0 0 0 0 0 0 0 0 0 0 0 
0 0 0 0 0 0 0 0 0 0 0 0 0 0 0 0 
0 0 0 0 0 0 0 0 0 0 0 0 0 0 0 0 
0 0 0 0 0 0 0 15 15 0 0 0 0 0 0 0 
0 0 0 0 0 0 0 0 0 15 0 0 0 0 0 0 
0 0 0 0 0 0 0 0 15 0 0 0 0 0 0 0 
0 0 0 0 0 0 0 0 0 0 0 0 0 0 0 0 
0 0 0 0 0 0 0 15 0 0 0 0 0 0 0 0 
0 0 0 0 0 0 0 0 0 0 0 0 0 0 0 0 
0 0 0 0 0 0 0 0 0 0 0 0 0 0 0 0 
0 0 0 0 0 0 0 0 0 0 0 0 0 0 0 0 
0 0 0 0 0 0 0 0 0 0 0 0 0 0 0 0 

8649
0 0 0 0 0 0 0 0 0 0 0 0 0 0 0 0 
0 0 0 0 0 0 0 0 0 0 0 0 0 0 0 0 
0 0 0 0 0 0 0 0 0 0 0 0 0 0 0 0 
0 0 0 0 0 0 0 0 0 0 0 0 0 0 0 0 
0 0 0 0 0 0 0 15 15 0 0 0 0 0 0 0 
0 0 0 0 0 0 0 0 0 15 0 0 0 0 0 0 
0 0 0 0 0 0 0 0 15 0 0 0 0 0 0 0 
0 0 0 0 0 0 0 0 0 0 0 0 0 0 0 0 
0 0 0 0 0 0 0 15 0 0 0 0 0 0 0 0 
0 0 0 0 0 0 0 0 0 0 0 0 0 0 0 0 
0 0 0 0 0 0 0 0 0 0 0 0 0 0 0 0 
0 0 0 0 0 0 0 0 0 0 0 0 0 0 0 0 
0 0 0 0 0 0 0 0 0 0 0 0 0 0 0 0 

8649
0 0 0 0 0 0 0 0 0 0 0 0 0 0 0 0 
0 0 0 0 0 0 0 0 0 0 0 0 0 0 0 0 
0 0 0 0 0 0 0 0 0 0 0 0 0 0 0 0 
0 0 0 0 0 0 0 0 0 0 0 0 0 0 0 0 
0 0 0 0 0 0 0 15 15 0 0 0 0 0 0 0 
0 0 0 0 0 0 0 0 0 15 0 0 0 0 0 0 
0 0 0 0 0 0 0 0 15 0 0 0 0 0 0 0 
0 0 0 0 0 0 0 0 0 0 0 0 0 0 0 0 
0 0 0 0 0 0 0 15 0 0 0 0 0 0 0 0 
0 0 0 0 0 0 0 0 0 0 0 0 0 0 0 0 
0 0 0 0 0 0 0 0 0 0 0 0 0 0 0 0 
0 0 0 0 0 0 0 0 0 0 0 0 0 0 0 0 
0 0 0 0 0 0 0 0 0 0 0 0 0 0 0 0 

8647
0 0 0 0 0 0 0 0 0 0 0 0 0 0 0 0 
0 0 0 0 0 0 0 0 15 0 0 0 0 0 0 0 
0 0 0 0 0 0 0 0 0 0 0 0 0 0 0 0 
0 0 0 0 0 0 0 0 0 0 0 0 0 0 0 0 
0 0 0 0 0 0 0 0 15 0 0 0 0 0 0 0 
0 0 0 0 0 0 0 0 0 0 0 0 0 0 0 0 
0 0 0 0 0 0 15 0 15 15 0 0 0 0 0 0 
0 0 0 0 0 0 0 0 0 0 0 0 0 0 0 0 
0 0 0 0 0 0 0 0 0 0 0 0 0 0 0 0 
0 0 0 0 0 0 0 0 0 0 0 0 0 0 0 0 
0 0 0 0 0 0 0 0 0 0 0 0 0 0 0 0 
0 0 0 0 0 0 0 0 0 0 0 0 0 0 0 0 
0 0 0 0 0 0 0 0 0 0 0 0 0 0 0 0 

8647
0 0 0 0 0 0 0 0 0 0 0 0 0 0 0 0 
0 0 0 0 0 0 0 0 15 0 0 0 0 0 0 0 
0 0 0 0 0 0 0 0 0 0 0 0 0 0 0 0 
0 0 0 0 0 0 0 0 0 0 0 0 0 0 0 0 
0 0 0 0 0 0 0 0 15 0 0 0 0 0 0 0 
0 0 0 0 0 0 0 0 0 0 0 0 0 0 0 0 
0 0 0 0 0 0 15 0 15 15 0 0 0 0 0 0 
0 0 0 0 0 0 0 0 0 0 0 0 0 0 0 0 
0 0 0 0 0 0 0 0 0 0 0 0 0 0 0 0 
0 0 0 0 0 0 0 0 0 0 0 0 0 0 0 0 
0 0 0 0 0 0 0 0 0 0 0 0 0 0 0 0 
0 0 0 0 0 0 0 0 0 0 0 0 0 0 0 0 
0 0 0 0 0 0 0 0 0 0 0 0 0 0 0 0 

8649
0 0 0 0 0 0 0 0 0 0 0 0 0 0 0 0 
0 0 0 0 0 0 0 0 0 0 0 0 0 0 0 0 
0 0 0 0 0 0 0 0 0 0 0 0 0 0 0 0 
0 0 0 0 0 0 0 0 0 0 0 0 0 0 0 0 
0 0 0 0 0 0 0 15 0 0 0 0 0 0 0 0 
0 0 0 0 0 0 0 0 0 15 0 0 0 0 0 0 
0 0 0 0 0 0 0 15 15 0 15 0 0 0 0 0 
0 0 0 0 0 0 0 0 0 0 0 0 0 0 0 0 
0 0 0 0 0 0 0 0 0 0 0 0 0 0 0 0 
0 0 0 0 0 0 0 0 0 0 0 0 0 0 0 0 
0 0 0 0 0 0 0 0 0 0 0 0 0 0 0 0 
0 0 0 0 0 0 0 0 0 0 0 0 0 0 0 0 
0 0 0 0 0 0 0 0 0 0 0 0 0 0 0 0 

8649
0 0 0 0 0 0 0 0 0 0 0 0 0 0 0 0 
0 0 0 0 0 0 0 0 0 0 0 0 0 0 0 0 
0 0 0 0 0 0 0 0 0 0 0 0 0 0 0 0 
0 0 0 0 0 0 0 0 0 0 0 0 0 0 0 0 
0 0 0 0 0 0 0 15 0 0 0 0 0 0 0 0 
0 0 0 0 0 0 0 0 0 15 0 0 0 0 0 0 
0 0 0 0 0 0 0 15 15 0 15 0 0 0 0 0 
0 0 0 0 0 0 0 0 0 0 0 0 0 0 0 0 
0 0 0 0 0 0 0 0 0 0 0 0 0 0 0 0 
0 0 0 0 0 0 0 0 0 0 0 0 0 0 0 0 
0 0 0 0 0 0 0 0 0 0 0 0 0 0 0 0 
0 0 0 0 0 0 0 0 0 0 0 0 0 0 0 0 
0 0 0 0 0 0 0 0 0 0 0 0 0 0 0 0 

8649
0 0 0 0 0 0 0 0 0 0 0 0 0 0 0 0 
0 0 0 0 0 0 0 0 0 0 0 0 0 0 0 0 
0 0 0 0 0 0 0 0 0 0 0 0 0 0 0 0 
0 0 0 0 0 0 0 0 0 0 0 0 0 0 0 0 
0 0 0 0 0 0 0 15 0 0 0 0 0 0 0 0 
0 0 0 0 0 0 0 0 0 15 0 0 0 0 0 0 
0 0 0 0 0 0 0 15 15 0 15 0 0 0 0 0 
0 0 0 0 0 0 0 0 0 0 0 0 0 0 0 0 
0 0 0 0 0 0 0 0 0 0 0 0 0 0 0 0 
0 0 0 0 0 0 0 0 0 0 0 0 0 0 0 0 
0 0 0 0 0 0 0 0 0 0 0 0 0 0 0 0 
0 0 0 0 0 0 0 0 0 0 0 0 0 0 0 0 
0 0 0 0 0 0 0 0 0 0 0 0 0 0 0 0 

8645
0 0 0 0 0 0 0 0 0 0 0 0 0 0 0 0 
0 0 0 0 0 0 0 0 15 0 0 0 0 0 0 0 
0 0 0 0 0 0 0 0 0 0 0 0 0 0 0 0 
0 0 0 0 0 0 0 0 0 0 0 0 0 0 0 0 
0 0 0 0 0 0 0 15 0 0 0 0 0 0 0 0 
0 0 0 0 0 0 15 0 0 0 0 0 0 15 0 0 
0 0 0 0 0 0 0 0 15 0 0 0 0 0 0 0 
0 0 0 0 0 0 0 0 0 0 0 0 0 0 0 0 
0 0 0 0 0 0 0 0 0 0 0 0 0 0 0 0 
0 0 0 0 0 0 0 0 0 0 0 0 0 0 0 0 
0 0 0 0 0 0 0 0 0 0 0 0 0 0 0 0 
0 0 0 0 0 0 0 0 0 0 0 0 0 0 0 0 
0 0 0 0 0 0 0 0 0 0 0 0 0 0 0 0 

8645
0 0 0 0 0 0 0 0 0 0 0 0 0 0 0 0 
0 0 0 0 0 0 0 0 15 0 0 0 0 0 0 0 
0 0 0 0 0 0 0 0 0 0 0 0 0 0 0 0 
0 0 0 0 0 0 0 0 0 0 0 0 0 0 0 0 
0 0 0 0 0 0 0 15 0 0 0 0 0 0 0 0 
0 0 0 0 0 0 15 0 0 0 0 0 0 15 0 0 
0 0 0 0 0 0 0 0 15 0 0 0 0 0 0 0 
0 0 0 0 0 0 0 0 0 0 0 0 0 0 0 0 
0 0 0 0 0 0 0 0 0 0 0 0 0 0 0 0 
0 0 0 0 0 0 0 0 0 0 0 0 0 0 0 0 
0 0 0 0 0 0 0 0 0 0 0 0 0 0 0 0 
0 0 0 0 0 0 0 0 0 0 0 0 0 0 0 0 
0 0 0 0 0 0 0 0 0 0 0 0 0 0 0 0 

8649
0 0 0 0 0 0 0 0 0 0 0 0 0 0 0 0 
0 0 0 0 0 0 0 0 0 0 0 0 0 0 0 0 
0 0 0 0 0 0 0 0 0 0 0 0 0 0 0 0 
0 0 0 0 0 0 0 0 0 0 0 0 0 0 0 0 
0 0 0 0 0 0 0 15 15 0 0 0 0 0 0 0 
0 0 0 0 0 0 0 0 0 0 0 0 0 0 0 0 
0 0 0 0 0 0 0 15 15 0 0 0 0 0 0 0 
0 0 0 0 0 0 0 0 0 0 0 0 0 0 0 0 
0 0 0 0 0 0 0 0 0 0 0 15 0 0 0 0 
0 0 0 0 0 0 0 0 0 0 0 0 0 0 0 0 
0 0 0 0 0 0 0 0 0 0 0 0 0 0 0 0 
0 0 0 0 0 0 0 0 0 0 0 0 0 0 0 0 
0 0 0 0 0 0 0 0 0 0 0 0 0 0 0 0 

8649
0 0 0 0 0 0 0 0 0 0 0 0 0 0 0 0 
0 0 0 0 0 0 0 0 0 0 0 0 0 0 0 0 
0 0 0 0 0 0 0 0 0 0 0 0 0 0 0 0 
0 0 0 0 0 0 0 0 0 0 0 0 0 0 0 0 
0 0 0 0 0 0 0 15 15 0 0 0 0 0 0 0 
0 0 0 0 0 0 0 0 0 0 0 0 0 0 0 0 
0 0 0 0 0 0 0 15 15 0 0 0 0 0 0 0 
0 0 0 0 0 0 0 0 0 0 0 0 0 0 0 0 
0 0 0 0 0 0 0 0 0 0 0 15 0 0 0 0 
0 0 0 0 0 0 0 0 0 0 0 0 0 0 0 0 
0 0 0 0 0 0 0 0 0 0 0 0 0 0 0 0 
0 0 0 0 0 0 0 0 0 0 0 0 0 0 0 0 
0 0 0 0 0 0 0 0 0 0 0 0 0 0 0 0 

8649
0 0 0 0 0 0 0 0 0 0 0 0 0 0 0 0 
0 0 0 0 0 0 0 0 0 0 0 0 0 0 0 0 
0 0 0 0 0 0 0 0 0 0 0 0 0 0 0 0 
0 0 0 0 0 0 0 0 0 0 0 0 0 0 0 0 
0 0 0 0 0 0 0 15 15 0 0 0 0 0 0 0 
0 0 0 0 0 0 0 0 0 0 0 0 0 0 0 0 
0 0 0 0 0 0 0 15 15 0 0 0 0 0 0 0 
0 0 0 0 0 0 0 0 0 0 0 0 0 0 0 0 
0 0 0 0 0 0 0 0 0 0 0 15 0 0 0 0 
0 0 0 0 0 0 0 0 0 0 0 0 0 0 0 0 
0 0 0 0 0 0 0 0 0 0 0 0 0 0 0 0 
0 0 0 0 0 0 0 0 0 0 0 0 0 0 0 0 
0 0 0 0 0 0 0 0 0 0 0 0 0 0 0 0 

8634
0 0 0 0 0 0 0 0 0 0 0 0 0 0 0 0 
0 0 0 0 0 0 0 0 0 0 0 0 0 0 0 0 
0 0 0 0 0 0 0 0 0 0 0 0 0 0 0 0 
0 0 0 0 0 0 0 0 0 0 0 0 0 0 0 0 
0 0 0 0 0 0 0 15 15 0 0 0 0 0 0 0 
0 0 0 0 0 0 0 0 0 0 0 0 0 0 0 0 
0 0 0 0 0 0 0 0 15 0 0 0 0 0 0 0 
0 0 0 0 0 0 0 0 0 0 15 0 0 0 0 0 
0 0 0 0 0 0 11 0 0 0 0 0 0 0 0 0 
0 0 0 0 0 11 0 0 0 0 0 0 0 0 0 0 
0 0 0 0 0 0 11 0 0 0 0 0 0 0 0 0 
0 0 0 0 0 0 0 0 0 0 0 0 0 0 0 0 
0 0 0 0 0 0 0 0 0 0 0 0 0 0 0 0 

8613
0 0 0 0 0 0 0 0 0 0 0 0 0 0 0 0 
0 0 0 0 0 0 0 0 0 0 0 0 0 0 0 0 
0 0 0 0 0 0 0 0 0 0 0 0 0 0 0 0 
0 0 0 0 0 15 0 0 0 0 0 0 0 0 15 0 
0 0 0 0 0 0 0 15 0 0 0 0 0 0 0 0 
0 0 0 0 0 0 0 0 0 15 0 0 0 0 0 0 
0 0 0 0 0 0 0 0 15 0 0 0 0 0 0 0 
0 0 0 11 0 0 0 0 0 0 0 0 0 0 0 0 
0 0 11 0 11 0 0 0 0 0 0 0 0 0 0 0 
0 0 0 11 0 0 0 0 0 0 0 0 0 0 0 0 
0 0 0 0 0 0 0 0 0 0 0 0 0 0 0 0 
0 0 0 0 0 0 0 0 0 0 0 0 0 0 0 0 
0 0 0 0 0 0 0 0 0 0 0 0 0 0 0 0 

8649
0 0 0 0 0 0 0 0 0 0 0 0 0 0 0 0 
0 0 0 0 0 0 0 0 0 0 0 0 0 0 0 0 
0 0 0 0 0 0 0 0 0 0 0 0 0 0 0 0 
0 0 0 0 0 0 0 0 0 0 0 0 0 0 0 0 
0 0 0 0 0 0 0 15 15 0 0 0 0 0 0 0 
0 0 0 0 0 0 0 0 0 0 0 0 0 0 0 0 
0 0 0 0 0 0 0 15 15 15 0 0 0 0 0 0 
0 0 0 0 0 0 0 0 0 0 0 0 0 0 0 0 
0 0 0 0 0 0 0 0 0 0 0 0 0 0 0 0 
0 0 0 0 0 0 0 0 0 0 0 0 0 0 0 0 
0 0 0 0 0 0 0 0 0 0 0 0 0 0 0 0 
0 0 0 0 0 0 0 0 0 0 0 0 0 0 0 0 
0 0 0 0 0 0 0 0 0 0 0 0 0 0 0 0 

8649
0 0 0 0 0 0 0 0 0 0 0 0 0 0 0 0 
0 0 0 0 0 0 0 0 0 0 0 0 0 0 0 0 
0 0 0 0 0 0 0 0 0 0 0 0 0 0 0 0 
0 0 0 0 0 0 0 0 0 0 0 0 0 0 0 0 
0 0 0 0 0 0 0 15 15 0 0 0 0 0 0 0 
0 0 0 0 0 0 15 0 0 0 0 0 0 0 0 0 
0 0 0 0 0 0 0 0 15 0 15 0 0 0 0 0 
0 0 0 0 0 0 0 0 0 0 0 0 0 0 0 0 
0 0 0 0 0 0 0 0 0 0 0 0 0 0 0 0 
0 0 0 0 0 0 0 0 0 0 0 0 0 0 0 0 
0 0 0 0 0 0 0 0 0 0 0 0 0 0 0 0 
0 0 0 0 0 0 0 0 0 0 0 0 0 0 0 0 
0 0 0 0 0 0 0 0 0 0 0 0 0 0 0 0 

8649
0 0 0 0 0 0 0 0 0 0 0 0 0 0 0 0 
0 0 0 0 0 0 0 0 0 0 0 0 0 0 0 0 
0 0 0 0 0 0 0 0 0 0 0 0 0 0 0 0 
0 0 0 0 0 0 0 0 0 0 0 0 0 0 0 0 
0 0 0 0 0 0 0 15 15 0 0 0 0 0 0 0 
0 0 0 0 0 0 15 0 0 0 0 0 0 0 0 0 
0 0 0 0 0 0 0 0 15 15 0 0 0 0 0 0 
0 0 0 0 0 0 0 0 0 0 0 0 0 0 0 0 
0 0 0 0 0 0 0 0 0 0 0 0 0 0 0 0 
0 0 0 0 0 0 0 0 0 0 0 0 0 0 0 0 
0 0 0 0 0 0 0 0 0 0 0 0 0 0 0 0 
0 0 0 0 0 0 0 0 0 0 0 0 0 0 0 0 
0 0 0 0 0 0 0 0 0 0 0 0 0 0 0 0 

8649
0 0 0 0 0 0 0 0 0 0 0 0 0 0 0 0 
0 0 0 0 0 0 0 0 0 0 0 0 0 0 0 0 
0 0 0 0 0 0 0 0 0 0 0 0 0 0 0 0 
0 0 0 0 0 0 0 0 0 0 0 0 0 0 0 0 
0 0 0 0 0 0 0 15 15 0 0 0 0 0 0 0 
0 0 0 0 0 0 0 0 0 0 0 0 0 0 0 0 
0 0 0 0 0 0 0 15 15 15 0 0 0 0 0 0 
0 0 0 0 0 0 0 0 0 0 0 0 0 0 0 0 
0 0 0 0 0 0 0 0 0 0 0 0 0 0 0 0 
0 0 0 0 0 0 0 0 0 0 0 0 0 0 0 0 
0 0 0 0 0 0 0 0 0 0 0 0 0 0 0 0 
0 0 0 0 0 0 0 0 0 0 0 0 0 0 0 0 
0 0 0 0 0 0 0 0 0 0 0 0 0 0 0 0 

8649
0 0 0 0 0 0 0 0 0 0 0 0 0 0 0 0 
0 0 0 0 0 0 0 0 0 0 0 0 0 0 0 0 
0 0 0 0 0 0 0 0 0 0 0 0 0 0 0 0 
0 0 0 0 0 0 0 0 0 0 0 0 0 0 0 0 
0 0 0 0 0 0 0 15 15 0 0 0 0 0 0 0 
0 0 0 0 0 0 15 0 0 0 0 0 0 0 0 0 
0 0 0 0 0 0 0 0 15 0 15 0 0 0 0 0 
0 0 0 0 0 0 0 0 0 0 0 0 0 0 0 0 
0 0 0 0 0 0 0 0 0 0 0 0 0 0 0 0 
0 0 0 0 0 0 0 0 0 0 0 0 0 0 0 0 
0 0 0 0 0 0 0 0 0 0 0 0 0 0 0 0 
0 0 0 0 0 0 0 0 0 0 0 0 0 0 0 0 
0 0 0 0 0 0 0 0 0 0 0 0 0 0 0 0 

8649
0 0 0 0 0 0 0 0 0 0 0 0 0 0 0 0 
0 0 0 0 0 0 0 0 0 0 0 0 0 0 0 0 
0 0 0 0 0 0 0 0 0 0 0 0 0 0 0 0 
0 0 0 0 0 0 0 0 0 0 0 0 0 0 0 0 
0 0 0 0 0 0 0 15 15 0 0 0 0 0 0 0 
0 0 0 0 0 0 15 0 0 0 0 0 0 0 0 0 
0 0 0 0 0 0 0 0 15 15 0 0 0 0 0 0 
0 0 0 0 0 0 0 0 0 0 0 0 0 0 0 0 
0 0 0 0 0 0 0 0 0 0 0 0 0 0 0 0 
0 0 0 0 0 0 0 0 0 0 0 0 0 0 0 0 
0 0 0 0 0 0 0 0 0 0 0 0 0 0 0 0 
0 0 0 0 0 0 0 0 0 0 0 0 0 0 0 0 
0 0 0 0 0 0 0 0 0 0 0 0 0 0 0 0 

8632
0 0 0 0 0 0 0 0 0 0 0 0 0 0 0 0 
0 0 0 0 0 0 0 0 0 0 0 0 0 0 0 0 
0 0 0 0 0 0 0 0 0 0 0 0 0 0 0 0 
0 0 0 0 0 0 0 0 0 0 0 0 0 0 0 0 
0 0 0 0 0 0 0 15 15 0 15 0 0 0 0 0 
0 0 0 0 0 0 0 0 0 0 0 0 0 0 0 0 
0 0 0 0 0 0 0 15 15 0 0 0 0 0 0 0 
0 0 0 0 0 0 0 0 0 0 0 0 0 0 0 0 
0 0 0 0 0 0 11 0 0 0 0 0 0 0 0 0 
0 0 0 0 0 11 0 0 0 0 0 0 0 0 0 0 
0 0 0 0 0 0 11 0 0 0 0 0 0 0 0 0 
0 0 0 0 0 0 0 0 0 0 0 0 0 0 0 0 
0 0 0 0 0 0 0 0 0 0 0 0 0 0 0 0 

8605
0 0 0 0 0 0 0 0 0 0 0 0 0 0 0 0 
0 0 0 0 0 0 0 0 0 0 0 0 0 0 0 0 
0 0 0 0 0 0 0 15 0 0 0 0 0 0 0 0 
0 0 0 0 0 0 0 0 0 0 0 0 0 0 0 0 
0 0 0 0 11 0 0 15 15 0 0 0 0 0 0 0 
0 0 0 11 0 11 0 0 0 0 0 0 0 0 0 0 
0 0 0 0 11 0 0 0 15 0 0 0 0 0 0 0 
0 0 0 0 0 0 0 0 0 0 0 0 0 0 0 0 
0 0 0 0 0 0 0 0 0 0 0 0 0 0 0 0 
0 0 0 0 0 0 0 0 0 0 0 0 0 0 0 0 
0 0 0 0 0 0 0 0 11 0 0 0 0 0 0 0 
0 0 0 0 0 0 0 11 0 11 0 0 0 0 0 0 
0 0 0 0 0 0 0 0 0 0 0 0 0 0 0 0 

8605
0 0 0 0 0 0 0 0 0 0 0 0 0 0 0 0 
0 0 0 0 0 0 0 0 0 0 0 0 0 0 0 0 
0 0 0 0 0 0 0 15 0 0 0 0 0 0 0 0 
0 0 0 0 0 0 0 0 0 0 0 0 0 0 0 0 
0 0 0 0 11 0 0 15 15 0 0 0 0 0 0 0 
0 0 0 11 0 11 0 0 0 0 0 0 0 0 0 0 
0 0 0 0 11 0 0 0 15 0 0 0 0 0 0 0 
0 0 0 0 0 0 0 0 0 0 0 0 0 0 0 0 
0 0 0 0 0 0 0 0 0 0 0 0 0 0 0 0 
0 0 0 0 0 0 0 0 0 0 0 0 0 0 0 0 
0 0 0 0 0 0 0 0 11 0 0 0 0 0 0 0 
0 0 0 0 0 0 0 11 0 11 0 0 0 0 0 0 
0 0 0 0 0 0 0 0 0 0 0 0 0 0 0 0 

8605
0 0 0 0 0 0 0 0 0 0 0 0 0 0 0 0 
0 0 0 0 0 0 0 0 0 0 0 0 0 0 0 0 
0 0 0 0 0 0 0 15 0 0 0 0 0 0 0 0 
0 0 0 0 0 0 0 0 0 0 0 0 0 0 0 0 
0 0 0 0 11 0 0 15 15 0 0 0 0 0 0 0 
0 0 0 11 0 11 0 0 0 0 0 0 0 0 0 0 
0 0 0 0 11 0 0 0 15 0 0 0 0 0 0 0 
0 0 0 0 0 0 0 0 0 0 0 0 0 0 0 0 
0 0 0 0 0 0 0 0 0 0 0 0 0 0 0 0 
0 0 0 0 0 0 0 0 0 0 0 0 0 0 0 0 
0 0 0 0 0 0 0 0 11 0 0 0 0 0 0 0 
0 0 0 0 0 0 0 11 0 11 0 0 0 0 0 0 
0 0 0 0 0 0 0 0 0 0 0 0 0 0 0 0 

8653
0 0 0 0 0 0 0 0 0 0 0 0 0 0 0 0 
0 0 0 0 0 0 0 0 0 0 0 0 0 0 0 0 
0 0 0 0 0 0 0 0 0 0 0 0 0 11 0 0 
0 0 0 0 0 0 0 0 0 15 0 0 0 0 0 0 
0 0 0 0 0 0 0 15 0 0 0 0 0 0 0 0 
0 0 0 0 0 0 0 0 0 0 0 0 0 0 0 0 
0 0 0 0 0 0 0 0 15 0 0 0 0 0 0 0 
0 0 0 0 0 0 0 0 0 0 0 0 0 0 0 0 
0 0 0 0 0 0 0 15 0 0 0 0 0 0 0 0 
0 0 0 0 0 0 0 0 0 0 0 0 0 0 0 0 
0 0 0 0 0 0 0 0 0 0 0 0 0 0 0 0 
0 0 0 0 0 0 0 0 0 0 0 0 0 0 0 0 
0 0 0 0 0 0 0 0 0 0 0 0 0 0 0 0 

8649
0 0 0 0 0 0 0 0 0 0 0 0 0 0 0 0 
0 0 0 0 0 0 0 0 0 0 0 0 0 0 0 0 
0 0 0 0 0 0 0 0 0 0 0 0 0 0 0 0 
0 0 0 0 0 0 0 0 0 0 0 0 0 0 0 0 
0 0 0 0 0 0 0 15 0 0 0 0 0 0 0 0 
0 0 0 0 0 0 0 0 0 0 0 0 0 0 0 0 
0 0 0 0 0 0 15 0 15 0 15 0 0 0 0 0 
0 0 0 0 0 0 0 0 0 0 0 0 0 0 0 0 
0 0 0 0 0 0 0 0 0 0 0 15 0 0 0 0 
0 0 0 0 0 0 0 0 0 0 0 0 0 0 0 0 
0 0 0 0 0 0 0 0 0 0 0 0 0 0 0 0 
0 0 0 0 0 0 0 0 0 0 0 0 0 0 0 0 
0 0 0 0 0 0 0 0 0 0 0 0 0 0 0 0 

8649
0 0 0 0 0 0 0 0 0 0 0 0 0 0 0 0 
0 0 0 0 0 0 0 0 0 0 0 0 0 0 0 0 
0 0 0 0 0 0 0 0 0 0 0 0 0 0 0 0 
0 0 0 0 0 0 0 0 0 0 0 0 0 0 0 0 
0 0 0 0 0 0 0 15 0 0 0 0 0 0 0 0 
0 0 0 0 0 0 15 0 0 0 0 0 0 0 0 0 
0 0 0 0 0 0 0 0 15 15 15 0 0 0 0 0 
0 0 0 0 0 0 0 0 0 0 0 0 0 0 0 0 
0 0 0 0 0 0 0 0 0 0 0 0 0 0 0 0 
0 0 0 0 0 0 0 0 0 0 0 0 0 0 0 0 
0 0 0 0 0 0 0 0 0 0 0 0 0 0 0 0 
0 0 0 0 0 0 0 0 0 0 0 0 0 0 0 0 
0 0 0 0 0 0 0 0 0 0 0 0 0 0 0 0 

8649
0 0 0 0 0 0 0 0 0 0 0 0 0 0 0 0 
0 0 0 0 0 0 0 0 0 0 0 0 0 0 0 0 
0 0 0 0 0 0 0 0 0 0 0 0 0 0 0 0 
0 0 0 0 0 0 0 0 0 0 0 0 0 0 0 0 
0 0 0 0 0 0 0 15 15 0 0 0 0 0 0 0 
0 0 0 0 0 0 0 0 0 0 0 0 0 0 0 0 
0 0 0 0 0 0 0 0 15 0 0 0 0 0 0 0 
0 0 0 0 0 0 0 0 0 0 15 0 0 0 0 0 
0 0 0 0 0 0 0 15 0 0 0 0 0 0 0 0 
0 0 0 0 0 0 0 0 0 0 0 0 0 0 0 0 
0 0 0 0 0 0 0 0 0 0 0 0 0 0 0 0 
0 0 0 0 0 0 0 0 0 0 0 0 0 0 0 0 
0 0 0 0 0 0 0 0 0 0 0 0 0 0 0 0 

8649
0 0 0 0 0 0 0 0 0 0 0 0 0 0 0 0 
0 0 0 0 0 0 0 0 0 0 0 0 0 0 0 0 
0 0 0 0 0 0 0 0 0 0 0 0 0 0 0 0 
0 0 0 0 0 0 0 0 0 0 0 0 0 0 0 0 
0 0 0 0 0 0 0 15 0 0 0 0 0 0 0 0 
0 0 0 0 0 0 15 0 0 0 0 0 0 0 0 0 
0 0 0 0 0 0 0 0 15 15 15 0 0 0 0 0 
0 0 0 0 0 0 0 0 0 0 0 0 0 0 0 0 
0 0 0 0 0 0 0 0 0 0 0 0 0 0 0 0 
0 0 0 0 0 0 0 0 0 0 0 0 0 0 0 0 
0 0 0 0 0 0 0 0 0 0 0 0 0 0 0 0 
0 0 0 0 0 0 0 0 0 0 0 0 0 0 0 0 
0 0 0 0 0 0 0 0 0 0 0 0 0 0 0 0 

