9250
11 11 11 11 11 11 11 11 11 11 11 11 11 11 11 11 11 11 
11 0 0 0 0 0 0 0 0 0 0 0 0 0 0 0 11 11 
11 0 0 0 11 0 0 15 0 0 0 0 11 0 0 0 0 11 
11 0 0 0 11 0 11 0 0 0 0 0 0 11 0 0 0 11 
11 0 0 0 0 0 11 0 11 0 15 0 0 0 0 0 0 11 
11 0 0 11 11 0 11 0 0 11 0 0 0 11 11 0 0 11 
11 0 11 11 0 0 15 0 0 15 0 0 11 0 0 0 11 11 
11 0 11 0 0 11 11 0 15 0 0 0 0 0 0 0 11 11 
11 0 0 0 0 11 0 0 0 0 0 0 0 11 0 0 0 11 
11 0 0 11 0 0 0 0 0 0 0 0 0 0 0 0 0 11 
11 0 0 0 0 11 0 0 0 0 0 11 0 0 0 0 0 11 
11 0 11 0 0 0 11 0 0 0 11 0 0 0 11 0 11 11 
11 11 11 11 11 11 11 11 11 11 11 11 11 11 11 11 11 11 

9250
11 11 11 11 11 11 11 11 11 11 11 11 11 11 11 11 11 11 
11 0 0 0 0 0 0 0 15 0 0 0 0 0 0 0 11 11 
11 0 0 0 11 0 15 0 0 0 0 0 11 0 0 0 0 11 
11 0 0 0 11 0 11 0 0 0 0 0 0 11 0 0 0 11 
11 0 0 0 0 0 11 0 11 0 15 0 0 0 0 0 0 11 
11 0 0 11 11 0 11 0 0 11 0 0 0 11 11 0 0 11 
11 0 11 11 0 0 0 0 0 15 0 0 11 0 0 0 11 11 
11 0 11 0 0 11 11 0 15 0 0 0 0 0 0 0 11 11 
11 0 0 0 0 11 0 0 0 0 0 0 0 11 0 0 0 11 
11 0 0 11 0 0 0 0 0 0 0 0 0 0 0 0 0 11 
11 0 0 0 0 11 0 0 0 0 0 11 0 0 0 0 0 11 
11 0 11 0 0 0 11 0 0 0 11 0 0 0 11 0 11 11 
11 11 11 11 11 11 11 11 11 11 11 11 11 11 11 11 11 11 

9250
11 11 11 11 11 11 11 11 11 11 11 11 11 11 11 11 11 11 
11 0 0 0 0 0 0 0 15 0 0 0 0 0 0 0 11 11 
11 0 0 0 11 0 15 0 0 0 0 0 11 0 0 0 0 11 
11 0 0 0 11 0 11 0 0 0 0 0 0 11 0 0 0 11 
11 0 0 0 0 0 11 0 11 0 15 0 0 0 0 0 0 11 
11 0 0 11 11 0 11 0 0 11 0 0 0 11 11 0 0 11 
11 0 11 11 0 0 0 0 0 15 0 0 11 0 0 0 11 11 
11 0 11 0 0 11 11 0 15 0 0 0 0 0 0 0 11 11 
11 0 0 0 0 11 0 0 0 0 0 0 0 11 0 0 0 11 
11 0 0 11 0 0 0 0 0 0 0 0 0 0 0 0 0 11 
11 0 0 0 0 11 0 0 0 0 0 11 0 0 0 0 0 11 
11 0 11 0 0 0 11 0 0 0 11 0 0 0 11 0 11 11 
11 11 11 11 11 11 11 11 11 11 11 11 11 11 11 11 11 11 

9250
11 11 11 11 11 11 11 11 11 11 11 11 11 11 11 11 11 11 
11 0 0 0 0 0 0 0 15 0 0 0 0 0 0 0 11 11 
11 0 0 0 11 0 15 0 0 0 0 0 11 0 0 0 0 11 
11 0 0 0 11 0 11 0 0 0 0 0 0 11 0 0 0 11 
11 0 0 0 0 0 11 0 11 0 15 0 0 0 0 0 0 11 
11 0 0 11 11 0 11 0 0 11 0 0 0 11 11 0 0 11 
11 0 11 11 0 0 0 0 0 15 0 0 11 0 0 0 11 11 
11 0 11 0 0 11 11 0 15 0 0 0 0 0 0 0 11 11 
11 0 0 0 0 11 0 0 0 0 0 0 0 11 0 0 0 11 
11 0 0 11 0 0 0 0 0 0 0 0 0 0 0 0 0 11 
11 0 0 0 0 11 0 0 0 0 0 11 0 0 0 0 0 11 
11 0 11 0 0 0 11 0 0 0 11 0 0 0 11 0 11 11 
11 11 11 11 11 11 11 11 11 11 11 11 11 11 11 11 11 11 

9243
11 11 11 11 11 11 11 11 11 11 11 11 11 11 11 11 11 11 
11 0 0 0 15 11 0 0 0 0 0 0 0 0 0 0 11 11 
11 0 0 0 11 15 0 0 0 0 0 0 11 0 0 0 0 11 
11 0 0 0 11 0 11 0 0 0 0 0 0 11 0 0 0 11 
11 0 0 0 0 0 11 0 11 0 15 0 0 0 0 0 0 11 
11 0 0 11 11 0 11 0 0 11 0 0 0 11 11 0 0 11 
11 0 11 11 0 0 0 0 0 15 0 0 11 0 0 0 11 11 
11 0 11 0 0 11 11 0 0 0 0 0 0 0 0 0 11 11 
11 0 0 0 0 11 0 0 0 15 0 0 0 11 0 0 0 11 
11 0 0 11 0 0 0 0 0 0 0 0 0 0 0 0 0 11 
11 0 0 0 0 11 0 0 0 0 0 11 0 0 0 0 0 11 
11 0 11 0 0 0 11 0 0 0 11 0 0 0 11 0 11 11 
11 11 11 11 11 11 11 11 11 11 11 11 11 11 11 11 11 11 

9250
11 11 11 11 11 11 11 11 11 11 11 11 11 11 11 11 11 11 
11 0 0 0 0 0 0 0 0 0 0 0 0 0 11 0 11 11 
11 0 0 0 11 0 15 0 15 0 0 0 11 0 0 0 0 11 
11 0 0 0 11 0 0 0 0 0 0 0 0 11 0 0 0 11 
11 0 0 0 0 0 11 0 11 0 15 0 0 0 0 0 0 11 
11 0 11 11 11 0 11 0 0 11 0 0 0 11 11 0 0 11 
11 0 11 11 0 0 0 0 0 15 0 0 11 0 0 0 11 11 
11 0 11 0 0 11 11 0 15 0 0 0 0 0 0 0 11 11 
11 0 0 0 0 11 0 0 0 0 0 0 0 11 0 0 0 11 
11 0 0 11 0 0 0 0 0 0 0 0 0 0 0 0 0 11 
11 0 0 0 0 11 0 0 0 0 0 11 0 0 0 0 0 11 
11 0 11 0 0 0 0 0 0 0 11 0 0 0 11 0 11 11 
11 11 11 11 11 11 11 11 11 11 11 11 11 11 11 11 11 11 

9228
11 11 11 11 11 11 11 11 11 11 11 11 11 11 11 11 11 11 
11 0 0 0 0 0 0 0 0 0 0 0 0 0 11 0 11 11 
11 0 0 0 11 0 14 0 0 0 0 0 11 0 0 0 0 11 
11 0 0 0 11 15 0 0 0 0 0 0 0 11 0 0 0 11 
11 0 0 0 0 0 11 0 11 0 15 0 0 0 0 0 0 11 
11 0 11 11 11 0 11 0 0 11 0 0 0 11 11 0 0 11 
11 0 11 11 0 0 0 0 0 15 0 0 11 0 0 0 11 11 
11 0 11 0 0 11 11 0 0 15 0 0 0 0 0 0 11 11 
11 0 0 0 0 11 0 0 0 0 0 0 0 11 0 0 0 11 
11 0 0 11 0 0 0 0 0 0 0 0 0 0 0 0 0 11 
11 0 0 0 0 11 0 0 0 0 0 11 0 0 0 0 0 11 
11 0 11 0 0 0 0 0 0 0 11 0 0 0 11 0 11 11 
11 11 11 11 11 11 11 11 11 11 11 11 11 11 11 11 11 11 

9228
11 11 11 11 11 11 11 11 11 11 11 11 11 11 11 11 11 11 
11 0 0 0 0 0 0 0 0 0 0 0 0 0 11 0 11 11 
11 0 0 0 11 0 14 0 0 0 0 0 11 0 0 0 0 11 
11 0 0 0 11 15 0 0 0 0 0 0 0 11 0 0 0 11 
11 0 0 0 0 0 11 0 11 0 15 0 0 0 0 0 0 11 
11 0 11 11 11 0 11 0 0 11 0 0 0 11 11 0 0 11 
11 0 11 11 0 0 0 0 0 15 0 0 11 0 0 0 11 11 
11 0 11 0 0 11 11 0 0 15 0 0 0 0 0 0 11 11 
11 0 0 0 0 11 0 0 0 0 0 0 0 11 0 0 0 11 
11 0 0 11 0 0 0 0 0 0 0 0 0 0 0 0 0 11 
11 0 0 0 0 11 0 0 0 0 0 11 0 0 0 0 0 11 
11 0 11 0 0 0 0 0 0 0 11 0 0 0 11 0 11 11 
11 11 11 11 11 11 11 11 11 11 11 11 11 11 11 11 11 11 

9228
11 11 11 11 11 11 11 11 11 11 11 11 11 11 11 11 11 11 
11 0 0 0 0 0 0 0 0 0 0 0 0 0 11 0 11 11 
11 0 0 0 11 0 14 0 0 0 0 0 11 0 0 0 0 11 
11 0 0 0 11 15 0 0 0 0 0 0 0 11 0 0 0 11 
11 0 0 0 0 0 11 0 11 0 15 0 0 0 0 0 0 11 
11 0 11 11 11 0 11 0 0 11 0 0 0 11 11 0 0 11 
11 0 11 11 0 0 0 0 0 15 0 0 11 0 0 0 11 11 
11 0 11 0 0 11 11 0 0 15 0 0 0 0 0 0 11 11 
11 0 0 0 0 11 0 0 0 0 0 0 0 11 0 0 0 11 
11 0 0 11 0 0 0 0 0 0 0 0 0 0 0 0 0 11 
11 0 0 0 0 11 0 0 0 0 0 11 0 0 0 0 0 11 
11 0 11 0 0 0 0 0 0 0 11 0 0 0 11 0 11 11 
11 11 11 11 11 11 11 11 11 11 11 11 11 11 11 11 11 11 

9223
11 11 11 11 11 11 11 11 11 11 11 11 11 11 11 11 11 11 
11 0 0 0 0 0 0 0 0 0 0 0 0 0 11 0 11 11 
11 0 15 0 11 0 0 0 0 0 0 0 11 0 0 0 0 11 
11 0 0 0 11 11 0 0 0 0 0 0 0 11 0 0 0 11 
11 0 0 0 0 11 11 0 11 0 15 0 0 0 0 0 0 11 
11 0 11 11 11 0 11 0 0 11 0 0 0 11 11 0 0 11 
11 0 11 11 0 0 0 0 0 15 0 0 11 0 0 0 11 11 
11 0 11 0 0 11 11 0 0 15 0 0 0 0 0 0 11 11 
11 0 0 0 0 11 0 0 0 0 0 12 0 11 0 0 0 11 
11 0 0 11 0 0 0 0 0 0 0 0 0 0 0 0 0 11 
11 0 0 0 0 11 0 0 0 0 0 11 0 0 0 0 0 11 
11 0 11 0 0 0 0 0 0 0 11 0 0 0 11 0 11 11 
11 11 11 11 11 11 11 11 11 11 11 11 11 11 11 11 11 11 

9250
11 11 11 11 11 11 11 11 11 11 11 11 11 11 11 11 11 11 
11 0 0 0 0 0 0 0 0 0 0 0 0 0 0 0 11 11 
11 0 0 0 11 0 0 0 0 0 0 0 11 0 0 0 0 11 
11 0 0 0 11 15 11 0 0 0 0 0 0 11 0 0 0 11 
11 0 0 0 0 0 11 15 11 0 15 0 0 0 0 0 0 11 
11 0 11 11 11 0 11 0 0 11 0 0 0 11 11 0 0 11 
11 0 11 11 0 0 0 0 0 15 0 0 11 0 0 0 11 11 
11 0 0 0 0 11 11 0 15 0 0 0 0 0 0 0 11 11 
11 0 0 0 0 11 0 0 0 0 0 0 0 11 0 0 0 11 
11 0 0 11 11 0 0 0 0 0 0 0 0 0 0 0 0 11 
11 0 0 0 0 11 0 0 0 0 0 11 0 0 0 0 0 11 
11 0 11 0 0 0 0 0 0 0 11 0 0 0 11 0 11 11 
11 11 11 11 11 11 11 11 11 11 11 11 11 11 11 11 11 11 

9223
11 11 11 11 11 11 11 11 11 11 11 11 11 11 11 11 11 11 
11 0 0 0 0 0 0 0 0 0 0 0 0 0 0 0 11 11 
11 0 0 0 11 0 0 0 0 15 0 0 11 0 0 0 0 11 
11 0 0 0 11 0 11 0 13 0 15 0 0 11 0 0 0 11 
11 11 0 0 0 0 11 0 11 0 15 0 0 0 0 0 0 11 
11 0 11 11 11 0 11 0 0 11 15 0 0 11 11 0 0 11 
11 0 11 11 0 0 0 0 0 0 0 0 11 0 0 0 11 11 
11 0 0 0 0 11 11 0 0 0 0 0 0 0 0 0 11 11 
11 0 0 0 0 11 0 0 0 0 0 0 0 11 0 0 0 11 
11 0 0 11 11 0 0 0 0 0 0 0 0 0 0 0 0 11 
11 0 0 0 0 11 0 0 0 0 0 11 0 0 0 0 0 11 
11 0 11 0 0 0 0 0 0 0 11 0 0 0 11 0 11 11 
11 11 11 11 11 11 11 11 11 11 11 11 11 11 11 11 11 11 

9179
11 11 11 11 11 11 11 11 11 11 11 11 11 11 11 11 11 11 
11 0 0 0 0 0 0 0 0 0 0 0 0 0 0 0 11 11 
11 0 0 0 11 0 0 0 0 0 0 0 11 0 0 0 0 11 
11 0 0 0 11 0 11 13 0 0 0 0 0 11 0 0 0 11 
11 0 13 0 11 0 11 0 11 0 15 0 0 0 0 0 0 11 
11 0 11 11 11 0 11 0 0 11 0 0 0 11 11 0 0 11 
11 0 11 11 0 0 13 0 0 15 0 0 11 0 0 0 11 11 
11 0 0 0 11 11 11 0 0 0 0 0 0 0 0 0 11 11 
11 0 0 0 0 11 0 0 0 15 0 0 0 11 0 0 0 11 
11 0 0 11 11 0 0 0 0 0 0 0 0 0 0 0 0 11 
11 0 0 0 0 11 0 0 0 0 0 11 0 0 0 0 0 11 
11 0 11 0 0 0 0 0 0 0 11 0 0 0 11 0 11 11 
11 11 11 11 11 11 11 11 11 11 11 11 11 11 11 11 11 11 

9179
11 11 11 11 11 11 11 11 11 11 11 11 11 11 11 11 11 11 
11 0 0 0 0 0 0 0 0 0 0 0 0 0 0 0 11 11 
11 0 0 0 11 0 0 0 0 0 0 0 11 0 0 0 0 11 
11 0 0 0 11 0 11 13 0 0 0 0 0 11 0 0 0 11 
11 0 13 0 11 0 11 0 11 0 15 0 0 0 0 0 0 11 
11 0 11 11 11 0 11 0 0 11 0 0 0 11 11 0 0 11 
11 0 11 11 0 0 13 0 0 15 0 0 11 0 0 0 11 11 
11 0 0 0 11 11 11 0 0 0 0 0 0 0 0 0 11 11 
11 0 0 0 0 11 0 0 0 15 0 0 0 11 0 0 0 11 
11 0 0 11 11 0 0 0 0 0 0 0 0 0 0 0 0 11 
11 0 0 0 0 11 0 0 0 0 0 11 0 0 0 0 0 11 
11 0 11 0 0 0 0 0 0 0 11 0 0 0 11 0 11 11 
11 11 11 11 11 11 11 11 11 11 11 11 11 11 11 11 11 11 

9179
11 11 11 11 11 11 11 11 11 11 11 11 11 11 11 11 11 11 
11 0 0 0 0 0 0 0 0 0 0 0 0 0 0 0 11 11 
11 0 0 0 11 0 0 0 0 0 0 0 11 0 0 0 0 11 
11 0 0 0 11 0 11 13 0 0 0 0 0 11 0 0 0 11 
11 0 13 0 11 0 11 0 11 0 15 0 0 0 0 0 0 11 
11 0 11 11 11 0 11 0 0 11 0 0 0 11 11 0 0 11 
11 0 11 11 0 0 13 0 0 15 0 0 11 0 0 0 11 11 
11 0 0 0 11 11 11 0 0 0 0 0 0 0 0 0 11 11 
11 0 0 0 0 11 0 0 0 15 0 0 0 11 0 0 0 11 
11 0 0 11 11 0 0 0 0 0 0 0 0 0 0 0 0 11 
11 0 0 0 0 11 0 0 0 0 0 11 0 0 0 0 0 11 
11 0 11 0 0 0 0 0 0 0 11 0 0 0 11 0 11 11 
11 11 11 11 11 11 11 11 11 11 11 11 11 11 11 11 11 11 

9250
11 11 11 11 11 11 11 11 11 11 11 11 11 11 11 11 11 11 
11 0 0 0 0 0 0 0 0 0 0 0 0 0 11 0 11 11 
11 0 0 0 11 0 0 0 0 0 0 0 11 0 0 0 0 11 
11 0 0 0 11 0 11 0 0 0 0 0 0 11 0 0 0 11 
11 0 0 0 0 15 11 0 11 0 15 0 0 0 0 0 0 11 
11 0 0 11 11 0 11 0 0 11 0 0 0 11 11 0 0 11 
11 0 11 11 0 0 0 0 15 15 0 0 11 0 0 0 11 11 
11 0 11 0 0 11 11 0 15 0 0 0 0 0 0 0 11 11 
11 0 0 0 0 11 0 0 0 0 0 0 0 11 0 0 0 11 
11 0 0 11 0 0 0 0 0 0 0 0 0 0 0 0 0 11 
11 0 0 0 0 11 0 0 0 0 0 11 0 0 0 0 0 11 
11 0 11 0 0 0 0 0 0 0 11 0 0 0 11 0 11 11 
11 11 11 11 11 11 11 11 11 11 11 11 11 11 11 11 11 11 

9250
11 11 11 11 11 11 11 11 11 11 11 11 11 11 11 11 11 11 
11 0 0 0 0 0 0 0 0 0 0 0 0 0 11 0 11 11 
11 0 0 0 11 0 0 0 0 0 0 0 11 0 0 0 0 11 
11 0 0 0 11 0 11 0 0 15 0 0 0 11 0 0 0 11 
11 0 0 0 0 0 11 0 11 0 15 0 0 0 0 0 0 11 
11 0 0 11 11 0 11 0 0 11 0 0 0 11 11 0 0 11 
11 0 11 11 0 0 15 0 0 15 0 0 11 0 0 0 11 11 
11 0 11 0 0 11 11 0 15 0 0 0 0 0 0 0 11 11 
11 0 0 0 0 11 0 0 0 0 0 0 0 11 0 0 0 11 
11 0 0 11 0 0 0 0 0 0 0 0 0 0 0 0 0 11 
11 0 0 0 0 11 0 0 0 0 0 11 0 0 0 0 0 11 
11 0 11 0 0 0 0 0 0 0 11 0 0 0 11 0 11 11 
11 11 11 11 11 11 11 11 11 11 11 11 11 11 11 11 11 11 

9250
11 11 11 11 11 11 11 11 11 11 11 11 11 11 11 11 11 11 
11 0 0 0 0 0 0 0 0 0 0 0 0 0 11 0 11 11 
11 0 0 0 11 0 0 0 0 0 0 0 11 0 0 0 0 11 
11 0 0 0 11 0 11 0 0 15 0 0 0 11 0 0 0 11 
11 0 0 0 0 0 11 0 11 0 15 0 0 0 0 0 0 11 
11 0 0 11 11 0 11 0 0 11 0 0 0 11 11 0 0 11 
11 0 11 11 0 0 15 0 0 15 0 0 11 0 0 0 11 11 
11 0 11 0 0 11 11 0 15 0 0 0 0 0 0 0 11 11 
11 0 0 0 0 11 0 0 0 0 0 0 0 11 0 0 0 11 
11 0 0 11 0 0 0 0 0 0 0 0 0 0 0 0 0 11 
11 0 0 0 0 11 0 0 0 0 0 11 0 0 0 0 0 11 
11 0 11 0 0 0 0 0 0 0 11 0 0 0 11 0 11 11 
11 11 11 11 11 11 11 11 11 11 11 11 11 11 11 11 11 11 

9250
11 11 11 11 11 11 11 11 11 11 11 11 11 11 11 11 11 11 
11 0 0 0 0 0 0 0 0 0 0 0 0 0 11 0 11 11 
11 0 0 0 11 0 0 0 0 0 0 0 11 0 0 0 0 11 
11 0 0 0 11 0 11 0 0 15 0 0 0 11 0 0 0 11 
11 0 0 0 0 0 11 0 11 0 15 0 0 0 0 0 0 11 
11 0 0 11 11 0 11 0 0 11 0 0 0 11 11 0 0 11 
11 0 11 11 0 0 15 0 0 15 0 0 11 0 0 0 11 11 
11 0 11 0 0 11 11 0 15 0 0 0 0 0 0 0 11 11 
11 0 0 0 0 11 0 0 0 0 0 0 0 11 0 0 0 11 
11 0 0 11 0 0 0 0 0 0 0 0 0 0 0 0 0 11 
11 0 0 0 0 11 0 0 0 0 0 11 0 0 0 0 0 11 
11 0 11 0 0 0 0 0 0 0 11 0 0 0 11 0 11 11 
11 11 11 11 11 11 11 11 11 11 11 11 11 11 11 11 11 11 

9228
11 11 11 11 11 11 11 11 11 11 11 11 11 11 11 11 11 11 
11 0 0 0 0 0 0 0 0 0 0 0 0 0 11 0 11 11 
11 0 0 0 11 0 0 0 0 0 0 0 11 0 0 0 0 11 
11 0 0 0 11 0 11 0 0 0 0 0 0 11 0 0 0 11 
11 0 0 0 0 0 11 14 11 0 15 0 0 0 0 0 0 11 
11 0 0 11 11 0 11 0 0 11 0 0 0 11 11 0 0 11 
11 0 11 11 0 0 0 0 15 15 0 0 11 0 0 0 11 11 
11 0 11 0 0 11 11 0 0 15 0 0 0 0 0 0 11 11 
11 0 0 0 0 11 0 0 0 0 0 0 0 11 0 0 0 11 
11 0 0 11 0 0 0 0 0 0 0 0 0 0 0 0 0 11 
11 0 0 0 0 11 0 0 0 0 0 11 0 0 0 0 0 11 
11 0 11 0 0 0 0 0 0 0 11 0 0 0 11 0 11 11 
11 11 11 11 11 11 11 11 11 11 11 11 11 11 11 11 11 11 

9234
11 11 11 11 11 11 11 11 11 11 11 11 11 11 11 11 11 11 
11 0 0 0 0 0 0 0 0 0 11 0 0 0 0 0 11 11 
11 0 0 0 11 0 0 0 0 0 15 0 11 0 0 0 0 11 
11 0 0 0 11 0 0 0 0 0 0 0 0 11 0 0 0 11 
11 0 0 0 0 0 11 0 11 0 0 0 0 0 0 0 0 11 
11 15 11 11 11 0 11 0 0 11 15 0 0 11 11 0 0 11 
11 0 11 11 0 0 0 0 0 0 15 0 11 0 0 0 11 11 
11 0 0 0 0 11 11 0 0 0 15 0 0 0 0 0 11 11 
11 0 0 0 0 11 0 0 0 0 0 0 0 11 0 0 0 11 
11 0 0 11 0 0 0 0 0 0 0 0 0 0 0 0 0 11 
11 0 0 0 0 11 0 0 0 0 0 11 0 0 0 0 0 11 
11 0 11 0 0 0 11 0 0 0 11 0 0 0 11 0 11 11 
11 11 11 11 11 11 11 11 11 11 11 11 11 11 11 11 11 11 

9230
11 11 11 11 11 11 11 11 11 11 11 11 11 11 11 11 11 11 
11 0 0 0 0 15 0 0 0 0 11 0 0 0 0 0 11 11 
11 0 0 0 11 0 0 13 0 0 0 0 11 0 0 0 0 11 
11 11 0 0 11 0 11 0 0 0 15 0 0 11 0 0 0 11 
11 0 0 0 0 11 11 0 11 0 0 0 0 0 0 0 0 11 
11 0 11 11 11 0 11 0 0 11 0 0 0 11 11 0 0 11 
11 0 11 11 0 0 0 0 0 15 0 0 11 0 0 0 11 11 
11 0 0 0 0 11 11 0 0 0 15 0 0 0 0 0 11 11 
11 0 0 0 0 11 0 0 0 0 0 0 0 11 0 0 0 11 
11 0 0 11 0 0 0 0 0 0 0 0 0 0 0 0 0 11 
11 0 0 0 0 11 0 0 0 0 0 11 0 0 0 0 0 11 
11 0 11 0 0 0 11 0 0 0 11 0 0 0 11 0 11 11 
11 11 11 11 11 11 11 11 11 11 11 11 11 11 11 11 11 11 

9230
11 11 11 11 11 11 11 11 11 11 11 11 11 11 11 11 11 11 
11 0 0 0 0 15 0 0 0 0 11 0 0 0 0 0 11 11 
11 0 0 0 11 0 0 13 0 0 0 0 11 0 0 0 0 11 
11 11 0 0 11 0 11 0 0 0 15 0 0 11 0 0 0 11 
11 0 0 0 0 11 11 0 11 0 0 0 0 0 0 0 0 11 
11 0 11 11 11 0 11 0 0 11 0 0 0 11 11 0 0 11 
11 0 11 11 0 0 0 0 0 15 0 0 11 0 0 0 11 11 
11 0 0 0 0 11 11 0 0 0 15 0 0 0 0 0 11 11 
11 0 0 0 0 11 0 0 0 0 0 0 0 11 0 0 0 11 
11 0 0 11 0 0 0 0 0 0 0 0 0 0 0 0 0 11 
11 0 0 0 0 11 0 0 0 0 0 11 0 0 0 0 0 11 
11 0 11 0 0 0 11 0 0 0 11 0 0 0 11 0 11 11 
11 11 11 11 11 11 11 11 11 11 11 11 11 11 11 11 11 11 

9230
11 11 11 11 11 11 11 11 11 11 11 11 11 11 11 11 11 11 
11 0 0 0 0 15 0 0 0 0 11 0 0 0 0 0 11 11 
11 0 0 0 11 0 0 13 0 0 0 0 11 0 0 0 0 11 
11 11 0 0 11 0 11 0 0 0 15 0 0 11 0 0 0 11 
11 0 0 0 0 11 11 0 11 0 0 0 0 0 0 0 0 11 
11 0 11 11 11 0 11 0 0 11 0 0 0 11 11 0 0 11 
11 0 11 11 0 0 0 0 0 15 0 0 11 0 0 0 11 11 
11 0 0 0 0 11 11 0 0 0 15 0 0 0 0 0 11 11 
11 0 0 0 0 11 0 0 0 0 0 0 0 11 0 0 0 11 
11 0 0 11 0 0 0 0 0 0 0 0 0 0 0 0 0 11 
11 0 0 0 0 11 0 0 0 0 0 11 0 0 0 0 0 11 
11 0 11 0 0 0 11 0 0 0 11 0 0 0 11 0 11 11 
11 11 11 11 11 11 11 11 11 11 11 11 11 11 11 11 11 11 

9224
11 11 11 11 11 11 11 11 11 11 11 11 11 11 11 11 11 11 
11 0 12 0 0 0 13 0 0 0 11 0 0 0 0 0 11 11 
11 0 0 0 11 0 0 0 0 0 0 0 11 0 0 0 0 11 
11 0 0 0 11 0 0 0 0 0 0 0 0 11 0 0 0 11 
11 0 0 0 0 0 11 0 11 0 15 0 0 0 0 0 0 11 
11 0 11 11 11 0 11 0 15 11 0 0 0 11 11 0 0 11 
11 0 11 11 0 0 0 0 0 15 0 0 11 0 0 0 11 11 
11 0 0 0 0 11 11 0 0 0 0 0 0 0 0 0 11 11 
11 0 0 0 0 11 0 0 0 15 0 0 0 11 0 0 0 11 
11 0 0 11 0 0 0 0 0 0 0 0 0 0 0 0 0 11 
11 0 0 0 0 11 0 0 0 0 0 11 0 0 0 0 0 11 
11 0 11 0 0 0 11 0 0 0 11 0 0 0 11 0 11 11 
11 11 11 11 11 11 11 11 11 11 11 11 11 11 11 11 11 11 

9250
11 11 11 11 11 11 11 11 11 11 11 11 11 11 11 11 11 11 
11 0 0 0 0 0 15 0 0 0 11 0 0 0 11 0 11 11 
11 0 0 0 11 0 0 0 0 0 0 0 11 0 0 0 0 11 
11 0 0 0 11 0 0 0 0 0 0 0 0 11 0 0 0 11 
11 0 0 0 0 0 11 0 11 0 15 0 0 0 0 0 0 11 
11 0 11 11 11 0 11 0 0 11 0 0 0 11 11 0 0 11 
11 0 11 11 0 0 0 0 15 15 0 0 11 0 0 0 11 11 
11 0 0 0 0 11 11 0 15 0 0 0 0 0 0 0 11 11 
11 0 0 0 0 11 0 0 0 0 0 0 0 11 0 0 0 11 
11 0 0 11 0 0 0 0 0 0 0 0 0 0 0 0 0 11 
11 0 0 0 0 11 0 0 0 0 0 11 0 0 0 0 0 11 
11 0 11 0 0 0 0 0 0 0 11 0 0 0 11 0 11 11 
11 11 11 11 11 11 11 11 11 11 11 11 11 11 11 11 11 11 

9250
11 11 11 11 11 11 11 11 11 11 11 11 11 11 11 11 11 11 
11 0 0 0 0 0 15 0 0 0 11 0 0 0 11 0 11 11 
11 0 0 0 11 0 0 0 0 0 0 0 11 0 0 0 0 11 
11 0 0 0 11 0 0 0 0 0 0 0 0 11 0 0 0 11 
11 0 0 0 0 0 11 0 11 0 15 0 0 0 0 0 0 11 
11 0 11 11 11 0 11 0 0 11 0 0 0 11 11 0 0 11 
11 0 11 11 0 0 0 0 15 15 0 0 11 0 0 0 11 11 
11 0 0 0 0 11 11 0 15 0 0 0 0 0 0 0 11 11 
11 0 0 0 0 11 0 0 0 0 0 0 0 11 0 0 0 11 
11 0 0 11 0 0 0 0 0 0 0 0 0 0 0 0 0 11 
11 0 0 0 0 11 0 0 0 0 0 11 0 0 0 0 0 11 
11 0 11 0 0 0 0 0 0 0 11 0 0 0 11 0 11 11 
11 11 11 11 11 11 11 11 11 11 11 11 11 11 11 11 11 11 

9250
11 11 11 11 11 11 11 11 11 11 11 11 11 11 11 11 11 11 
11 0 0 0 0 0 15 0 0 0 11 0 0 0 11 0 11 11 
11 0 0 0 11 0 0 0 0 0 0 0 11 0 0 0 0 11 
11 0 0 0 11 0 0 0 0 0 0 0 0 11 0 0 0 11 
11 0 0 0 0 0 11 0 11 0 15 0 0 0 0 0 0 11 
11 0 11 11 11 0 11 0 0 11 0 0 0 11 11 0 0 11 
11 0 11 11 0 0 0 0 15 15 0 0 11 0 0 0 11 11 
11 0 0 0 0 11 11 0 15 0 0 0 0 0 0 0 11 11 
11 0 0 0 0 11 0 0 0 0 0 0 0 11 0 0 0 11 
11 0 0 11 0 0 0 0 0 0 0 0 0 0 0 0 0 11 
11 0 0 0 0 11 0 0 0 0 0 11 0 0 0 0 0 11 
11 0 11 0 0 0 0 0 0 0 11 0 0 0 11 0 11 11 
11 11 11 11 11 11 11 11 11 11 11 11 11 11 11 11 11 11 

9236
11 11 11 11 11 11 11 11 11 11 11 11 11 11 11 11 11 11 
11 0 0 0 0 15 0 0 0 0 11 0 0 0 11 0 11 11 
11 0 0 0 11 0 0 0 0 0 0 0 11 0 0 0 0 11 
11 0 0 0 11 11 11 0 13 0 0 0 0 11 0 0 0 11 
11 11 0 0 0 0 11 0 11 0 15 0 0 0 0 0 0 11 
11 0 11 11 11 0 11 0 0 11 15 0 0 11 11 0 0 11 
11 0 11 11 0 0 0 0 0 15 0 0 11 0 0 0 11 11 
11 0 0 0 0 11 11 0 0 0 0 0 0 0 0 0 11 11 
11 0 0 0 0 11 0 0 0 0 0 0 0 11 0 0 0 11 
11 0 0 11 0 0 0 0 0 0 0 0 0 0 0 0 0 11 
11 0 0 0 0 11 0 0 0 0 0 11 0 0 0 0 0 11 
11 0 11 0 0 0 0 0 0 0 11 0 0 0 11 0 11 11 
11 11 11 11 11 11 11 11 11 11 11 11 11 11 11 11 11 11 

9229
11 11 11 11 11 11 11 11 11 11 11 11 11 11 11 11 11 11 
11 0 0 0 0 0 0 0 0 0 11 0 0 0 11 0 11 11 
11 0 0 0 11 0 14 15 0 0 0 0 11 0 0 0 0 11 
11 0 0 0 11 0 0 0 11 0 15 0 0 11 0 0 0 11 
11 0 0 0 0 0 11 0 11 0 15 0 0 0 0 0 0 11 
11 0 11 11 11 0 11 0 0 11 15 0 0 11 11 0 0 11 
11 0 11 11 0 0 0 0 0 0 0 0 11 0 0 0 11 11 
11 0 0 0 0 11 11 0 0 0 0 0 0 0 0 0 11 11 
11 0 0 0 0 11 0 0 0 0 0 0 0 11 0 0 0 11 
11 0 0 11 0 0 0 0 0 0 0 0 0 0 0 0 0 11 
11 0 0 0 0 11 0 0 0 0 0 11 0 0 0 0 0 11 
11 0 11 0 0 0 0 0 0 0 11 0 0 0 11 0 11 11 
11 11 11 11 11 11 11 11 11 11 11 11 11 11 11 11 11 11 

