9755
11 11 11 11 11 11 11 11 11 11 11 11 11 11 11 11 11 11 11 11 
11 11 11 0 0 0 0 11 11 0 0 0 11 0 0 0 0 0 0 11 
11 0 0 0 0 11 0 0 0 0 0 0 0 0 0 11 0 0 0 11 
11 11 0 0 0 0 11 0 0 0 0 0 0 11 0 0 0 0 0 11 
11 0 0 0 0 11 0 0 0 0 0 0 0 15 15 0 0 0 0 11 
11 11 0 0 11 0 0 0 0 0 0 0 11 11 0 0 0 11 0 11 
11 0 0 0 0 0 11 0 0 11 0 0 15 0 0 0 0 11 0 11 
11 0 11 0 0 0 0 0 0 11 0 0 15 0 0 0 0 0 0 11 
11 0 11 0 11 0 0 0 0 15 11 0 0 11 0 0 11 11 0 11 
11 0 0 0 0 0 11 0 0 0 0 11 0 0 0 0 0 0 0 11 
11 11 0 11 0 0 0 0 11 11 11 0 11 0 0 0 0 0 0 11 
11 0 0 0 0 0 11 0 0 11 0 0 0 0 0 0 0 0 0 11 
11 11 11 11 11 11 11 11 11 11 11 11 11 11 11 11 11 11 11 11 

9741
11 11 11 11 11 11 11 11 11 11 11 11 11 11 11 11 11 11 11 11 
11 11 11 0 0 0 0 11 11 0 0 0 11 0 0 0 0 0 0 11 
11 0 0 0 0 11 0 0 0 0 0 0 0 0 0 11 0 0 0 11 
11 11 0 0 0 0 11 0 0 0 0 15 15 11 0 0 0 0 0 11 
11 0 0 0 0 11 0 0 0 0 15 0 0 0 0 0 0 0 0 11 
11 11 0 0 11 0 0 0 0 0 0 0 11 11 0 0 0 11 0 11 
11 0 0 0 0 0 11 0 0 11 0 0 0 0 0 0 0 11 0 11 
11 0 11 0 0 0 0 0 0 11 0 0 15 0 0 0 0 0 0 11 
11 0 11 0 11 0 0 0 0 0 11 0 0 11 0 0 11 11 0 11 
11 0 0 0 0 0 11 0 0 0 0 11 0 11 0 0 0 0 0 11 
11 11 0 11 0 0 0 0 11 11 11 0 11 0 0 0 0 0 0 11 
11 0 0 0 0 0 11 0 0 11 0 0 0 0 0 0 0 0 0 11 
11 11 11 11 11 11 11 11 11 11 11 11 11 11 11 11 11 11 11 11 

9713
11 11 11 11 11 11 11 11 11 11 11 11 11 11 11 11 11 11 11 11 
11 11 11 0 0 0 0 11 11 0 0 0 11 0 0 0 0 0 0 11 
11 0 0 0 0 11 0 0 0 0 0 0 0 0 0 11 0 0 0 11 
11 11 0 0 0 0 11 0 0 0 0 0 0 11 0 0 0 0 0 11 
11 0 0 0 0 11 0 0 0 0 15 14 0 0 0 0 0 0 0 11 
11 11 0 0 11 0 0 0 0 0 13 0 11 11 0 0 15 11 0 11 
11 0 0 0 0 0 11 0 0 11 0 0 0 0 0 0 0 11 0 11 
11 0 11 0 0 0 0 0 0 11 15 0 0 0 0 0 0 0 0 11 
11 0 11 0 11 0 0 0 0 0 11 0 15 11 0 0 11 11 0 11 
11 0 0 0 0 0 11 0 11 0 0 11 0 0 0 0 0 0 0 11 
11 11 0 11 0 0 0 0 11 11 11 0 11 0 0 0 0 0 0 11 
11 0 0 0 0 0 11 0 0 11 0 0 0 0 0 0 0 0 0 11 
11 11 11 11 11 11 11 11 11 11 11 11 11 11 11 11 11 11 11 11 

9682
11 11 11 11 11 11 11 11 11 11 11 11 11 11 11 11 11 11 11 11 
11 11 11 0 0 0 0 11 11 0 0 0 11 0 0 0 0 0 0 11 
11 0 0 0 0 11 0 0 0 0 0 0 0 0 0 11 0 0 0 11 
11 11 0 0 0 0 11 0 0 0 0 0 0 11 0 0 0 0 0 11 
11 0 0 0 0 11 0 0 0 0 0 0 0 14 0 0 0 0 0 11 
11 11 0 0 11 0 0 0 0 0 0 13 11 11 0 0 0 11 0 11 
11 0 0 0 0 0 11 0 0 11 0 0 15 0 0 0 0 11 0 11 
11 0 11 0 0 0 0 0 0 11 0 15 0 0 0 14 12 0 0 11 
11 0 11 0 11 0 0 0 0 0 11 15 11 11 0 0 11 11 0 11 
11 0 0 0 0 0 11 0 0 0 0 11 0 0 0 0 0 0 0 11 
11 11 0 11 0 0 0 0 11 11 11 0 11 0 0 0 0 0 0 11 
11 0 0 0 0 0 11 0 0 11 0 0 0 0 0 0 0 0 0 11 
11 11 11 11 11 11 11 11 11 11 11 11 11 11 11 11 11 11 11 11 

9682
11 11 11 11 11 11 11 11 11 11 11 11 11 11 11 11 11 11 11 11 
11 11 11 0 0 0 0 11 11 0 0 0 11 0 0 0 0 0 0 11 
11 0 0 0 0 11 0 0 0 0 0 0 0 0 0 11 0 0 0 11 
11 11 0 0 0 0 11 0 0 0 0 0 0 11 0 0 0 0 0 11 
11 0 0 0 0 11 0 0 0 0 0 0 0 14 0 0 0 0 0 11 
11 11 0 0 11 0 0 0 0 0 0 13 11 11 0 0 0 11 0 11 
11 0 0 0 0 0 11 0 0 11 0 0 15 0 0 0 0 11 0 11 
11 0 11 0 0 0 0 0 0 11 0 15 0 0 0 14 12 0 0 11 
11 0 11 0 11 0 0 0 0 0 11 15 11 11 0 0 11 11 0 11 
11 0 0 0 0 0 11 0 0 0 0 11 0 0 0 0 0 0 0 11 
11 11 0 11 0 0 0 0 11 11 11 0 11 0 0 0 0 0 0 11 
11 0 0 0 0 0 11 0 0 11 0 0 0 0 0 0 0 0 0 11 
11 11 11 11 11 11 11 11 11 11 11 11 11 11 11 11 11 11 11 11 

9755
11 11 11 11 11 11 11 11 11 11 11 11 11 11 11 11 11 11 11 11 
11 11 11 0 0 0 0 11 11 0 0 0 11 0 0 0 0 0 0 11 
11 0 0 0 0 11 0 0 0 0 0 0 0 0 0 11 0 0 0 11 
11 11 0 0 0 0 11 0 0 0 0 0 0 11 0 0 0 0 0 11 
11 0 0 0 0 11 0 0 0 0 0 0 0 0 0 0 0 0 0 11 
11 11 0 0 11 0 0 0 0 0 0 0 11 11 0 0 0 11 0 11 
11 0 0 0 0 0 11 0 0 11 0 15 0 0 0 15 0 11 0 11 
11 0 11 0 0 0 0 0 0 11 0 15 15 0 0 0 0 0 0 11 
11 0 11 0 0 0 0 0 0 0 11 15 0 11 0 0 11 11 0 11 
11 0 0 0 0 0 11 0 0 0 0 11 0 0 0 0 0 0 0 11 
11 11 0 11 0 0 0 0 11 11 11 0 11 0 0 0 0 0 0 11 
11 0 0 0 0 0 11 0 0 0 0 0 11 0 0 0 0 0 11 11 
11 11 11 11 11 11 11 11 11 11 11 11 11 11 11 11 11 11 11 11 

9755
11 11 11 11 11 11 11 11 11 11 11 11 11 11 11 11 11 11 11 11 
11 11 11 0 0 0 0 11 11 0 0 0 11 0 0 0 0 0 0 11 
11 0 0 0 0 11 0 0 0 0 0 0 0 0 0 11 0 0 0 11 
11 11 0 0 0 0 11 0 0 0 0 0 15 11 0 0 0 0 0 11 
11 0 0 0 0 11 0 0 0 0 0 0 0 0 0 0 15 0 0 11 
11 11 0 0 11 0 0 0 0 0 0 0 11 11 0 0 0 11 0 11 
11 0 0 0 0 0 11 0 0 11 0 15 0 0 0 0 0 11 0 11 
11 0 11 0 0 0 0 0 0 11 0 0 0 15 0 0 0 0 0 11 
11 0 11 0 0 0 0 0 0 15 11 0 0 11 0 0 11 11 0 11 
11 0 0 0 0 0 11 0 0 0 0 11 0 0 0 0 0 0 0 11 
11 11 0 11 0 0 0 0 11 11 11 0 11 0 0 0 0 0 0 11 
11 0 0 0 0 0 11 0 0 0 0 0 11 0 0 0 0 0 11 11 
11 11 11 11 11 11 11 11 11 11 11 11 11 11 11 11 11 11 11 11 

9742
11 11 11 11 11 11 11 11 11 11 11 11 11 11 11 11 11 11 11 11 
11 11 11 0 0 0 0 11 11 0 0 0 11 0 0 0 0 0 0 11 
11 0 0 0 0 11 0 0 0 0 0 0 15 0 0 11 0 0 0 11 
11 11 0 0 0 0 11 0 0 0 0 0 15 11 0 0 0 0 0 11 
11 0 0 0 0 11 0 0 0 0 0 0 0 15 0 0 0 15 0 11 
11 11 0 0 11 0 0 0 15 0 0 0 11 11 0 0 0 11 0 11 
11 0 0 0 0 0 11 0 0 11 0 0 0 0 0 0 0 11 0 11 
11 0 11 0 0 0 0 0 0 11 0 0 0 0 0 0 0 0 0 11 
11 0 11 0 0 0 0 0 0 0 11 0 0 11 0 0 11 11 0 11 
11 0 0 0 0 0 11 0 0 0 0 11 0 0 0 0 0 0 0 11 
11 11 0 11 0 0 0 0 11 11 11 0 11 0 0 0 0 0 0 11 
11 0 0 0 0 0 11 0 0 0 0 0 11 0 0 0 0 0 11 11 
11 11 11 11 11 11 11 11 11 11 11 11 11 11 11 11 11 11 11 11 

9742
11 11 11 11 11 11 11 11 11 11 11 11 11 11 11 11 11 11 11 11 
11 11 11 0 0 0 0 11 11 0 0 0 11 0 0 0 0 0 0 11 
11 0 0 0 0 11 0 0 0 0 0 0 15 0 0 11 0 0 0 11 
11 11 0 0 0 0 11 0 0 0 0 0 15 11 0 0 0 0 0 11 
11 0 0 0 0 11 0 0 0 0 0 0 0 15 0 0 0 15 0 11 
11 11 0 0 11 0 0 0 15 0 0 0 11 11 0 0 0 11 0 11 
11 0 0 0 0 0 11 0 0 11 0 0 0 0 0 0 0 11 0 11 
11 0 11 0 0 0 0 0 0 11 0 0 0 0 0 0 0 0 0 11 
11 0 11 0 0 0 0 0 0 0 11 0 0 11 0 0 11 11 0 11 
11 0 0 0 0 0 11 0 0 0 0 11 0 0 0 0 0 0 0 11 
11 11 0 11 0 0 0 0 11 11 11 0 11 0 0 0 0 0 0 11 
11 0 0 0 0 0 11 0 0 0 0 0 11 0 0 0 0 0 11 11 
11 11 11 11 11 11 11 11 11 11 11 11 11 11 11 11 11 11 11 11 

9742
11 11 11 11 11 11 11 11 11 11 11 11 11 11 11 11 11 11 11 11 
11 11 11 0 0 0 0 11 11 0 0 0 11 0 0 0 0 0 0 11 
11 0 0 0 0 11 0 0 0 0 0 0 15 0 0 11 0 0 0 11 
11 11 0 0 0 0 11 0 0 0 0 0 15 11 0 0 0 0 0 11 
11 0 0 0 0 11 0 0 0 0 0 0 0 15 0 0 0 15 0 11 
11 11 0 0 11 0 0 0 15 0 0 0 11 11 0 0 0 11 0 11 
11 0 0 0 0 0 11 0 0 11 0 0 0 0 0 0 0 11 0 11 
11 0 11 0 0 0 0 0 0 11 0 0 0 0 0 0 0 0 0 11 
11 0 11 0 0 0 0 0 0 0 11 0 0 11 0 0 11 11 0 11 
11 0 0 0 0 0 11 0 0 0 0 11 0 0 0 0 0 0 0 11 
11 11 0 11 0 0 0 0 11 11 11 0 11 0 0 0 0 0 0 11 
11 0 0 0 0 0 11 0 0 0 0 0 11 0 0 0 0 0 11 11 
11 11 11 11 11 11 11 11 11 11 11 11 11 11 11 11 11 11 11 11 

9755
11 11 11 11 11 11 11 11 11 11 11 11 11 11 11 11 11 11 11 11 
11 11 11 0 0 0 0 0 11 0 0 0 11 0 0 0 0 0 0 11 
11 0 0 0 0 11 0 0 0 0 0 0 15 0 0 11 0 0 0 11 
11 11 0 0 0 0 11 0 0 0 0 15 0 11 0 0 0 0 0 11 
11 0 0 0 0 11 0 0 0 11 15 0 0 0 0 0 0 0 0 11 
11 11 0 0 11 0 0 0 0 0 0 0 11 11 0 0 0 11 0 11 
11 0 0 0 0 0 11 0 0 11 0 0 0 0 0 0 0 11 0 11 
11 0 11 0 0 0 0 0 0 11 11 0 0 0 0 15 0 0 0 11 
11 0 11 0 0 0 0 0 0 0 11 15 0 11 0 0 0 11 0 11 
11 0 0 0 0 0 11 0 0 0 0 11 0 0 0 0 0 0 0 11 
11 11 0 11 11 0 0 0 11 11 11 0 11 0 0 0 0 0 0 11 
11 0 0 0 0 0 11 0 0 0 0 0 11 0 0 0 0 0 11 11 
11 11 11 11 11 11 11 11 11 11 11 11 11 11 11 11 11 11 11 11 

9755
11 11 11 11 11 11 11 11 11 11 11 11 11 11 11 11 11 11 11 11 
11 11 11 0 0 0 0 0 11 0 0 0 11 0 0 0 0 0 0 11 
11 0 0 0 0 11 0 0 0 0 0 0 0 0 0 11 0 0 0 11 
11 11 0 0 0 0 11 0 0 0 0 0 0 11 0 0 0 0 0 11 
11 0 0 0 0 11 0 0 0 11 0 0 0 15 0 0 0 0 0 11 
11 11 0 0 11 0 0 0 0 0 15 0 11 11 0 0 0 11 0 11 
11 0 0 0 0 0 11 0 0 11 0 0 0 0 0 0 15 11 0 11 
11 0 11 0 0 0 0 0 0 11 0 0 0 15 0 0 0 0 0 11 
11 0 11 0 0 0 0 0 0 15 11 0 0 11 0 0 0 11 0 11 
11 0 0 0 0 0 11 0 0 0 0 11 0 0 0 0 0 0 0 11 
11 11 0 11 11 0 0 0 11 11 11 0 11 0 0 0 0 0 0 11 
11 0 0 0 0 0 11 0 0 0 0 0 11 0 0 0 0 0 11 11 
11 11 11 11 11 11 11 11 11 11 11 11 11 11 11 11 11 11 11 11 

9755
11 11 11 11 11 11 11 11 11 11 11 11 11 11 11 11 11 11 11 11 
11 11 11 0 0 0 0 0 11 0 0 0 11 0 0 0 0 0 0 11 
11 0 0 0 0 11 0 0 0 0 0 0 0 0 0 11 0 0 0 11 
11 11 0 0 0 0 11 0 0 0 0 0 0 11 0 0 0 0 0 11 
11 0 0 0 0 11 0 0 0 11 0 0 0 15 0 0 0 0 0 11 
11 11 0 0 11 0 0 0 0 0 15 0 11 11 0 0 0 11 0 11 
11 0 0 0 0 0 11 0 0 11 0 0 0 0 0 0 15 11 0 11 
11 0 11 0 0 0 0 0 0 11 0 0 0 15 0 0 0 0 0 11 
11 0 11 0 0 0 0 0 0 15 11 0 0 11 0 0 0 11 0 11 
11 0 0 0 0 0 11 0 0 0 0 11 0 0 0 0 0 0 0 11 
11 11 0 11 11 0 0 0 11 11 11 0 11 0 0 0 0 0 0 11 
11 0 0 0 0 0 11 0 0 0 0 0 11 0 0 0 0 0 11 11 
11 11 11 11 11 11 11 11 11 11 11 11 11 11 11 11 11 11 11 11 

9755
11 11 11 11 11 11 11 11 11 11 11 11 11 11 11 11 11 11 11 11 
11 11 11 0 0 0 0 0 11 0 0 0 11 0 0 0 0 0 0 11 
11 0 0 0 0 11 0 0 0 0 0 0 0 0 0 11 0 0 0 11 
11 11 0 0 0 0 11 0 0 0 0 0 0 11 0 0 0 0 0 11 
11 0 0 0 0 11 0 0 0 11 0 0 0 15 0 0 0 0 0 11 
11 11 0 0 11 0 0 0 0 0 15 0 11 11 0 0 0 11 0 11 
11 0 0 0 0 0 11 0 0 11 0 0 0 0 0 0 15 11 0 11 
11 0 11 0 0 0 0 0 0 11 0 0 0 15 0 0 0 0 0 11 
11 0 11 0 0 0 0 0 0 15 11 0 0 11 0 0 0 11 0 11 
11 0 0 0 0 0 11 0 0 0 0 11 0 0 0 0 0 0 0 11 
11 11 0 11 11 0 0 0 11 11 11 0 11 0 0 0 0 0 0 11 
11 0 0 0 0 0 11 0 0 0 0 0 11 0 0 0 0 0 11 11 
11 11 11 11 11 11 11 11 11 11 11 11 11 11 11 11 11 11 11 11 

9730
11 11 11 11 11 11 11 11 11 11 11 11 11 11 11 11 11 11 11 11 
11 11 11 0 0 0 0 0 11 0 0 0 11 0 0 0 0 0 0 11 
11 0 0 0 0 11 0 0 0 0 0 0 0 0 0 11 0 0 0 11 
11 11 0 0 0 0 11 0 0 0 0 0 0 11 0 0 0 0 0 11 
11 0 0 0 0 11 0 0 0 11 15 0 0 12 0 0 0 0 0 11 
11 11 0 0 11 0 0 0 0 0 0 15 11 11 0 11 0 11 0 11 
11 0 0 0 0 0 11 0 0 11 0 0 0 15 0 0 0 11 0 11 
11 0 11 0 0 0 0 0 0 11 0 0 0 0 0 0 0 0 0 11 
11 0 11 0 0 0 0 0 0 12 11 0 0 11 0 0 0 11 0 11 
11 0 0 0 0 0 11 0 0 0 0 11 0 0 0 0 0 0 0 11 
11 11 0 11 11 0 0 0 11 11 11 0 11 0 0 0 0 0 0 11 
11 0 0 0 0 0 11 0 0 0 15 0 11 0 0 0 0 0 11 11 
11 11 11 11 11 11 11 11 11 11 11 11 11 11 11 11 11 11 11 11 

9755
11 11 11 11 11 11 11 11 11 11 11 11 11 11 11 11 11 11 11 11 
11 11 11 0 0 0 0 11 11 0 0 0 11 0 0 0 0 0 0 11 
11 0 0 0 0 11 0 0 0 0 0 0 0 0 0 11 0 0 0 11 
11 11 0 0 0 0 11 0 0 0 0 0 0 11 0 0 0 0 0 11 
11 0 0 0 0 11 0 0 0 11 15 15 0 0 15 0 0 0 0 11 
11 11 0 0 11 0 0 0 0 0 0 0 11 11 0 0 0 11 0 11 
11 0 0 0 0 0 11 0 0 11 0 0 0 0 0 0 0 11 0 11 
11 0 11 0 0 0 0 0 0 11 0 15 0 0 0 0 0 0 0 11 
11 0 11 0 0 0 0 0 0 0 11 15 0 11 0 0 0 11 0 11 
11 0 0 0 0 0 11 0 0 0 0 11 0 0 0 0 0 0 0 11 
11 11 0 11 0 0 0 0 11 11 11 0 11 0 0 0 0 0 0 11 
11 0 0 0 0 0 11 0 0 0 0 0 11 0 0 0 0 0 11 11 
11 11 11 11 11 11 11 11 11 11 11 11 11 11 11 11 11 11 11 11 

9755
11 11 11 11 11 11 11 11 11 11 11 11 11 11 11 11 11 11 11 11 
11 11 11 0 0 0 0 11 11 0 0 0 11 0 0 0 0 0 0 11 
11 0 0 0 0 11 0 0 0 0 0 0 0 0 0 11 0 0 0 11 
11 11 0 0 0 0 11 0 0 0 0 15 0 11 15 0 0 0 0 11 
11 0 0 0 0 11 0 0 0 11 0 0 0 15 0 0 0 0 0 11 
11 11 0 0 11 0 0 0 0 0 0 0 11 11 0 0 0 11 0 11 
11 0 0 0 0 0 11 0 0 11 0 0 15 0 0 0 0 11 0 11 
11 0 11 0 0 0 0 0 0 11 0 0 0 0 0 0 0 0 0 11 
11 0 11 0 0 0 0 0 0 0 11 15 0 11 0 0 0 11 0 11 
11 0 0 0 0 0 11 0 0 0 0 11 0 0 0 0 0 0 0 11 
11 11 0 11 0 0 0 0 11 11 11 0 11 0 0 0 0 0 0 11 
11 0 0 0 0 0 11 0 0 0 0 0 11 0 0 0 0 0 11 11 
11 11 11 11 11 11 11 11 11 11 11 11 11 11 11 11 11 11 11 11 

9755
11 11 11 11 11 11 11 11 11 11 11 11 11 11 11 11 11 11 11 11 
11 11 11 0 0 0 0 11 11 0 0 0 11 0 0 0 0 0 0 11 
11 0 0 0 0 11 0 0 0 0 0 0 0 0 0 11 0 0 0 11 
11 11 0 0 0 0 11 0 0 0 0 15 0 11 15 0 0 0 0 11 
11 0 0 0 0 11 0 0 0 11 0 0 0 15 0 0 0 0 0 11 
11 11 0 0 11 0 0 0 0 0 0 0 11 11 0 0 0 11 0 11 
11 0 0 0 0 0 11 0 0 11 0 0 15 0 0 0 0 11 0 11 
11 0 11 0 0 0 0 0 0 11 0 0 0 0 0 0 0 0 0 11 
11 0 11 0 0 0 0 0 0 0 11 15 0 11 0 0 0 11 0 11 
11 0 0 0 0 0 11 0 0 0 0 11 0 0 0 0 0 0 0 11 
11 11 0 11 0 0 0 0 11 11 11 0 11 0 0 0 0 0 0 11 
11 0 0 0 0 0 11 0 0 0 0 0 11 0 0 0 0 0 11 11 
11 11 11 11 11 11 11 11 11 11 11 11 11 11 11 11 11 11 11 11 

9755
11 11 11 11 11 11 11 11 11 11 11 11 11 11 11 11 11 11 11 11 
11 11 11 0 0 0 0 11 11 0 0 0 11 0 0 0 0 0 0 11 
11 0 0 0 0 11 0 0 0 0 0 0 0 0 0 11 0 0 0 11 
11 11 0 0 0 0 11 0 0 0 0 15 0 11 15 0 0 0 0 11 
11 0 0 0 0 11 0 0 0 11 0 0 0 15 0 0 0 0 0 11 
11 11 0 0 11 0 0 0 0 0 0 0 11 11 0 0 0 11 0 11 
11 0 0 0 0 0 11 0 0 11 0 0 15 0 0 0 0 11 0 11 
11 0 11 0 0 0 0 0 0 11 0 0 0 0 0 0 0 0 0 11 
11 0 11 0 0 0 0 0 0 0 11 15 0 11 0 0 0 11 0 11 
11 0 0 0 0 0 11 0 0 0 0 11 0 0 0 0 0 0 0 11 
11 11 0 11 0 0 0 0 11 11 11 0 11 0 0 0 0 0 0 11 
11 0 0 0 0 0 11 0 0 0 0 0 11 0 0 0 0 0 11 11 
11 11 11 11 11 11 11 11 11 11 11 11 11 11 11 11 11 11 11 11 

9745
11 11 11 11 11 11 11 11 11 11 11 11 11 11 11 11 11 11 11 11 
11 11 11 0 0 0 0 11 11 0 0 0 11 0 0 0 0 0 0 11 
11 0 0 0 0 11 0 0 0 0 0 0 0 0 0 11 0 0 0 11 
11 11 0 0 0 0 11 0 0 11 0 0 0 11 0 0 0 0 0 11 
11 0 0 0 0 11 0 0 0 11 15 0 0 0 0 0 0 0 0 11 
11 11 0 0 11 0 0 0 0 0 0 0 11 11 0 0 0 11 0 11 
11 0 0 0 0 0 11 0 0 11 0 15 0 11 0 0 0 11 0 11 
11 0 11 0 0 0 0 0 0 11 0 15 0 15 11 0 0 0 0 11 
11 0 11 0 0 0 0 0 0 0 11 0 0 11 0 0 0 11 0 11 
11 0 0 0 0 0 11 0 0 0 0 11 0 0 0 0 0 0 0 11 
11 11 0 11 0 0 0 0 11 11 11 0 11 0 0 0 0 0 0 11 
11 0 0 0 0 0 11 0 0 0 0 0 11 0 0 0 0 0 11 11 
11 11 11 11 11 11 11 11 11 11 11 11 11 11 11 11 11 11 11 11 

9755
11 11 11 11 11 11 11 11 11 11 11 11 11 11 11 11 11 11 11 11 
11 11 11 0 0 0 0 0 11 0 0 0 11 0 0 0 0 0 0 11 
11 0 0 0 0 11 0 0 0 0 0 0 0 0 0 11 0 0 0 11 
11 11 0 0 0 0 11 0 0 0 0 15 0 11 0 0 0 0 0 11 
11 0 0 0 0 11 0 0 0 11 0 0 0 0 0 0 0 0 0 11 
11 11 0 0 11 0 0 0 0 0 0 15 11 11 0 0 0 11 0 11 
11 0 0 0 0 0 11 0 0 11 0 0 15 0 0 0 15 11 0 11 
11 0 11 0 0 0 0 0 0 11 0 0 0 0 0 0 0 0 0 11 
11 0 11 0 0 0 0 0 0 15 11 0 0 11 0 0 0 11 0 11 
11 0 0 0 0 0 11 0 0 0 0 11 0 0 0 0 0 0 0 11 
11 11 0 11 11 0 0 0 11 11 11 0 11 0 0 0 0 0 0 11 
11 0 0 0 0 0 11 0 0 11 0 0 11 0 0 0 0 0 0 11 
11 11 11 11 11 11 11 11 11 11 11 11 11 11 11 11 11 11 11 11 

9755
11 11 11 11 11 11 11 11 11 11 11 11 11 11 11 11 11 11 11 11 
11 11 11 0 0 0 0 0 11 0 0 0 11 0 0 0 0 0 0 11 
11 0 0 0 0 11 0 0 0 0 0 0 0 0 0 11 0 0 0 11 
11 11 0 0 0 0 11 0 0 0 0 0 0 11 0 15 0 0 0 11 
11 0 0 0 0 11 0 0 0 11 0 15 0 0 0 0 0 0 0 11 
11 11 0 0 11 0 0 0 0 0 0 15 11 11 0 0 0 11 0 11 
11 0 0 0 0 0 11 0 0 11 0 0 0 0 0 0 0 11 0 11 
11 0 11 0 0 0 0 0 0 11 0 15 0 0 0 0 0 0 0 11 
11 0 11 0 0 0 0 0 0 15 11 0 0 11 0 0 0 11 0 11 
11 0 0 0 0 0 11 0 0 0 0 11 0 0 0 0 0 0 0 11 
11 11 0 11 11 0 0 0 11 11 11 0 11 0 0 0 0 0 0 11 
11 0 0 0 0 0 11 0 0 11 0 0 11 0 0 0 0 0 0 11 
11 11 11 11 11 11 11 11 11 11 11 11 11 11 11 11 11 11 11 11 

9741
11 11 11 11 11 11 11 11 11 11 11 11 11 11 11 11 11 11 11 11 
11 11 11 0 0 0 0 0 11 0 0 0 11 0 0 0 0 0 0 11 
11 0 0 0 0 11 0 0 0 0 0 0 0 0 0 11 0 0 0 11 
11 11 0 0 0 0 11 0 0 0 0 0 0 11 0 0 0 0 0 11 
11 0 0 0 0 11 0 0 0 11 0 0 0 15 0 0 0 0 0 11 
11 11 0 0 11 0 0 0 0 0 15 0 11 11 0 0 0 11 0 11 
11 0 0 0 0 0 11 0 0 11 0 0 0 15 0 0 0 11 0 11 
11 0 11 0 0 0 0 0 0 11 0 0 0 15 0 0 0 0 0 11 
11 0 11 0 0 0 0 0 0 0 11 0 0 11 0 0 0 11 0 11 
11 0 0 0 0 0 11 0 0 0 11 11 0 0 0 0 0 0 0 11 
11 11 0 11 11 0 0 0 11 11 11 0 11 0 0 0 0 0 0 11 
11 0 0 0 0 0 11 0 0 11 0 0 11 0 0 0 0 0 0 11 
11 11 11 11 11 11 11 11 11 11 11 11 11 11 11 11 11 11 11 11 

9707
11 11 11 11 11 11 11 11 11 11 11 11 11 11 11 11 11 11 11 11 
11 11 11 0 0 0 0 0 11 0 0 0 11 0 0 0 0 0 0 11 
11 0 0 0 0 11 0 0 0 0 0 0 11 0 0 11 0 0 0 11 
11 11 0 0 0 0 11 0 0 0 0 0 0 11 0 0 0 0 0 11 
11 0 0 0 0 11 0 0 0 11 0 0 0 15 0 0 15 0 0 11 
11 11 0 0 11 0 0 0 0 0 0 0 11 11 0 14 0 11 0 11 
11 0 0 0 0 0 11 0 0 11 0 0 13 0 0 0 0 11 0 11 
11 0 11 0 0 0 0 0 0 11 0 0 15 0 0 11 0 0 0 11 
11 0 11 0 0 0 0 0 0 15 11 0 0 11 0 0 0 11 0 11 
11 0 0 0 0 0 11 0 0 0 0 11 0 0 0 0 0 0 0 11 
11 11 0 11 11 0 0 0 11 11 11 0 11 0 0 0 0 0 0 11 
11 0 0 0 0 0 11 0 0 11 0 0 11 0 0 0 0 0 0 11 
11 11 11 11 11 11 11 11 11 11 11 11 11 11 11 11 11 11 11 11 

9707
11 11 11 11 11 11 11 11 11 11 11 11 11 11 11 11 11 11 11 11 
11 11 11 0 0 0 0 0 11 0 0 0 11 0 0 0 0 0 0 11 
11 0 0 0 0 11 0 0 0 0 0 0 11 0 0 11 0 0 0 11 
11 11 0 0 0 0 11 0 0 0 0 0 0 11 0 0 0 0 0 11 
11 0 0 0 0 11 0 0 0 11 0 0 0 15 0 0 15 0 0 11 
11 11 0 0 11 0 0 0 0 0 0 0 11 11 0 14 0 11 0 11 
11 0 0 0 0 0 11 0 0 11 0 0 13 0 0 0 0 11 0 11 
11 0 11 0 0 0 0 0 0 11 0 0 15 0 0 11 0 0 0 11 
11 0 11 0 0 0 0 0 0 15 11 0 0 11 0 0 0 11 0 11 
11 0 0 0 0 0 11 0 0 0 0 11 0 0 0 0 0 0 0 11 
11 11 0 11 11 0 0 0 11 11 11 0 11 0 0 0 0 0 0 11 
11 0 0 0 0 0 11 0 0 11 0 0 11 0 0 0 0 0 0 11 
11 11 11 11 11 11 11 11 11 11 11 11 11 11 11 11 11 11 11 11 

9753
11 11 11 11 11 11 11 11 11 11 11 11 11 11 11 11 11 11 11 11 
11 11 11 0 0 0 0 0 11 0 0 0 11 0 0 0 0 0 0 11 
11 0 0 0 0 11 0 0 0 0 0 0 0 0 0 11 0 0 0 11 
11 11 0 0 0 0 11 0 0 0 0 15 0 11 0 0 0 0 0 11 
11 0 0 0 0 11 0 0 0 11 0 0 0 0 0 0 15 0 0 11 
11 11 0 0 11 0 0 0 0 0 0 0 11 11 0 0 0 11 0 11 
11 0 0 0 0 0 11 0 0 11 0 11 15 0 0 0 0 11 0 11 
11 0 11 0 0 0 0 0 0 11 0 0 0 0 15 11 0 0 0 11 
11 0 11 0 0 0 0 0 0 15 11 0 0 11 0 0 11 11 0 11 
11 0 0 0 0 0 11 0 0 0 0 11 0 0 0 0 0 0 0 11 
11 11 0 11 11 0 0 0 11 11 11 0 11 0 0 0 0 0 0 11 
11 0 0 0 0 0 11 0 0 11 0 0 0 0 0 0 0 0 0 11 
11 11 11 11 11 11 11 11 11 11 11 11 11 11 11 11 11 11 11 11 

9753
11 11 11 11 11 11 11 11 11 11 11 11 11 11 11 11 11 11 11 11 
11 11 11 0 0 0 0 0 11 0 0 0 11 0 0 0 0 0 0 11 
11 0 0 0 0 11 0 0 0 0 0 0 0 0 0 11 0 0 0 11 
11 11 0 0 0 0 11 0 0 0 0 15 0 11 0 0 0 0 0 11 
11 0 0 0 0 11 0 0 0 11 0 0 0 0 0 0 15 0 0 11 
11 11 0 0 11 0 0 0 0 0 0 0 11 11 0 0 0 11 0 11 
11 0 0 0 0 0 11 0 0 11 0 11 15 0 0 0 0 11 0 11 
11 0 11 0 0 0 0 0 0 11 0 0 0 0 15 11 0 0 0 11 
11 0 11 0 0 0 0 0 0 15 11 0 0 11 0 0 11 11 0 11 
11 0 0 0 0 0 11 0 0 0 0 11 0 0 0 0 0 0 0 11 
11 11 0 11 11 0 0 0 11 11 11 0 11 0 0 0 0 0 0 11 
11 0 0 0 0 0 11 0 0 11 0 0 0 0 0 0 0 0 0 11 
11 11 11 11 11 11 11 11 11 11 11 11 11 11 11 11 11 11 11 11 

9753
11 11 11 11 11 11 11 11 11 11 11 11 11 11 11 11 11 11 11 11 
11 11 11 0 0 0 0 0 11 0 0 0 11 0 0 0 0 0 0 11 
11 0 0 0 0 11 0 0 0 0 0 0 0 0 0 11 0 0 0 11 
11 11 0 0 0 0 11 0 0 0 0 15 0 11 0 0 0 0 0 11 
11 0 0 0 0 11 0 0 0 11 0 0 0 0 0 0 15 0 0 11 
11 11 0 0 11 0 0 0 0 0 0 0 11 11 0 0 0 11 0 11 
11 0 0 0 0 0 11 0 0 11 0 11 15 0 0 0 0 11 0 11 
11 0 11 0 0 0 0 0 0 11 0 0 0 0 15 11 0 0 0 11 
11 0 11 0 0 0 0 0 0 15 11 0 0 11 0 0 11 11 0 11 
11 0 0 0 0 0 11 0 0 0 0 11 0 0 0 0 0 0 0 11 
11 11 0 11 11 0 0 0 11 11 11 0 11 0 0 0 0 0 0 11 
11 0 0 0 0 0 11 0 0 11 0 0 0 0 0 0 0 0 0 11 
11 11 11 11 11 11 11 11 11 11 11 11 11 11 11 11 11 11 11 11 

9741
11 11 11 11 11 11 11 11 11 11 11 11 11 11 11 11 11 11 11 11 
11 11 11 0 0 0 0 0 11 0 0 0 11 0 0 0 0 0 0 11 
11 0 0 0 0 11 0 0 0 0 0 0 0 11 0 11 0 0 0 11 
11 11 0 0 0 0 11 0 0 0 0 0 0 11 0 0 0 0 0 11 
11 0 0 0 0 11 0 0 0 11 0 0 0 0 0 11 0 0 0 11 
11 11 0 0 11 0 0 0 0 0 0 0 11 11 0 0 0 11 0 11 
11 0 0 0 0 0 11 0 0 11 0 15 15 0 11 0 0 11 0 11 
11 0 11 0 0 0 0 0 0 11 0 0 0 15 0 0 0 0 0 11 
11 0 11 0 0 0 0 0 0 15 11 0 0 11 0 0 11 11 0 11 
11 0 0 0 0 0 11 0 0 0 0 11 0 0 0 0 0 0 0 11 
11 11 0 11 11 0 0 0 11 11 11 0 11 0 0 0 0 0 0 11 
11 0 0 0 0 0 11 0 0 11 0 0 0 0 0 0 0 0 0 11 
11 11 11 11 11 11 11 11 11 11 11 11 11 11 11 11 11 11 11 11 

9683
11 11 11 11 11 11 11 11 11 11 11 11 11 11 11 11 11 11 11 11 
11 11 11 0 0 0 0 0 11 0 0 0 11 0 0 0 0 0 0 11 
11 0 0 0 0 11 0 0 0 0 0 0 0 0 11 11 0 0 0 11 
11 11 0 0 0 0 11 0 0 0 0 0 0 11 0 0 0 0 0 11 
11 0 0 0 0 11 0 0 0 11 0 13 0 15 0 0 0 0 0 11 
11 11 0 0 11 0 0 0 0 0 0 0 11 11 0 0 0 11 0 11 
11 0 0 0 0 0 11 0 0 11 0 0 14 15 0 0 0 11 0 11 
11 0 11 0 0 0 0 0 0 11 14 0 15 0 11 0 12 0 0 11 
11 0 11 0 0 0 0 0 0 0 11 0 0 11 0 0 11 11 0 11 
11 0 0 0 0 0 11 0 0 0 0 11 0 0 0 0 0 0 0 11 
11 11 0 11 11 0 0 0 11 11 11 0 11 0 0 0 0 0 0 11 
11 0 0 0 0 0 11 0 0 11 0 0 0 0 0 0 0 0 0 11 
11 11 11 11 11 11 11 11 11 11 11 11 11 11 11 11 11 11 11 11 

