10207
11 11 11 11 11 11 11 11 11 11 11 11 11 11 11 11 11 11 11 11 11 11 11 
11 0 0 11 0 0 11 11 0 0 0 11 0 0 0 0 0 11 0 0 0 0 11 
11 0 0 0 0 0 11 0 0 0 0 0 0 0 0 0 0 0 0 0 0 0 11 
11 0 0 0 0 0 11 0 0 11 0 11 0 0 11 0 11 0 0 0 0 0 11 
11 0 0 0 11 0 0 15 0 11 11 0 0 0 0 0 0 11 0 0 0 0 11 
11 0 0 0 15 0 0 0 0 11 0 11 0 0 0 0 0 0 0 11 11 0 11 
11 0 0 0 11 0 0 11 0 0 0 0 15 11 0 0 0 11 0 0 0 11 11 
11 0 0 0 0 0 0 0 0 0 11 11 0 11 0 0 0 0 0 11 0 0 11 
11 0 0 0 0 0 11 0 0 0 0 0 0 11 0 0 11 0 0 0 0 0 11 
11 11 11 0 0 11 0 0 0 11 0 15 0 0 0 0 0 0 0 0 11 11 11 
11 11 0 0 0 0 0 0 0 0 0 0 11 0 0 15 0 0 0 0 0 11 11 
11 0 0 0 0 11 0 0 0 0 0 11 0 0 0 0 0 0 0 0 0 0 11 
11 11 11 11 11 11 11 11 11 11 11 11 11 11 11 11 11 11 11 11 11 11 11 

10206
11 11 11 11 11 11 11 11 11 11 11 11 11 11 11 11 11 11 11 11 11 11 11 
11 0 0 11 0 0 11 11 0 0 0 11 0 0 0 0 0 11 0 0 0 0 11 
11 0 0 0 0 0 11 0 0 0 0 0 0 0 0 0 0 0 0 0 0 0 11 
11 0 0 0 0 0 11 0 0 11 0 11 0 0 11 0 11 0 0 0 0 0 11 
11 0 0 0 11 0 0 0 0 11 11 0 0 0 0 0 0 11 0 0 0 0 11 
11 0 0 0 0 0 15 0 0 11 0 11 0 0 0 0 0 0 0 11 11 0 11 
11 0 0 0 11 15 0 11 0 0 0 0 15 11 0 0 0 11 0 0 0 11 11 
11 0 0 0 0 0 0 0 0 0 11 11 0 11 0 0 0 0 0 11 0 0 11 
11 0 0 0 0 0 11 0 0 0 15 0 0 11 0 0 11 0 0 0 0 0 11 
11 11 11 0 0 11 0 0 0 11 0 0 0 0 0 0 0 0 0 0 11 11 11 
11 11 0 0 0 0 0 0 0 0 0 0 11 0 0 15 0 0 0 0 0 11 11 
11 0 0 0 0 11 0 0 0 0 0 11 0 0 0 0 0 0 0 0 0 0 11 
11 11 11 11 11 11 11 11 11 11 11 11 11 11 11 11 11 11 11 11 11 11 11 

10197
11 11 11 11 11 11 11 11 11 11 11 11 11 11 11 11 11 11 11 11 11 11 11 
11 0 0 11 0 0 11 11 0 0 0 11 0 0 0 0 0 11 0 0 0 0 11 
11 0 0 0 0 0 11 0 0 0 0 0 0 0 0 0 0 0 0 0 0 0 11 
11 0 0 0 0 0 11 0 15 11 0 11 0 0 11 0 11 0 0 0 11 0 11 
11 0 0 0 11 0 0 0 0 11 11 0 0 0 0 0 0 11 0 15 0 0 11 
11 0 0 0 15 0 0 0 0 11 0 11 0 0 0 0 0 12 0 11 11 0 11 
11 0 0 0 11 0 0 11 0 0 0 0 0 11 0 0 0 11 0 0 0 11 11 
11 0 0 0 0 0 0 0 0 0 11 11 0 11 0 0 0 0 0 11 0 0 11 
11 0 0 0 0 0 11 0 0 0 0 0 0 11 0 0 11 0 0 0 0 0 11 
11 11 11 0 0 11 0 0 0 11 15 0 0 0 15 0 0 0 0 0 11 11 11 
11 11 0 0 0 0 0 0 0 0 0 0 11 0 0 0 0 0 0 0 0 11 11 
11 0 0 0 0 11 0 0 0 0 0 11 0 0 0 0 0 0 0 0 0 0 11 
11 11 11 11 11 11 11 11 11 11 11 11 11 11 11 11 11 11 11 11 11 11 11 

10197
11 11 11 11 11 11 11 11 11 11 11 11 11 11 11 11 11 11 11 11 11 11 11 
11 0 0 11 0 0 11 11 0 0 0 11 0 0 0 0 0 11 0 0 0 0 11 
11 0 0 0 0 0 11 0 0 0 0 0 0 0 0 0 0 0 0 0 0 0 11 
11 0 0 0 0 0 11 0 15 11 0 11 0 0 11 0 11 0 0 0 11 0 11 
11 0 0 0 11 0 0 0 0 11 11 0 0 0 0 0 0 11 0 15 0 0 11 
11 0 0 0 15 0 0 0 0 11 0 11 0 0 0 0 0 12 0 11 11 0 11 
11 0 0 0 11 0 0 11 0 0 0 0 0 11 0 0 0 11 0 0 0 11 11 
11 0 0 0 0 0 0 0 0 0 11 11 0 11 0 0 0 0 0 11 0 0 11 
11 0 0 0 0 0 11 0 0 0 0 0 0 11 0 0 11 0 0 0 0 0 11 
11 11 11 0 0 11 0 0 0 11 15 0 0 0 15 0 0 0 0 0 11 11 11 
11 11 0 0 0 0 0 0 0 0 0 0 11 0 0 0 0 0 0 0 0 11 11 
11 0 0 0 0 11 0 0 0 0 0 11 0 0 0 0 0 0 0 0 0 0 11 
11 11 11 11 11 11 11 11 11 11 11 11 11 11 11 11 11 11 11 11 11 11 11 

10197
11 11 11 11 11 11 11 11 11 11 11 11 11 11 11 11 11 11 11 11 11 11 11 
11 0 0 11 0 0 11 11 0 0 0 11 0 0 0 0 0 11 0 0 0 0 11 
11 0 0 0 0 0 11 0 0 0 0 0 0 0 0 0 0 0 0 0 0 0 11 
11 0 0 0 0 0 11 0 15 11 0 11 0 0 11 0 11 0 0 0 11 0 11 
11 0 0 0 11 0 0 0 0 11 11 0 0 0 0 0 0 11 0 15 0 0 11 
11 0 0 0 15 0 0 0 0 11 0 11 0 0 0 0 0 12 0 11 11 0 11 
11 0 0 0 11 0 0 11 0 0 0 0 0 11 0 0 0 11 0 0 0 11 11 
11 0 0 0 0 0 0 0 0 0 11 11 0 11 0 0 0 0 0 11 0 0 11 
11 0 0 0 0 0 11 0 0 0 0 0 0 11 0 0 11 0 0 0 0 0 11 
11 11 11 0 0 11 0 0 0 11 15 0 0 0 15 0 0 0 0 0 11 11 11 
11 11 0 0 0 0 0 0 0 0 0 0 11 0 0 0 0 0 0 0 0 11 11 
11 0 0 0 0 11 0 0 0 0 0 11 0 0 0 0 0 0 0 0 0 0 11 
11 11 11 11 11 11 11 11 11 11 11 11 11 11 11 11 11 11 11 11 11 11 11 

10207
11 11 11 11 11 11 11 11 11 11 11 11 11 11 11 11 11 11 11 11 11 11 11 
11 0 0 11 0 0 11 11 0 0 0 11 0 0 0 0 0 11 0 0 0 0 11 
11 0 0 0 0 0 11 0 11 0 0 0 0 0 0 0 0 0 0 0 0 0 11 
11 0 0 0 15 0 11 0 0 11 0 11 0 0 11 0 11 0 0 0 0 0 11 
11 0 0 0 11 0 15 0 0 0 11 0 0 0 0 0 0 11 0 0 0 0 11 
11 0 0 0 0 0 0 0 0 0 0 11 0 0 0 0 0 0 0 11 11 0 11 
11 0 0 0 11 0 0 11 0 0 0 0 15 11 0 0 0 11 0 0 0 11 11 
11 0 0 0 0 0 0 0 0 0 11 11 0 11 0 0 0 0 0 11 0 0 11 
11 0 0 0 0 0 11 0 0 0 0 0 0 11 0 0 11 0 0 0 0 0 11 
11 11 11 0 0 11 0 0 0 11 0 15 0 0 0 11 0 0 0 0 11 11 11 
11 11 0 0 0 0 0 0 0 0 0 0 11 0 0 15 0 0 0 0 0 11 11 
11 0 0 0 0 11 0 0 0 0 0 11 0 0 0 0 0 0 0 0 0 0 11 
11 11 11 11 11 11 11 11 11 11 11 11 11 11 11 11 11 11 11 11 11 11 11 

10185
11 11 11 11 11 11 11 11 11 11 11 11 11 11 11 11 11 11 11 11 11 11 11 
11 0 0 11 0 0 11 11 0 0 0 11 0 0 0 0 0 11 0 0 0 0 11 
11 0 0 0 0 0 11 0 11 0 0 0 0 0 0 0 0 0 0 0 0 0 11 
11 0 0 0 0 0 11 0 0 11 0 11 0 0 11 0 11 0 0 0 0 0 11 
11 0 0 0 11 0 0 15 15 0 11 0 0 0 0 0 0 11 0 0 0 0 11 
11 0 0 0 0 0 0 0 0 0 0 11 0 0 0 0 0 0 0 11 11 0 11 
11 0 0 0 11 0 0 11 0 0 0 0 15 11 0 0 0 11 0 0 0 11 11 
11 0 0 0 0 0 15 0 0 0 11 11 0 11 15 0 0 0 0 11 0 0 11 
11 0 0 0 0 0 11 0 0 0 0 0 0 11 0 0 11 0 0 0 0 0 11 
11 11 11 0 0 11 0 0 0 11 0 0 0 0 15 11 0 0 0 0 11 11 11 
11 11 0 0 0 0 0 0 0 0 0 0 11 0 0 0 0 0 0 0 0 11 11 
11 0 0 0 0 11 0 0 0 0 0 11 0 0 0 0 0 0 0 0 0 0 11 
11 11 11 11 11 11 11 11 11 11 11 11 11 11 11 11 11 11 11 11 11 11 11 

10179
11 11 11 11 11 11 11 11 11 11 11 11 11 11 11 11 11 11 11 11 11 11 11 
11 0 0 11 0 0 11 11 0 0 0 11 0 0 0 0 0 11 0 0 0 0 11 
11 0 0 0 0 0 11 0 11 0 0 0 0 0 0 0 0 0 0 0 0 0 11 
11 0 0 0 0 0 11 15 15 11 0 11 0 0 11 0 11 0 0 0 0 0 11 
11 0 0 0 11 0 0 15 0 0 11 0 0 0 0 0 0 11 0 0 0 0 11 
11 0 0 0 0 0 0 0 0 0 0 11 0 0 0 0 0 0 0 11 11 0 11 
11 0 0 0 11 0 0 11 0 0 0 0 15 11 0 0 0 11 0 0 0 11 11 
11 0 0 0 0 0 0 0 0 0 11 11 0 11 14 15 0 0 0 11 0 0 11 
11 0 0 0 0 0 11 0 0 0 0 0 0 11 0 0 11 0 0 0 0 0 11 
11 11 11 0 0 11 0 0 0 11 0 0 0 0 0 11 0 0 0 0 11 11 11 
11 11 0 0 0 0 0 0 0 0 0 0 11 0 0 0 0 0 0 0 0 11 11 
11 0 0 0 0 11 0 0 0 0 0 11 0 0 0 0 0 0 0 0 0 0 11 
11 11 11 11 11 11 11 11 11 11 11 11 11 11 11 11 11 11 11 11 11 11 11 

10179
11 11 11 11 11 11 11 11 11 11 11 11 11 11 11 11 11 11 11 11 11 11 11 
11 0 0 11 0 0 11 11 0 0 0 11 0 0 0 0 0 11 0 0 0 0 11 
11 0 0 0 0 0 11 0 11 0 0 0 0 0 0 0 0 0 0 0 0 0 11 
11 0 0 0 0 0 11 15 15 11 0 11 0 0 11 0 11 0 0 0 0 0 11 
11 0 0 0 11 0 0 15 0 0 11 0 0 0 0 0 0 11 0 0 0 0 11 
11 0 0 0 0 0 0 0 0 0 0 11 0 0 0 0 0 0 0 11 11 0 11 
11 0 0 0 11 0 0 11 0 0 0 0 15 11 0 0 0 11 0 0 0 11 11 
11 0 0 0 0 0 0 0 0 0 11 11 0 11 14 15 0 0 0 11 0 0 11 
11 0 0 0 0 0 11 0 0 0 0 0 0 11 0 0 11 0 0 0 0 0 11 
11 11 11 0 0 11 0 0 0 11 0 0 0 0 0 11 0 0 0 0 11 11 11 
11 11 0 0 0 0 0 0 0 0 0 0 11 0 0 0 0 0 0 0 0 11 11 
11 0 0 0 0 11 0 0 0 0 0 11 0 0 0 0 0 0 0 0 0 0 11 
11 11 11 11 11 11 11 11 11 11 11 11 11 11 11 11 11 11 11 11 11 11 11 

10179
11 11 11 11 11 11 11 11 11 11 11 11 11 11 11 11 11 11 11 11 11 11 11 
11 0 0 11 0 0 11 11 0 0 0 11 0 0 0 0 0 11 0 0 0 0 11 
11 0 0 0 0 0 11 0 11 0 0 0 0 0 0 0 0 0 0 0 0 0 11 
11 0 0 0 0 0 11 15 15 11 0 11 0 0 11 0 11 0 0 0 0 0 11 
11 0 0 0 11 0 0 15 0 0 11 0 0 0 0 0 0 11 0 0 0 0 11 
11 0 0 0 0 0 0 0 0 0 0 11 0 0 0 0 0 0 0 11 11 0 11 
11 0 0 0 11 0 0 11 0 0 0 0 15 11 0 0 0 11 0 0 0 11 11 
11 0 0 0 0 0 0 0 0 0 11 11 0 11 14 15 0 0 0 11 0 0 11 
11 0 0 0 0 0 11 0 0 0 0 0 0 11 0 0 11 0 0 0 0 0 11 
11 11 11 0 0 11 0 0 0 11 0 0 0 0 0 11 0 0 0 0 11 11 11 
11 11 0 0 0 0 0 0 0 0 0 0 11 0 0 0 0 0 0 0 0 11 11 
11 0 0 0 0 11 0 0 0 0 0 11 0 0 0 0 0 0 0 0 0 0 11 
11 11 11 11 11 11 11 11 11 11 11 11 11 11 11 11 11 11 11 11 11 11 11 

10206
11 11 11 11 11 11 11 11 11 11 11 11 11 11 11 11 11 11 11 11 11 11 11 
11 0 0 11 0 0 11 11 0 0 0 11 0 0 0 0 0 11 0 0 0 0 11 
11 0 0 0 0 0 11 0 11 0 0 0 0 0 0 0 0 0 0 0 0 0 11 
11 0 0 0 0 0 11 0 0 11 0 11 0 0 11 0 11 0 0 0 0 0 11 
11 0 0 0 11 0 0 0 0 0 11 0 0 0 0 0 0 11 0 0 0 0 11 
11 0 0 0 0 0 15 0 0 11 0 11 0 0 0 0 0 0 0 11 11 0 11 
11 0 0 0 11 0 0 11 0 0 0 0 15 11 0 0 0 11 0 0 0 11 11 
11 0 0 0 0 0 0 0 0 0 11 11 0 11 0 0 0 0 0 11 0 0 11 
11 0 0 15 0 0 11 0 0 0 0 0 0 11 0 0 11 0 0 0 0 0 11 
11 11 11 0 0 11 0 0 0 11 0 0 0 15 0 0 0 0 0 0 11 11 11 
11 0 0 0 0 0 11 0 0 0 0 0 11 0 0 0 0 0 0 0 0 11 11 
11 0 0 0 0 11 0 0 0 0 15 11 0 0 0 0 0 0 0 0 0 0 11 
11 11 11 11 11 11 11 11 11 11 11 11 11 11 11 11 11 11 11 11 11 11 11 

10206
11 11 11 11 11 11 11 11 11 11 11 11 11 11 11 11 11 11 11 11 11 11 11 
11 0 0 11 0 0 11 11 0 0 0 11 0 0 0 0 0 11 0 0 0 0 11 
11 0 0 0 0 0 11 0 11 0 0 0 0 0 0 0 0 0 0 0 0 0 11 
11 0 0 0 0 0 11 0 0 11 0 11 0 0 11 0 11 0 0 0 0 0 11 
11 0 0 0 11 0 0 0 0 0 11 0 0 0 0 0 0 11 0 0 0 0 11 
11 0 0 0 0 0 15 0 0 11 0 11 0 0 0 0 0 0 0 11 11 0 11 
11 0 0 0 11 0 0 11 0 0 0 0 15 11 0 0 0 11 0 0 0 11 11 
11 0 0 0 0 0 0 0 0 0 11 11 0 11 0 0 0 0 0 11 0 0 11 
11 0 0 15 0 0 11 0 0 0 0 0 0 11 0 0 11 0 0 0 0 0 11 
11 11 11 0 0 11 0 0 0 11 0 0 0 15 0 0 0 0 0 0 11 11 11 
11 0 0 0 0 0 11 0 0 0 0 0 11 0 0 0 0 0 0 0 0 11 11 
11 0 0 0 0 11 0 0 0 0 15 11 0 0 0 0 0 0 0 0 0 0 11 
11 11 11 11 11 11 11 11 11 11 11 11 11 11 11 11 11 11 11 11 11 11 11 

10206
11 11 11 11 11 11 11 11 11 11 11 11 11 11 11 11 11 11 11 11 11 11 11 
11 0 0 11 0 0 11 11 0 0 0 11 0 0 0 0 0 11 0 0 0 0 11 
11 0 0 0 0 0 11 0 11 0 0 0 0 0 0 0 0 0 0 0 0 0 11 
11 0 0 0 0 0 11 0 0 11 0 11 0 0 11 0 11 0 0 0 0 0 11 
11 0 0 0 11 0 0 0 0 0 11 0 0 0 0 0 0 11 0 0 0 0 11 
11 0 0 0 0 0 15 0 0 11 0 11 0 0 0 0 0 0 0 11 11 0 11 
11 0 0 0 11 0 0 11 0 0 0 0 15 11 0 0 0 11 0 0 0 11 11 
11 0 0 0 0 0 0 0 0 0 11 11 0 11 0 0 0 0 0 11 0 0 11 
11 0 0 15 0 0 11 0 0 0 0 0 0 11 0 0 11 0 0 0 0 0 11 
11 11 11 0 0 11 0 0 0 11 0 0 0 15 0 0 0 0 0 0 11 11 11 
11 0 0 0 0 0 11 0 0 0 0 0 11 0 0 0 0 0 0 0 0 11 11 
11 0 0 0 0 11 0 0 0 0 15 11 0 0 0 0 0 0 0 0 0 0 11 
11 11 11 11 11 11 11 11 11 11 11 11 11 11 11 11 11 11 11 11 11 11 11 

10183
11 11 11 11 11 11 11 11 11 11 11 11 11 11 11 11 11 11 11 11 11 11 11 
11 0 0 11 0 0 11 11 0 0 0 11 0 0 0 0 0 11 0 0 0 0 11 
11 0 0 0 0 0 11 0 11 0 0 0 0 0 0 0 0 0 0 0 0 0 11 
11 0 0 0 0 0 11 0 0 11 0 11 0 0 11 0 11 0 0 0 0 0 11 
11 0 0 0 11 0 14 0 15 0 11 0 0 0 0 0 0 11 0 0 0 0 11 
11 0 0 0 0 0 0 0 0 11 0 11 0 0 0 0 0 0 0 11 11 0 11 
11 0 0 0 11 0 0 11 0 0 0 0 0 11 0 0 0 11 0 0 0 11 11 
11 0 0 0 0 0 15 0 0 0 11 11 0 11 0 0 0 0 0 11 0 0 11 
11 0 0 0 0 0 11 0 0 0 0 0 0 11 0 0 11 0 0 0 0 0 11 
11 11 11 0 0 11 0 0 0 11 0 15 0 15 0 0 0 0 0 0 11 11 11 
11 0 0 0 0 0 11 0 0 0 0 0 11 0 15 0 0 0 0 0 0 11 11 
11 0 0 0 0 11 0 0 0 0 0 11 0 0 0 0 0 0 0 0 0 0 11 
11 11 11 11 11 11 11 11 11 11 11 11 11 11 11 11 11 11 11 11 11 11 11 

10180
11 11 11 11 11 11 11 11 11 11 11 11 11 11 11 11 11 11 11 11 11 11 11 
11 0 0 11 0 0 11 11 0 0 0 11 0 0 0 0 0 11 0 0 0 0 11 
11 0 0 0 0 0 11 0 11 0 0 0 0 0 0 0 0 0 0 0 0 0 11 
11 0 0 0 0 0 11 0 0 11 0 11 0 0 11 0 11 0 0 0 0 0 11 
11 0 0 0 11 0 0 0 15 0 11 0 0 0 0 0 0 11 0 0 0 0 11 
11 0 0 0 0 0 15 0 0 11 0 11 0 0 0 0 0 0 0 11 11 0 11 
11 0 0 0 11 0 0 11 0 0 0 0 15 11 14 0 0 11 0 0 0 11 11 
11 0 0 0 0 0 0 0 0 0 11 11 0 11 0 0 0 0 0 11 0 0 11 
11 0 0 0 0 0 11 0 0 0 0 0 0 11 15 0 11 0 0 0 0 0 11 
11 11 11 0 0 11 0 0 0 11 0 0 0 0 0 0 0 0 0 0 11 11 11 
11 0 0 0 0 0 11 0 0 0 0 0 11 0 0 0 0 0 0 0 0 11 11 
11 0 0 0 0 11 0 0 0 0 0 11 0 0 0 0 0 0 0 0 0 0 11 
11 11 11 11 11 11 11 11 11 11 11 11 11 11 11 11 11 11 11 11 11 11 11 

10179
11 11 11 11 11 11 11 11 11 11 11 11 11 11 11 11 11 11 11 11 11 11 11 
11 0 0 11 0 0 11 11 0 0 0 11 0 0 0 0 0 11 0 0 0 0 11 
11 0 0 0 0 0 11 0 0 0 0 0 0 0 0 0 0 0 0 0 0 0 11 
11 0 0 0 0 0 11 0 0 11 0 11 0 0 11 0 11 0 0 0 0 0 11 
11 0 0 0 11 15 0 15 0 11 11 0 0 0 0 0 0 11 0 0 0 0 11 
11 0 0 0 0 0 0 0 0 0 0 11 0 0 0 0 0 0 0 11 11 0 11 
11 0 0 0 11 0 0 11 0 0 0 0 0 11 0 0 0 11 0 0 0 11 11 
11 0 0 0 0 0 0 0 0 0 11 11 0 11 15 0 0 0 0 11 0 0 11 
11 0 0 0 0 0 11 0 0 0 0 0 0 11 0 14 11 0 0 0 0 0 11 
11 11 11 0 0 11 0 0 0 0 0 0 0 0 0 11 0 0 0 0 11 11 11 
11 11 0 0 0 0 11 0 0 0 0 0 11 0 0 15 0 0 0 0 0 11 11 
11 0 0 0 0 11 0 0 0 0 0 11 0 0 0 0 0 0 0 0 0 0 11 
11 11 11 11 11 11 11 11 11 11 11 11 11 11 11 11 11 11 11 11 11 11 11 

10170
11 11 11 11 11 11 11 11 11 11 11 11 11 11 11 11 11 11 11 11 11 11 11 
11 0 0 11 0 0 11 11 0 0 0 11 0 0 0 0 0 11 0 0 0 0 11 
11 0 0 0 0 0 11 0 0 0 0 0 0 0 0 0 0 0 0 0 0 0 11 
11 0 0 0 0 0 11 0 0 11 0 11 0 0 11 0 11 0 0 0 0 0 11 
11 0 0 0 11 0 0 0 0 11 11 0 0 0 0 0 0 11 0 0 0 0 11 
11 0 0 0 0 0 15 0 0 0 0 11 0 0 0 0 0 0 0 11 11 0 11 
11 0 0 0 11 0 15 11 0 0 0 0 15 11 0 0 0 11 0 0 0 11 11 
11 0 0 0 0 0 0 0 0 0 11 11 0 11 14 0 13 0 0 11 0 0 11 
11 0 0 0 0 0 11 0 0 0 0 0 0 11 0 0 11 0 0 0 0 0 11 
11 11 11 0 0 11 0 0 0 0 0 15 0 0 0 11 0 0 0 0 11 11 11 
11 11 0 0 0 0 11 0 0 0 0 0 11 0 0 0 0 0 0 0 0 11 11 
11 0 0 0 0 11 0 0 0 0 0 11 0 0 0 0 0 0 0 0 0 0 11 
11 11 11 11 11 11 11 11 11 11 11 11 11 11 11 11 11 11 11 11 11 11 11 

10142
11 11 11 11 11 11 11 11 11 11 11 11 11 11 11 11 11 11 11 11 11 11 11 
11 0 0 11 0 0 11 11 0 0 0 11 0 0 0 0 0 11 0 0 0 0 11 
11 0 0 0 0 0 11 0 0 0 0 0 0 0 0 0 0 0 0 0 0 0 11 
11 0 0 13 0 0 11 0 0 11 0 11 0 0 11 0 11 0 0 0 0 0 11 
11 0 0 0 11 0 0 0 15 11 11 0 0 0 0 0 0 11 0 0 11 0 11 
11 0 0 0 0 13 0 0 0 0 0 11 0 15 0 0 0 0 0 11 11 0 11 
11 0 0 13 11 0 0 11 0 0 0 0 0 11 0 0 0 11 0 0 0 11 11 
11 0 0 0 0 0 0 0 0 0 11 11 0 11 15 0 0 0 0 11 0 0 11 
11 0 0 0 0 0 11 0 0 0 0 0 0 11 0 0 11 0 0 0 0 0 11 
11 11 11 0 0 11 0 0 0 0 0 15 0 0 0 11 0 0 0 0 11 11 11 
11 11 0 0 0 0 11 0 0 0 0 0 11 0 0 0 0 0 0 0 0 11 11 
11 0 0 0 0 11 0 0 0 0 0 11 0 0 0 0 0 0 0 0 0 0 11 
11 11 11 11 11 11 11 11 11 11 11 11 11 11 11 11 11 11 11 11 11 11 11 

10142
11 11 11 11 11 11 11 11 11 11 11 11 11 11 11 11 11 11 11 11 11 11 11 
11 0 0 11 0 0 11 11 0 0 0 11 0 0 0 0 0 11 0 0 0 0 11 
11 0 0 0 0 0 11 0 0 0 0 0 0 0 0 0 0 0 0 0 0 0 11 
11 0 0 13 0 0 11 0 0 11 0 11 0 0 11 0 11 0 0 0 0 0 11 
11 0 0 0 11 0 0 0 15 11 11 0 0 0 0 0 0 11 0 0 11 0 11 
11 0 0 0 0 13 0 0 0 0 0 11 0 15 0 0 0 0 0 11 11 0 11 
11 0 0 13 11 0 0 11 0 0 0 0 0 11 0 0 0 11 0 0 0 11 11 
11 0 0 0 0 0 0 0 0 0 11 11 0 11 15 0 0 0 0 11 0 0 11 
11 0 0 0 0 0 11 0 0 0 0 0 0 11 0 0 11 0 0 0 0 0 11 
11 11 11 0 0 11 0 0 0 0 0 15 0 0 0 11 0 0 0 0 11 11 11 
11 11 0 0 0 0 11 0 0 0 0 0 11 0 0 0 0 0 0 0 0 11 11 
11 0 0 0 0 11 0 0 0 0 0 11 0 0 0 0 0 0 0 0 0 0 11 
11 11 11 11 11 11 11 11 11 11 11 11 11 11 11 11 11 11 11 11 11 11 11 

10142
11 11 11 11 11 11 11 11 11 11 11 11 11 11 11 11 11 11 11 11 11 11 11 
11 0 0 11 0 0 11 11 0 0 0 11 0 0 0 0 0 11 0 0 0 0 11 
11 0 0 0 0 0 11 0 0 0 0 0 0 0 0 0 0 0 0 0 0 0 11 
11 0 0 13 0 0 11 0 0 11 0 11 0 0 11 0 11 0 0 0 0 0 11 
11 0 0 0 11 0 0 0 15 11 11 0 0 0 0 0 0 11 0 0 11 0 11 
11 0 0 0 0 13 0 0 0 0 0 11 0 15 0 0 0 0 0 11 11 0 11 
11 0 0 13 11 0 0 11 0 0 0 0 0 11 0 0 0 11 0 0 0 11 11 
11 0 0 0 0 0 0 0 0 0 11 11 0 11 15 0 0 0 0 11 0 0 11 
11 0 0 0 0 0 11 0 0 0 0 0 0 11 0 0 11 0 0 0 0 0 11 
11 11 11 0 0 11 0 0 0 0 0 15 0 0 0 11 0 0 0 0 11 11 11 
11 11 0 0 0 0 11 0 0 0 0 0 11 0 0 0 0 0 0 0 0 11 11 
11 0 0 0 0 11 0 0 0 0 0 11 0 0 0 0 0 0 0 0 0 0 11 
11 11 11 11 11 11 11 11 11 11 11 11 11 11 11 11 11 11 11 11 11 11 11 

10206
11 11 11 11 11 11 11 11 11 11 11 11 11 11 11 11 11 11 11 11 11 11 11 
11 0 0 11 0 0 11 11 0 0 0 11 0 0 0 0 0 11 0 0 0 0 11 
11 0 0 0 0 0 11 0 11 0 0 0 0 0 0 0 0 0 0 0 0 0 11 
11 0 0 0 0 0 11 11 0 11 0 11 0 0 11 0 11 0 0 0 0 0 11 
11 0 0 0 11 0 15 0 0 11 11 0 0 0 0 0 0 11 0 0 0 0 11 
11 0 0 0 0 0 0 0 0 0 0 11 0 0 0 0 0 0 0 11 11 0 11 
11 0 0 0 11 0 15 11 0 0 0 0 0 11 0 0 0 11 0 0 0 11 11 
11 0 0 0 0 0 0 0 0 0 11 11 0 11 0 0 0 0 0 11 0 0 11 
11 0 0 0 0 0 11 0 0 0 0 0 0 11 0 0 11 0 0 0 0 0 11 
11 11 11 0 0 11 0 0 0 0 0 15 0 0 0 0 0 0 11 0 11 11 11 
11 0 0 0 0 0 0 0 0 0 0 0 11 0 0 0 0 0 0 0 0 11 11 
11 0 0 0 0 11 0 0 0 0 0 11 0 0 15 15 0 0 0 0 0 0 11 
11 11 11 11 11 11 11 11 11 11 11 11 11 11 11 11 11 11 11 11 11 11 11 

10206
11 11 11 11 11 11 11 11 11 11 11 11 11 11 11 11 11 11 11 11 11 11 11 
11 0 0 11 0 0 11 11 0 0 0 11 0 0 0 0 0 11 0 0 0 0 11 
11 0 0 0 0 0 11 0 11 0 0 0 0 0 0 0 0 0 0 0 0 0 11 
11 0 0 0 0 0 11 11 0 11 0 11 0 0 11 0 11 0 0 0 0 0 11 
11 0 0 0 11 0 15 0 0 11 11 0 0 0 0 0 0 11 0 0 0 0 11 
11 0 0 0 0 0 0 0 0 0 0 11 0 0 0 0 0 0 0 11 11 0 11 
11 0 0 0 11 0 15 11 0 0 0 0 0 11 0 0 0 11 0 0 0 11 11 
11 0 0 0 0 0 0 0 0 0 11 11 0 11 0 0 0 0 0 11 0 0 11 
11 0 0 0 0 0 11 0 0 0 0 0 0 11 0 0 11 0 0 0 0 0 11 
11 11 11 0 0 11 0 0 0 0 0 15 0 0 0 0 0 0 11 0 11 11 11 
11 0 0 0 0 0 0 0 0 0 0 0 11 0 0 0 0 0 0 0 0 11 11 
11 0 0 0 0 11 0 0 0 0 0 11 0 0 15 15 0 0 0 0 0 0 11 
11 11 11 11 11 11 11 11 11 11 11 11 11 11 11 11 11 11 11 11 11 11 11 

10206
11 11 11 11 11 11 11 11 11 11 11 11 11 11 11 11 11 11 11 11 11 11 11 
11 0 0 11 0 0 11 11 0 0 0 11 0 0 0 0 0 11 0 0 0 0 11 
11 0 0 0 0 0 11 0 11 0 0 0 0 0 0 0 0 0 0 0 0 0 11 
11 0 0 0 0 0 11 11 0 11 0 11 0 0 11 0 11 0 0 0 0 0 11 
11 0 0 0 11 0 15 0 0 11 11 0 0 0 0 0 0 11 0 0 0 0 11 
11 0 0 0 0 0 0 0 0 0 0 11 0 0 0 0 0 0 0 11 11 0 11 
11 0 0 0 11 0 15 11 0 0 0 0 0 11 0 0 0 11 0 0 0 11 11 
11 0 0 0 0 0 0 0 0 0 11 11 0 11 0 0 0 0 0 11 0 0 11 
11 0 0 0 0 0 11 0 0 0 0 0 0 11 0 0 11 0 0 0 0 0 11 
11 11 11 0 0 11 0 0 0 0 0 15 0 0 0 0 0 0 11 0 11 11 11 
11 0 0 0 0 0 0 0 0 0 0 0 11 0 0 0 0 0 0 0 0 11 11 
11 0 0 0 0 11 0 0 0 0 0 11 0 0 15 15 0 0 0 0 0 0 11 
11 11 11 11 11 11 11 11 11 11 11 11 11 11 11 11 11 11 11 11 11 11 11 

10200
11 11 11 11 11 11 11 11 11 11 11 11 11 11 11 11 11 11 11 11 11 11 11 
11 0 0 11 0 0 11 11 0 0 0 11 0 0 0 0 0 11 0 0 0 0 11 
11 0 0 0 0 0 11 0 11 0 0 0 0 0 0 0 0 0 0 0 0 0 11 
11 0 0 0 0 0 11 11 0 11 0 11 0 0 11 0 11 0 0 0 0 0 11 
11 0 0 0 11 0 0 0 15 11 11 0 0 0 15 0 0 11 0 0 0 0 11 
11 0 0 0 0 0 0 0 0 0 0 11 0 0 0 0 0 0 0 11 11 0 11 
11 0 0 0 11 0 0 11 0 0 0 0 15 11 0 0 0 11 0 0 0 11 11 
11 0 0 0 0 0 15 0 0 0 11 11 0 11 0 0 0 0 0 11 0 0 11 
11 0 0 0 0 0 11 0 0 0 0 0 0 11 0 12 11 0 0 0 0 0 11 
11 11 11 0 0 11 0 0 0 0 0 15 0 0 0 0 0 0 11 11 11 11 11 
11 0 0 0 0 0 0 0 0 0 0 0 11 0 0 0 0 0 0 0 0 11 11 
11 0 0 0 0 11 0 0 0 0 0 11 0 0 0 0 0 0 0 0 0 0 11 
11 11 11 11 11 11 11 11 11 11 11 11 11 11 11 11 11 11 11 11 11 11 11 

10200
11 11 11 11 11 11 11 11 11 11 11 11 11 11 11 11 11 11 11 11 11 11 11 
11 0 0 11 0 0 11 11 0 0 0 11 0 0 0 0 0 11 0 0 0 0 11 
11 0 0 0 0 0 11 0 11 0 0 0 0 0 0 0 0 0 0 0 0 0 11 
11 0 0 0 0 0 11 11 0 11 0 11 0 0 11 0 11 0 0 0 0 0 11 
11 0 0 0 11 0 0 0 15 11 11 0 0 0 15 0 0 11 0 0 0 0 11 
11 0 0 0 0 0 0 0 0 0 0 11 0 0 0 0 0 0 0 11 11 0 11 
11 0 0 0 11 0 0 11 0 0 0 0 15 11 0 0 0 11 0 0 0 11 11 
11 0 0 0 0 0 15 0 0 0 11 11 0 11 0 0 0 0 0 11 0 0 11 
11 0 0 0 0 0 11 0 0 0 0 0 0 11 0 12 11 0 0 0 0 0 11 
11 11 11 0 0 11 0 0 0 0 0 15 0 0 0 0 0 0 11 11 11 11 11 
11 0 0 0 0 0 0 0 0 0 0 0 11 0 0 0 0 0 0 0 0 11 11 
11 0 0 0 0 11 0 0 0 0 0 11 0 0 0 0 0 0 0 0 0 0 11 
11 11 11 11 11 11 11 11 11 11 11 11 11 11 11 11 11 11 11 11 11 11 11 

10207
11 11 11 11 11 11 11 11 11 11 11 11 11 11 11 11 11 11 11 11 11 11 11 
11 0 0 11 0 0 11 11 0 0 0 11 0 0 0 0 0 11 0 0 0 0 11 
11 0 0 0 0 0 11 0 0 0 0 0 0 0 0 0 0 0 0 0 0 0 11 
11 0 0 0 0 0 11 11 0 11 0 11 0 0 11 0 11 0 0 0 0 0 11 
11 0 0 0 11 0 0 0 15 11 11 0 0 0 0 0 0 11 0 0 0 0 11 
11 0 0 15 0 0 0 0 0 11 0 11 0 0 0 0 0 0 0 11 11 0 11 
11 0 0 0 11 0 0 11 0 0 0 0 15 11 0 0 0 11 0 0 0 11 11 
11 0 0 0 0 0 0 0 0 0 11 11 0 11 0 0 0 0 0 11 0 0 11 
11 0 0 0 0 0 11 0 0 0 0 0 0 11 0 0 11 0 0 0 0 0 11 
11 11 11 0 0 11 0 0 0 0 0 15 0 15 0 11 0 0 0 0 11 11 11 
11 0 0 0 0 0 0 0 0 0 0 0 11 0 0 0 0 0 0 0 0 11 11 
11 0 0 0 0 11 0 0 0 0 0 11 0 0 0 0 0 0 0 0 0 0 11 
11 11 11 11 11 11 11 11 11 11 11 11 11 11 11 11 11 11 11 11 11 11 11 

10206
11 11 11 11 11 11 11 11 11 11 11 11 11 11 11 11 11 11 11 11 11 11 11 
11 0 0 11 0 0 11 11 0 0 0 11 0 0 0 0 0 11 0 0 0 0 11 
11 0 0 0 0 0 11 0 0 0 0 0 0 0 0 0 0 0 0 0 0 0 11 
11 0 0 0 0 0 11 11 0 11 0 11 0 0 11 0 11 0 0 0 0 0 11 
11 0 0 0 11 15 0 0 0 11 11 0 0 0 0 0 0 11 0 0 0 0 11 
11 0 0 0 15 0 0 0 0 11 0 11 0 0 0 0 0 0 0 11 11 0 11 
11 0 0 0 11 0 0 11 0 0 0 0 15 11 0 0 0 11 0 0 0 11 11 
11 0 0 0 0 0 0 0 0 0 11 11 0 11 0 0 0 0 0 11 0 0 11 
11 0 0 0 0 0 11 0 0 0 0 0 0 11 15 0 11 0 0 0 0 0 11 
11 11 11 0 0 11 0 0 0 0 0 0 0 0 0 11 0 0 0 0 11 11 11 
11 0 0 0 0 0 0 0 0 15 0 0 11 0 0 0 0 0 0 0 0 11 11 
11 0 0 0 0 11 0 0 0 0 0 11 0 0 0 0 0 0 0 0 0 0 11 
11 11 11 11 11 11 11 11 11 11 11 11 11 11 11 11 11 11 11 11 11 11 11 

10182
11 11 11 11 11 11 11 11 11 11 11 11 11 11 11 11 11 11 11 11 11 11 11 
11 0 0 11 0 0 11 11 0 0 0 11 0 0 0 0 0 11 0 0 0 0 11 
11 0 0 0 0 0 11 0 0 0 0 0 0 0 0 0 0 0 0 0 0 0 11 
11 0 0 0 0 0 11 11 0 11 0 11 0 0 11 0 11 0 0 0 0 0 11 
11 0 0 0 11 0 0 15 15 11 11 0 0 0 0 0 0 11 0 0 0 0 11 
11 0 0 0 0 0 0 0 0 11 0 11 0 15 0 0 14 0 0 11 11 0 11 
11 0 0 11 11 0 0 11 0 0 0 0 15 11 0 0 0 11 0 0 0 11 11 
11 0 0 0 0 0 0 0 0 0 11 11 0 11 0 0 0 0 0 11 0 0 11 
11 0 0 0 0 0 11 0 0 0 0 0 0 11 0 0 11 0 0 0 0 0 11 
11 11 11 0 0 11 0 0 0 0 0 0 0 0 0 11 0 0 0 0 11 11 11 
11 0 0 0 0 0 0 0 0 0 0 0 11 0 0 0 0 0 0 0 0 11 11 
11 0 0 0 0 11 0 0 0 0 0 11 0 0 0 0 0 0 0 0 0 0 11 
11 11 11 11 11 11 11 11 11 11 11 11 11 11 11 11 11 11 11 11 11 11 11 

10182
11 11 11 11 11 11 11 11 11 11 11 11 11 11 11 11 11 11 11 11 11 11 11 
11 0 0 11 0 0 11 11 0 0 0 11 0 0 0 0 0 11 0 0 0 0 11 
11 0 0 0 0 0 11 0 0 0 0 0 0 0 0 0 0 0 0 0 0 0 11 
11 0 0 0 0 0 11 11 0 11 0 11 0 0 11 0 11 0 0 0 0 0 11 
11 0 0 0 11 0 0 15 15 11 11 0 0 0 0 0 0 11 0 0 0 0 11 
11 0 0 0 0 0 0 0 0 11 0 11 0 15 0 0 14 0 0 11 11 0 11 
11 0 0 11 11 0 0 11 0 0 0 0 15 11 0 0 0 11 0 0 0 11 11 
11 0 0 0 0 0 0 0 0 0 11 11 0 11 0 0 0 0 0 11 0 0 11 
11 0 0 0 0 0 11 0 0 0 0 0 0 11 0 0 11 0 0 0 0 0 11 
11 11 11 0 0 11 0 0 0 0 0 0 0 0 0 11 0 0 0 0 11 11 11 
11 0 0 0 0 0 0 0 0 0 0 0 11 0 0 0 0 0 0 0 0 11 11 
11 0 0 0 0 11 0 0 0 0 0 11 0 0 0 0 0 0 0 0 0 0 11 
11 11 11 11 11 11 11 11 11 11 11 11 11 11 11 11 11 11 11 11 11 11 11 

10182
11 11 11 11 11 11 11 11 11 11 11 11 11 11 11 11 11 11 11 11 11 11 11 
11 0 0 11 0 0 11 11 0 0 0 11 0 0 0 0 0 11 0 0 0 0 11 
11 0 0 0 0 0 11 0 0 0 0 0 0 0 0 0 0 0 0 0 0 0 11 
11 0 0 0 0 0 11 11 0 11 0 11 0 0 11 0 11 0 0 0 0 0 11 
11 0 0 0 11 0 0 15 15 11 11 0 0 0 0 0 0 11 0 0 0 0 11 
11 0 0 0 0 0 0 0 0 11 0 11 0 15 0 0 14 0 0 11 11 0 11 
11 0 0 11 11 0 0 11 0 0 0 0 15 11 0 0 0 11 0 0 0 11 11 
11 0 0 0 0 0 0 0 0 0 11 11 0 11 0 0 0 0 0 11 0 0 11 
11 0 0 0 0 0 11 0 0 0 0 0 0 11 0 0 11 0 0 0 0 0 11 
11 11 11 0 0 11 0 0 0 0 0 0 0 0 0 11 0 0 0 0 11 11 11 
11 0 0 0 0 0 0 0 0 0 0 0 11 0 0 0 0 0 0 0 0 11 11 
11 0 0 0 0 11 0 0 0 0 0 11 0 0 0 0 0 0 0 0 0 0 11 
11 11 11 11 11 11 11 11 11 11 11 11 11 11 11 11 11 11 11 11 11 11 11 

