10799
11 11 11 11 11 11 11 11 11 11 11 11 11 11 11 11 11 11 11 11 11 11 11 
11 0 0 11 0 0 0 0 0 0 0 0 0 0 0 11 0 0 0 0 0 0 11 
11 0 0 0 0 0 0 0 0 0 0 0 0 0 0 0 11 0 0 0 0 11 11 
11 0 0 11 0 0 0 0 0 0 0 0 0 0 0 0 11 0 0 11 0 0 11 
11 0 0 0 0 0 0 11 0 0 0 0 0 11 0 0 0 0 0 0 11 0 11 
11 0 0 0 0 0 0 11 0 15 0 0 15 0 0 0 0 0 0 0 11 0 11 
11 0 0 0 0 0 0 0 0 0 0 15 0 0 0 0 0 0 0 0 11 11 11 
11 0 0 0 11 11 0 11 11 0 15 0 0 0 0 0 0 11 0 0 0 15 11 
11 0 11 11 0 11 0 11 0 0 0 0 11 0 0 0 0 11 11 11 11 0 11 
11 0 0 11 0 0 0 0 0 0 0 0 11 11 11 0 0 0 0 11 11 0 11 
11 11 0 0 0 11 0 0 0 0 0 0 0 0 0 0 0 0 11 11 11 11 11 
11 0 0 0 11 0 0 0 11 0 0 0 0 0 0 0 11 0 0 11 0 11 11 
11 0 0 0 0 0 0 0 11 0 0 0 0 0 0 0 0 0 0 0 0 11 11 
11 0 11 0 0 11 0 11 0 0 0 0 0 0 0 0 0 0 0 0 0 0 11 
11 11 11 11 11 11 11 11 11 11 11 11 11 11 11 11 11 11 11 11 11 11 11 

10796
11 11 11 11 11 11 11 11 11 11 11 11 11 11 11 11 11 11 11 11 11 11 11 
11 0 0 11 0 0 0 0 0 0 0 0 0 0 0 11 0 0 0 0 0 0 11 
11 0 0 0 0 0 0 0 0 0 0 0 0 0 0 0 11 0 0 0 0 11 11 
11 0 0 11 0 0 0 0 0 0 0 0 0 0 0 0 11 0 0 11 0 0 11 
11 0 0 0 0 0 0 11 0 0 0 0 0 11 0 0 0 0 0 0 11 0 11 
11 0 0 0 0 0 0 11 0 0 15 0 0 0 0 0 0 0 0 0 11 0 11 
11 0 0 0 0 0 0 0 0 0 0 15 0 0 0 0 0 0 0 0 11 11 11 
11 0 0 0 11 11 0 11 11 0 0 0 0 0 14 0 0 11 0 0 0 0 11 
11 0 11 11 0 11 0 11 0 0 0 15 11 0 0 0 0 11 11 11 11 0 11 
11 0 0 11 0 0 0 0 0 0 0 0 11 11 11 0 0 0 0 11 11 0 11 
11 11 0 0 0 11 0 0 0 0 0 0 15 0 0 0 0 0 11 11 11 11 11 
11 0 0 0 11 0 0 0 11 0 0 0 0 0 0 0 11 0 0 11 0 11 11 
11 0 0 0 0 0 0 0 11 0 0 0 0 0 0 0 0 0 0 0 0 11 11 
11 0 11 0 0 11 0 11 0 0 0 0 0 0 0 0 0 0 0 0 0 0 11 
11 11 11 11 11 11 11 11 11 11 11 11 11 11 11 11 11 11 11 11 11 11 11 

10796
11 11 11 11 11 11 11 11 11 11 11 11 11 11 11 11 11 11 11 11 11 11 11 
11 0 0 11 0 0 0 0 0 0 0 0 0 0 0 11 0 0 0 0 0 0 11 
11 0 0 0 0 0 0 0 0 0 0 0 0 0 0 0 11 0 0 0 0 11 11 
11 0 0 11 0 0 0 0 0 0 0 0 0 0 0 0 11 0 0 11 0 0 11 
11 0 0 0 0 0 0 11 0 0 0 0 0 11 0 0 0 0 0 0 11 0 11 
11 0 0 0 0 0 0 11 0 0 15 0 0 0 0 0 0 0 0 0 11 0 11 
11 0 0 0 0 0 0 0 0 0 0 15 0 0 0 0 0 0 0 0 11 11 11 
11 0 0 0 11 11 0 11 11 0 0 0 0 0 14 0 0 11 0 0 0 0 11 
11 0 11 11 0 11 0 11 0 0 0 15 11 0 0 0 0 11 11 11 11 0 11 
11 0 0 11 0 0 0 0 0 0 0 0 11 11 11 0 0 0 0 11 11 0 11 
11 11 0 0 0 11 0 0 0 0 0 0 15 0 0 0 0 0 11 11 11 11 11 
11 0 0 0 11 0 0 0 11 0 0 0 0 0 0 0 11 0 0 11 0 11 11 
11 0 0 0 0 0 0 0 11 0 0 0 0 0 0 0 0 0 0 0 0 11 11 
11 0 11 0 0 11 0 11 0 0 0 0 0 0 0 0 0 0 0 0 0 0 11 
11 11 11 11 11 11 11 11 11 11 11 11 11 11 11 11 11 11 11 11 11 11 11 

10796
11 11 11 11 11 11 11 11 11 11 11 11 11 11 11 11 11 11 11 11 11 11 11 
11 0 0 11 0 0 0 0 0 0 0 0 0 0 0 11 0 0 0 0 0 0 11 
11 0 0 0 0 0 0 0 0 0 0 0 0 0 0 0 11 0 0 0 0 11 11 
11 0 0 11 0 0 0 0 0 0 0 0 0 0 0 0 11 0 0 11 0 0 11 
11 0 0 0 0 0 0 11 0 0 0 0 0 11 0 0 0 0 0 0 11 0 11 
11 0 0 0 0 0 0 11 0 0 15 0 0 0 0 0 0 0 0 0 11 0 11 
11 0 0 0 0 0 0 0 0 0 0 15 0 0 0 0 0 0 0 0 11 11 11 
11 0 0 0 11 11 0 11 11 0 0 0 0 0 14 0 0 11 0 0 0 0 11 
11 0 11 11 0 11 0 11 0 0 0 15 11 0 0 0 0 11 11 11 11 0 11 
11 0 0 11 0 0 0 0 0 0 0 0 11 11 11 0 0 0 0 11 11 0 11 
11 11 0 0 0 11 0 0 0 0 0 0 15 0 0 0 0 0 11 11 11 11 11 
11 0 0 0 11 0 0 0 11 0 0 0 0 0 0 0 11 0 0 11 0 11 11 
11 0 0 0 0 0 0 0 11 0 0 0 0 0 0 0 0 0 0 0 0 11 11 
11 0 11 0 0 11 0 11 0 0 0 0 0 0 0 0 0 0 0 0 0 0 11 
11 11 11 11 11 11 11 11 11 11 11 11 11 11 11 11 11 11 11 11 11 11 11 

10793
11 11 11 11 11 11 11 11 11 11 11 11 11 11 11 11 11 11 11 11 11 11 11 
11 0 0 11 0 0 0 0 0 0 0 0 0 0 0 11 0 0 0 0 0 0 11 
11 0 0 0 0 0 0 0 0 0 0 0 0 0 0 0 11 0 0 0 0 11 11 
11 0 0 11 0 0 0 0 0 0 0 0 0 0 0 0 11 0 0 11 0 0 11 
11 0 0 0 0 0 0 11 0 0 0 0 0 11 0 0 0 0 0 0 11 0 11 
11 0 0 0 0 0 0 11 0 0 0 0 15 0 0 0 0 11 0 0 11 0 11 
11 0 0 0 0 0 0 0 0 0 0 15 0 0 0 0 0 0 0 0 11 11 11 
11 0 0 0 11 11 0 11 11 0 15 15 0 0 13 0 0 11 0 0 0 0 11 
11 0 11 11 0 11 0 11 0 0 0 0 11 0 0 0 0 11 11 11 11 0 11 
11 0 0 11 0 0 0 12 0 0 0 0 11 11 11 0 0 0 0 11 11 0 11 
11 11 0 0 0 11 0 0 0 0 0 0 0 0 0 0 0 0 11 11 11 11 11 
11 0 0 0 11 0 0 0 11 0 0 0 0 0 0 0 11 0 0 11 0 11 11 
11 0 0 0 0 0 0 0 11 0 0 0 0 0 0 0 0 0 0 0 0 11 11 
11 0 11 0 0 11 0 11 0 0 0 0 0 0 0 0 0 0 0 0 0 0 11 
11 11 11 11 11 11 11 11 11 11 11 11 11 11 11 11 11 11 11 11 11 11 11 

10806
11 11 11 11 11 11 11 11 11 11 11 11 11 11 11 11 11 11 11 11 11 11 11 
11 0 0 11 0 0 0 11 0 0 0 0 0 0 0 11 0 0 0 0 0 0 11 
11 0 0 0 0 0 0 0 0 0 0 0 0 0 0 0 11 0 0 0 0 11 11 
11 0 0 11 0 0 0 0 0 0 0 0 0 11 0 0 11 0 0 11 0 0 11 
11 0 0 0 0 0 0 11 0 0 0 0 0 11 0 0 0 0 0 0 11 0 11 
11 0 0 0 0 0 0 11 0 0 0 15 15 0 12 0 0 0 0 0 11 0 11 
11 0 0 0 0 0 0 0 11 0 0 15 0 0 0 0 0 0 0 0 0 11 11 
11 0 0 0 11 11 0 11 11 0 0 15 0 0 0 0 0 11 0 0 0 0 11 
11 0 11 11 0 11 0 11 0 0 0 0 11 0 0 0 0 11 11 11 11 0 11 
11 0 0 11 0 0 0 0 0 0 15 0 11 11 11 0 0 0 0 11 11 0 11 
11 11 0 0 0 11 0 0 0 0 0 0 0 0 0 0 0 0 0 11 0 11 11 
11 0 0 0 11 0 0 0 11 0 0 0 0 0 0 0 11 0 0 11 0 11 11 
11 0 0 0 0 0 0 0 11 0 0 0 0 0 0 0 0 0 0 0 0 11 11 
11 0 11 0 0 11 0 11 0 0 0 0 0 0 0 0 0 0 0 0 0 0 11 
11 11 11 11 11 11 11 11 11 11 11 11 11 11 11 11 11 11 11 11 11 11 11 

10798
11 11 11 11 11 11 11 11 11 11 11 11 11 11 11 11 11 11 11 11 11 11 11 
11 0 0 11 0 0 0 11 0 0 0 0 0 0 0 11 0 0 0 0 0 0 11 
11 0 0 0 0 0 0 0 0 0 0 0 0 0 0 0 11 0 0 0 0 11 11 
11 0 0 11 0 0 0 0 0 0 0 0 0 11 0 0 11 0 0 11 0 0 11 
11 0 0 0 0 0 0 11 0 0 0 15 0 11 0 0 11 0 0 0 11 0 11 
11 0 0 0 0 0 0 11 0 0 15 15 0 0 0 11 0 0 0 0 11 0 11 
11 0 0 0 0 0 0 0 11 0 0 15 0 0 0 0 0 0 0 0 0 11 11 
11 0 0 0 11 11 0 11 11 0 0 0 0 13 0 0 0 11 0 0 0 0 11 
11 0 11 11 0 11 0 11 0 0 0 0 11 0 0 0 0 11 11 11 11 0 11 
11 0 0 11 0 0 0 0 0 0 0 0 11 11 11 0 0 0 0 11 11 0 11 
11 11 0 0 0 11 0 0 0 0 0 0 0 0 0 0 0 0 0 11 0 11 11 
11 0 0 0 11 0 0 0 11 0 0 0 0 0 0 0 11 0 0 11 0 11 11 
11 0 0 0 0 0 0 0 11 0 0 0 0 0 0 0 0 0 0 0 0 11 11 
11 0 11 0 0 11 0 11 0 0 0 0 0 0 0 0 0 0 0 0 0 0 11 
11 11 11 11 11 11 11 11 11 11 11 11 11 11 11 11 11 11 11 11 11 11 11 

10798
11 11 11 11 11 11 11 11 11 11 11 11 11 11 11 11 11 11 11 11 11 11 11 
11 0 0 11 0 0 0 11 0 0 0 0 0 0 0 11 0 0 0 0 0 0 11 
11 0 0 0 0 0 0 0 0 0 0 0 0 0 0 0 11 0 0 0 0 11 11 
11 0 0 11 0 0 0 0 0 0 0 0 0 11 0 0 11 0 0 11 0 0 11 
11 0 0 0 0 0 0 11 0 0 0 15 0 11 0 0 11 0 0 0 11 0 11 
11 0 0 0 0 0 0 11 0 0 15 15 0 0 0 11 0 0 0 0 11 0 11 
11 0 0 0 0 0 0 0 11 0 0 15 0 0 0 0 0 0 0 0 0 11 11 
11 0 0 0 11 11 0 11 11 0 0 0 0 13 0 0 0 11 0 0 0 0 11 
11 0 11 11 0 11 0 11 0 0 0 0 11 0 0 0 0 11 11 11 11 0 11 
11 0 0 11 0 0 0 0 0 0 0 0 11 11 11 0 0 0 0 11 11 0 11 
11 11 0 0 0 11 0 0 0 0 0 0 0 0 0 0 0 0 0 11 0 11 11 
11 0 0 0 11 0 0 0 11 0 0 0 0 0 0 0 11 0 0 11 0 11 11 
11 0 0 0 0 0 0 0 11 0 0 0 0 0 0 0 0 0 0 0 0 11 11 
11 0 11 0 0 11 0 11 0 0 0 0 0 0 0 0 0 0 0 0 0 0 11 
11 11 11 11 11 11 11 11 11 11 11 11 11 11 11 11 11 11 11 11 11 11 11 

10798
11 11 11 11 11 11 11 11 11 11 11 11 11 11 11 11 11 11 11 11 11 11 11 
11 0 0 11 0 0 0 11 0 0 0 0 0 0 0 11 0 0 0 0 0 0 11 
11 0 0 0 0 0 0 0 0 0 0 0 0 0 0 0 11 0 0 0 0 11 11 
11 0 0 11 0 0 0 0 0 0 0 0 0 11 0 0 11 0 0 11 0 0 11 
11 0 0 0 0 0 0 11 0 0 0 15 0 11 0 0 11 0 0 0 11 0 11 
11 0 0 0 0 0 0 11 0 0 15 15 0 0 0 11 0 0 0 0 11 0 11 
11 0 0 0 0 0 0 0 11 0 0 15 0 0 0 0 0 0 0 0 0 11 11 
11 0 0 0 11 11 0 11 11 0 0 0 0 13 0 0 0 11 0 0 0 0 11 
11 0 11 11 0 11 0 11 0 0 0 0 11 0 0 0 0 11 11 11 11 0 11 
11 0 0 11 0 0 0 0 0 0 0 0 11 11 11 0 0 0 0 11 11 0 11 
11 11 0 0 0 11 0 0 0 0 0 0 0 0 0 0 0 0 0 11 0 11 11 
11 0 0 0 11 0 0 0 11 0 0 0 0 0 0 0 11 0 0 11 0 11 11 
11 0 0 0 0 0 0 0 11 0 0 0 0 0 0 0 0 0 0 0 0 11 11 
11 0 11 0 0 11 0 11 0 0 0 0 0 0 0 0 0 0 0 0 0 0 11 
11 11 11 11 11 11 11 11 11 11 11 11 11 11 11 11 11 11 11 11 11 11 11 

10796
11 11 11 11 11 11 11 11 11 11 11 11 11 11 11 11 11 11 11 11 11 11 11 
11 0 0 11 0 0 0 11 0 0 0 0 0 0 0 11 0 0 0 0 0 0 11 
11 0 0 0 0 0 0 0 0 0 0 0 0 0 0 0 11 0 0 0 0 11 11 
11 0 0 11 0 0 0 0 0 0 0 0 0 11 0 0 11 0 0 11 0 0 11 
11 0 0 0 0 0 0 11 0 0 0 0 0 11 0 0 0 0 0 0 11 0 11 
11 0 0 0 0 0 0 11 0 0 0 0 0 0 0 0 0 0 0 0 11 0 11 
11 0 0 0 0 0 0 0 11 0 0 15 0 0 0 0 0 11 0 0 0 11 11 
11 0 0 0 11 11 0 11 11 0 15 15 0 13 0 0 0 11 0 0 0 0 11 
11 0 11 11 0 11 0 11 0 0 0 15 11 0 0 0 0 11 11 11 11 0 11 
11 0 0 11 0 0 0 0 0 0 0 0 11 11 11 0 0 0 0 11 11 0 11 
11 11 0 0 0 11 0 0 0 0 0 0 0 0 0 0 0 0 0 11 0 11 11 
11 0 0 0 11 0 0 0 11 0 0 0 0 0 0 0 11 0 0 11 0 11 11 
11 0 0 0 0 0 0 0 11 0 0 0 0 0 0 0 0 0 0 0 0 11 11 
11 0 11 0 0 11 0 11 0 0 0 0 0 0 0 0 0 0 0 0 0 0 11 
11 11 11 11 11 11 11 11 11 11 11 11 11 11 11 11 11 11 11 11 11 11 11 

10809
11 11 11 11 11 11 11 11 11 11 11 11 11 11 11 11 11 11 11 11 11 11 11 
11 0 0 11 0 0 0 11 0 0 0 0 0 0 0 11 0 0 0 0 0 0 11 
11 0 0 0 0 0 0 0 0 0 0 0 0 0 0 0 11 0 0 0 0 11 11 
11 0 0 11 0 0 0 0 0 0 0 0 0 0 0 0 11 0 0 11 0 0 11 
11 11 0 0 0 0 0 11 0 0 0 15 0 11 0 0 0 0 0 0 11 0 11 
11 0 0 0 0 0 0 11 0 0 15 0 15 0 0 11 0 0 0 0 11 0 11 
11 0 0 0 0 0 0 0 11 0 0 15 0 0 0 11 0 0 0 0 0 11 11 
11 0 0 0 11 11 0 11 0 0 0 0 0 0 0 0 0 11 0 0 0 0 11 
11 0 11 11 0 11 0 11 0 0 0 0 11 0 0 0 0 11 11 11 11 0 11 
11 0 0 11 0 0 0 0 0 0 0 15 11 11 11 0 0 0 0 11 11 0 11 
11 11 0 0 0 11 0 0 0 0 0 0 0 0 0 0 0 0 11 11 0 11 11 
11 0 0 0 11 0 0 0 11 0 0 0 0 0 0 0 11 0 0 11 0 11 11 
11 0 0 0 0 0 0 0 11 0 0 0 0 0 0 0 0 0 0 0 0 11 11 
11 0 11 0 0 11 0 11 0 0 0 0 0 0 0 0 0 0 0 0 0 0 11 
11 11 11 11 11 11 11 11 11 11 11 11 11 11 11 11 11 11 11 11 11 11 11 

10790
11 11 11 11 11 11 11 11 11 11 11 11 11 11 11 11 11 11 11 11 11 11 11 
11 0 0 11 0 0 0 11 0 0 0 0 0 0 0 11 0 0 0 0 0 0 11 
11 0 0 0 0 0 0 0 0 0 0 0 0 0 0 0 11 0 0 0 0 11 11 
11 0 0 11 0 0 0 0 0 0 0 0 0 0 0 0 11 0 0 11 0 0 11 
11 11 0 0 0 0 0 11 0 0 0 0 0 11 0 0 0 0 0 0 11 0 11 
11 0 0 0 0 0 0 11 0 0 0 15 15 0 0 0 0 0 0 0 11 0 11 
11 0 0 0 0 0 0 0 11 0 14 15 0 0 0 0 0 0 0 0 0 11 11 
11 0 0 0 11 11 0 11 0 0 0 0 0 14 0 0 0 11 0 0 0 0 11 
11 0 11 11 0 11 0 11 0 0 0 15 11 0 0 0 0 11 11 11 11 0 11 
11 0 0 11 0 0 0 0 0 0 0 0 11 11 11 0 0 0 0 11 11 0 11 
11 11 0 0 0 11 0 0 0 0 0 0 0 0 0 0 0 0 11 11 0 11 11 
11 0 0 0 11 0 0 0 11 0 0 0 0 0 0 0 11 0 0 11 0 11 11 
11 0 0 0 0 0 0 0 11 0 0 0 0 0 0 0 0 0 0 0 0 11 11 
11 0 11 0 0 11 0 11 0 0 0 0 0 0 0 0 0 0 0 0 0 0 11 
11 11 11 11 11 11 11 11 11 11 11 11 11 11 11 11 11 11 11 11 11 11 11 

10790
11 11 11 11 11 11 11 11 11 11 11 11 11 11 11 11 11 11 11 11 11 11 11 
11 0 0 11 0 0 0 11 0 0 0 0 0 0 0 11 0 0 0 0 0 0 11 
11 0 0 0 0 0 0 0 0 0 0 0 0 0 0 0 11 0 0 0 0 11 11 
11 0 0 11 0 0 0 0 0 0 0 0 0 0 0 0 11 0 0 11 0 0 11 
11 11 0 0 0 0 0 11 0 0 0 0 0 11 0 0 0 0 0 0 11 0 11 
11 0 0 0 0 0 0 11 0 0 0 15 15 0 0 0 0 0 0 0 11 0 11 
11 0 0 0 0 0 0 0 11 0 14 15 0 0 0 0 0 0 0 0 0 11 11 
11 0 0 0 11 11 0 11 0 0 0 0 0 14 0 0 0 11 0 0 0 0 11 
11 0 11 11 0 11 0 11 0 0 0 15 11 0 0 0 0 11 11 11 11 0 11 
11 0 0 11 0 0 0 0 0 0 0 0 11 11 11 0 0 0 0 11 11 0 11 
11 11 0 0 0 11 0 0 0 0 0 0 0 0 0 0 0 0 11 11 0 11 11 
11 0 0 0 11 0 0 0 11 0 0 0 0 0 0 0 11 0 0 11 0 11 11 
11 0 0 0 0 0 0 0 11 0 0 0 0 0 0 0 0 0 0 0 0 11 11 
11 0 11 0 0 11 0 11 0 0 0 0 0 0 0 0 0 0 0 0 0 0 11 
11 11 11 11 11 11 11 11 11 11 11 11 11 11 11 11 11 11 11 11 11 11 11 

10790
11 11 11 11 11 11 11 11 11 11 11 11 11 11 11 11 11 11 11 11 11 11 11 
11 0 0 11 0 0 0 11 0 0 0 0 0 0 0 11 0 0 0 0 0 0 11 
11 0 0 0 0 0 0 0 0 0 0 0 0 0 0 0 11 0 0 0 0 11 11 
11 0 0 11 0 0 0 0 0 0 0 0 0 0 0 0 11 0 0 11 0 0 11 
11 11 0 0 0 0 0 11 0 0 0 0 0 11 0 0 0 0 0 0 11 0 11 
11 0 0 0 0 0 0 11 0 0 0 15 15 0 0 0 0 0 0 0 11 0 11 
11 0 0 0 0 0 0 0 11 0 14 15 0 0 0 0 0 0 0 0 0 11 11 
11 0 0 0 11 11 0 11 0 0 0 0 0 14 0 0 0 11 0 0 0 0 11 
11 0 11 11 0 11 0 11 0 0 0 15 11 0 0 0 0 11 11 11 11 0 11 
11 0 0 11 0 0 0 0 0 0 0 0 11 11 11 0 0 0 0 11 11 0 11 
11 11 0 0 0 11 0 0 0 0 0 0 0 0 0 0 0 0 11 11 0 11 11 
11 0 0 0 11 0 0 0 11 0 0 0 0 0 0 0 11 0 0 11 0 11 11 
11 0 0 0 0 0 0 0 11 0 0 0 0 0 0 0 0 0 0 0 0 11 11 
11 0 11 0 0 11 0 11 0 0 0 0 0 0 0 0 0 0 0 0 0 0 11 
11 11 11 11 11 11 11 11 11 11 11 11 11 11 11 11 11 11 11 11 11 11 11 

10773
11 11 11 11 11 11 11 11 11 11 11 11 11 11 11 11 11 11 11 11 11 11 11 
11 0 0 11 0 0 0 11 0 0 0 0 0 0 0 11 0 0 0 0 0 0 11 
11 0 0 0 0 0 0 0 0 0 0 0 0 0 0 0 11 0 0 0 0 11 11 
11 0 0 11 0 0 0 0 0 0 0 0 0 0 0 0 11 0 0 11 0 0 11 
11 11 0 0 0 0 0 11 0 0 0 15 0 11 0 0 0 0 0 0 11 0 11 
11 0 0 0 0 0 0 11 0 0 15 15 0 0 0 0 0 0 0 0 11 0 11 
11 0 0 0 0 0 0 0 11 13 0 0 0 0 0 0 0 0 0 0 0 11 11 
11 0 0 0 11 11 0 11 0 0 0 15 0 0 0 0 0 11 0 0 0 0 11 
11 0 11 11 0 11 0 11 0 0 0 0 11 0 0 0 0 11 11 11 11 0 11 
11 0 0 11 0 0 0 0 0 0 0 0 11 11 11 12 0 0 0 11 11 0 11 
11 11 0 0 0 11 0 0 0 0 0 0 0 11 0 0 0 0 11 11 0 11 11 
11 0 0 0 11 0 0 0 11 0 0 0 0 0 0 0 11 0 0 11 0 11 11 
11 0 0 0 0 0 0 0 11 0 0 0 0 0 0 0 0 0 0 0 0 11 11 
11 0 11 0 0 11 0 11 0 0 0 0 0 0 0 0 0 0 0 0 0 0 11 
11 11 11 11 11 11 11 11 11 11 11 11 11 11 11 11 11 11 11 11 11 11 11 

10803
11 11 11 11 11 11 11 11 11 11 11 11 11 11 11 11 11 11 11 11 11 11 11 
11 0 0 11 0 0 0 0 0 0 0 0 0 0 0 11 0 0 0 0 0 0 11 
11 0 0 0 0 0 0 0 0 0 0 0 0 0 0 0 11 0 0 0 0 11 11 
11 0 0 11 0 0 0 0 0 0 0 0 0 11 0 0 11 0 0 11 0 0 11 
11 0 0 0 0 0 0 11 0 0 0 0 0 0 0 0 0 0 0 0 11 0 11 
11 0 0 0 0 0 0 11 0 0 15 0 0 0 0 0 0 0 0 0 11 0 11 
11 0 0 0 0 0 0 0 11 0 0 15 14 0 0 0 0 0 0 0 0 11 11 
11 0 0 0 11 11 0 11 11 0 0 15 0 0 0 0 0 11 0 0 0 0 11 
11 0 11 11 0 11 0 11 0 0 0 15 11 0 0 0 0 11 11 11 11 0 11 
11 0 0 11 0 0 0 0 0 0 0 0 11 11 11 0 0 0 0 11 11 0 11 
11 11 0 0 0 11 0 0 0 0 0 0 0 0 0 0 0 0 11 11 0 11 11 
11 0 0 0 11 0 0 0 11 0 0 0 0 0 0 0 11 0 0 11 0 11 11 
11 0 0 0 0 0 0 0 11 0 0 0 0 0 0 0 0 0 11 0 0 11 11 
11 0 11 0 0 11 0 11 0 0 0 0 0 0 0 0 0 0 0 0 0 0 11 
11 11 11 11 11 11 11 11 11 11 11 11 11 11 11 11 11 11 11 11 11 11 11 

10803
11 11 11 11 11 11 11 11 11 11 11 11 11 11 11 11 11 11 11 11 11 11 11 
11 0 0 11 0 0 0 0 0 0 0 0 0 0 0 11 0 0 0 0 0 0 11 
11 0 0 0 0 0 0 0 0 0 0 0 0 0 0 0 11 0 0 0 0 11 11 
11 0 0 11 0 0 0 0 0 0 0 0 0 11 0 0 11 0 0 11 0 0 11 
11 0 0 0 0 0 0 11 0 0 0 0 0 0 0 0 0 0 0 0 11 0 11 
11 0 0 0 0 0 0 11 0 0 15 15 0 0 0 0 0 0 0 0 11 0 11 
11 0 0 0 0 0 0 0 11 0 0 15 0 0 0 0 0 0 0 0 0 11 11 
11 0 0 0 11 11 0 11 11 0 0 15 14 0 0 0 0 11 0 0 0 0 11 
11 0 11 11 0 11 0 11 0 0 0 0 11 0 0 0 0 11 11 11 11 0 11 
11 0 0 11 0 0 0 0 0 0 0 0 11 11 11 0 0 0 0 11 11 0 11 
11 11 0 0 0 11 0 0 0 0 0 0 0 0 0 0 0 0 11 11 0 11 11 
11 0 0 0 11 0 0 0 11 0 0 0 0 0 0 0 11 0 0 11 0 11 11 
11 0 0 0 0 0 0 0 11 0 0 0 0 0 0 0 0 0 11 0 0 11 11 
11 0 11 0 0 11 0 11 0 0 0 0 0 0 0 0 0 0 0 0 0 0 11 
11 11 11 11 11 11 11 11 11 11 11 11 11 11 11 11 11 11 11 11 11 11 11 

10801
11 11 11 11 11 11 11 11 11 11 11 11 11 11 11 11 11 11 11 11 11 11 11 
11 0 0 11 0 0 0 0 0 0 0 0 0 0 0 11 0 0 0 0 0 0 11 
11 0 0 0 0 0 0 0 0 0 0 0 0 0 0 0 11 0 0 0 0 11 11 
11 0 0 11 0 0 0 0 0 0 0 0 0 11 0 0 11 0 0 11 0 0 11 
11 0 0 0 0 0 0 11 0 0 0 15 0 0 0 0 0 0 0 0 11 0 11 
11 0 0 0 0 0 0 11 0 0 0 0 0 0 0 0 0 0 0 0 11 0 11 
11 0 0 0 0 0 0 0 11 0 15 15 14 0 0 0 0 0 0 0 0 11 11 
11 0 0 0 11 11 0 11 11 0 0 15 0 0 0 0 0 11 0 0 0 0 11 
11 0 11 11 0 11 0 11 0 0 0 0 11 0 0 0 0 11 11 11 11 0 11 
11 0 0 11 0 0 0 0 0 0 0 0 11 11 11 0 0 0 0 11 11 0 11 
11 11 0 0 0 11 0 0 0 0 0 0 0 0 0 0 0 0 11 11 0 11 11 
11 0 0 0 11 0 0 0 11 0 0 0 0 0 0 0 11 0 0 11 0 11 11 
11 0 0 0 0 0 0 0 11 0 0 0 0 0 0 0 0 0 11 0 0 11 11 
11 0 11 0 0 11 0 11 0 0 0 0 0 0 0 0 0 0 0 0 0 0 11 
11 11 11 11 11 11 11 11 11 11 11 11 11 11 11 11 11 11 11 11 11 11 11 

10801
11 11 11 11 11 11 11 11 11 11 11 11 11 11 11 11 11 11 11 11 11 11 11 
11 0 0 11 0 0 0 0 0 0 0 0 0 0 0 11 0 0 0 0 0 0 11 
11 0 0 0 0 0 0 0 0 0 0 0 0 0 0 0 11 0 0 0 0 11 11 
11 0 0 11 0 0 0 0 0 0 0 0 0 11 0 0 11 0 0 11 0 0 11 
11 0 0 0 0 0 0 11 0 0 0 15 0 0 0 0 0 0 0 0 11 0 11 
11 0 0 0 0 0 0 11 0 0 0 0 0 0 0 0 0 0 0 0 11 0 11 
11 0 0 0 0 0 0 0 11 0 15 15 14 0 0 0 0 0 0 0 0 11 11 
11 0 0 0 11 11 0 11 11 0 0 15 0 0 0 0 0 11 0 0 0 0 11 
11 0 11 11 0 11 0 11 0 0 0 0 11 0 0 0 0 11 11 11 11 0 11 
11 0 0 11 0 0 0 0 0 0 0 0 11 11 11 0 0 0 0 11 11 0 11 
11 11 0 0 0 11 0 0 0 0 0 0 0 0 0 0 0 0 11 11 0 11 11 
11 0 0 0 11 0 0 0 11 0 0 0 0 0 0 0 11 0 0 11 0 11 11 
11 0 0 0 0 0 0 0 11 0 0 0 0 0 0 0 0 0 11 0 0 11 11 
11 0 11 0 0 11 0 11 0 0 0 0 0 0 0 0 0 0 0 0 0 0 11 
11 11 11 11 11 11 11 11 11 11 11 11 11 11 11 11 11 11 11 11 11 11 11 

10801
11 11 11 11 11 11 11 11 11 11 11 11 11 11 11 11 11 11 11 11 11 11 11 
11 0 0 11 0 0 0 0 0 0 0 0 0 0 0 11 0 0 0 0 0 0 11 
11 0 0 0 0 0 0 0 0 0 0 0 0 0 0 0 11 0 0 0 0 11 11 
11 0 0 11 0 0 0 0 0 0 0 0 0 11 0 0 11 0 0 11 0 0 11 
11 0 0 0 0 0 0 11 0 0 0 15 0 0 0 0 0 0 0 0 11 0 11 
11 0 0 0 0 0 0 11 0 0 0 0 0 0 0 0 0 0 0 0 11 0 11 
11 0 0 0 0 0 0 0 11 0 15 15 14 0 0 0 0 0 0 0 0 11 11 
11 0 0 0 11 11 0 11 11 0 0 15 0 0 0 0 0 11 0 0 0 0 11 
11 0 11 11 0 11 0 11 0 0 0 0 11 0 0 0 0 11 11 11 11 0 11 
11 0 0 11 0 0 0 0 0 0 0 0 11 11 11 0 0 0 0 11 11 0 11 
11 11 0 0 0 11 0 0 0 0 0 0 0 0 0 0 0 0 11 11 0 11 11 
11 0 0 0 11 0 0 0 11 0 0 0 0 0 0 0 11 0 0 11 0 11 11 
11 0 0 0 0 0 0 0 11 0 0 0 0 0 0 0 0 0 11 0 0 11 11 
11 0 11 0 0 11 0 11 0 0 0 0 0 0 0 0 0 0 0 0 0 0 11 
11 11 11 11 11 11 11 11 11 11 11 11 11 11 11 11 11 11 11 11 11 11 11 

10808
11 11 11 11 11 11 11 11 11 11 11 11 11 11 11 11 11 11 11 11 11 11 11 
11 0 0 11 0 0 0 11 0 0 0 0 0 0 0 11 0 0 0 0 0 0 11 
11 0 0 0 0 0 0 0 0 0 0 0 0 0 0 0 11 0 0 0 0 11 11 
11 11 0 11 0 0 0 0 0 0 0 0 0 0 0 0 11 0 0 11 0 0 11 
11 0 0 0 0 0 0 11 0 0 0 15 0 0 0 0 0 0 0 0 11 0 11 
11 0 0 0 0 0 0 11 0 0 15 0 0 0 0 0 0 0 0 0 11 0 11 
11 0 0 0 0 0 0 0 0 0 0 15 0 0 0 0 0 0 0 0 0 11 11 
11 0 0 0 11 11 0 11 0 0 15 0 0 0 0 11 0 11 0 0 0 0 11 
11 0 11 11 0 11 0 11 0 0 0 0 11 0 0 0 0 11 11 11 11 0 11 
11 0 0 11 0 0 0 0 0 0 0 0 11 11 11 0 0 0 0 11 11 0 11 
11 11 0 0 0 11 0 0 0 0 0 0 15 0 0 0 0 0 11 11 11 11 11 
11 0 0 0 11 0 0 0 11 0 0 0 0 0 0 0 11 0 0 11 0 11 11 
11 0 0 0 0 0 0 0 11 0 0 0 0 0 0 0 0 0 11 0 0 11 11 
11 0 11 0 0 11 0 11 0 0 0 0 0 0 0 0 0 0 0 0 0 0 11 
11 11 11 11 11 11 11 11 11 11 11 11 11 11 11 11 11 11 11 11 11 11 11 

10808
11 11 11 11 11 11 11 11 11 11 11 11 11 11 11 11 11 11 11 11 11 11 11 
11 0 0 11 0 0 0 11 0 0 0 0 0 0 0 11 0 0 0 0 0 0 11 
11 0 0 0 0 0 0 0 0 0 0 0 0 0 0 0 11 0 0 0 0 11 11 
11 11 0 11 0 0 0 0 0 0 0 0 0 0 0 0 11 0 0 11 0 0 11 
11 0 0 0 0 0 0 11 0 0 0 15 0 0 0 0 0 0 0 0 11 0 11 
11 0 0 0 0 0 0 11 0 0 15 0 0 0 0 0 0 0 0 0 11 0 11 
11 0 0 0 0 0 0 0 0 0 0 15 0 0 0 0 0 0 0 0 0 11 11 
11 0 0 0 11 11 0 11 0 0 15 0 0 0 0 11 0 11 0 0 0 0 11 
11 0 11 11 0 11 0 11 0 0 0 0 11 0 0 0 0 11 11 11 11 0 11 
11 0 0 11 0 0 0 0 0 0 0 0 11 11 11 0 0 0 0 11 11 0 11 
11 11 0 0 0 11 0 0 0 0 0 0 15 0 0 0 0 0 11 11 11 11 11 
11 0 0 0 11 0 0 0 11 0 0 0 0 0 0 0 11 0 0 11 0 11 11 
11 0 0 0 0 0 0 0 11 0 0 0 0 0 0 0 0 0 11 0 0 11 11 
11 0 11 0 0 11 0 11 0 0 0 0 0 0 0 0 0 0 0 0 0 0 11 
11 11 11 11 11 11 11 11 11 11 11 11 11 11 11 11 11 11 11 11 11 11 11 

10808
11 11 11 11 11 11 11 11 11 11 11 11 11 11 11 11 11 11 11 11 11 11 11 
11 0 0 11 0 0 0 11 0 0 0 0 0 0 0 11 0 0 0 0 0 0 11 
11 0 0 0 0 0 0 0 0 0 0 0 0 0 0 0 11 0 0 0 0 11 11 
11 11 0 11 0 0 0 0 0 0 0 0 0 0 0 0 11 0 0 11 0 0 11 
11 0 0 0 0 0 0 11 0 0 0 15 0 0 0 0 0 0 0 0 11 0 11 
11 0 0 0 0 0 0 11 0 0 15 0 0 0 0 0 0 0 0 0 11 0 11 
11 0 0 0 0 0 0 0 0 0 0 15 0 0 0 0 0 0 0 0 0 11 11 
11 0 0 0 11 11 0 11 0 0 15 0 0 0 0 11 0 11 0 0 0 0 11 
11 0 11 11 0 11 0 11 0 0 0 0 11 0 0 0 0 11 11 11 11 0 11 
11 0 0 11 0 0 0 0 0 0 0 0 11 11 11 0 0 0 0 11 11 0 11 
11 11 0 0 0 11 0 0 0 0 0 0 15 0 0 0 0 0 11 11 11 11 11 
11 0 0 0 11 0 0 0 11 0 0 0 0 0 0 0 11 0 0 11 0 11 11 
11 0 0 0 0 0 0 0 11 0 0 0 0 0 0 0 0 0 11 0 0 11 11 
11 0 11 0 0 11 0 11 0 0 0 0 0 0 0 0 0 0 0 0 0 0 11 
11 11 11 11 11 11 11 11 11 11 11 11 11 11 11 11 11 11 11 11 11 11 11 

10801
11 11 11 11 11 11 11 11 11 11 11 11 11 11 11 11 11 11 11 11 11 11 11 
11 0 0 11 0 0 0 11 0 0 0 0 0 0 0 11 0 0 0 0 0 0 11 
11 0 0 0 0 0 0 0 0 0 0 0 0 0 0 0 11 0 0 0 0 11 11 
11 11 0 11 0 0 0 0 0 0 0 0 0 0 0 0 11 0 0 11 0 0 11 
11 0 0 0 0 0 0 11 0 0 0 15 0 0 0 0 0 0 0 0 11 0 11 
11 0 0 0 0 0 0 11 0 0 0 0 0 0 0 0 0 0 0 0 11 0 11 
11 0 0 0 0 0 0 0 0 0 15 15 14 0 0 0 0 0 0 0 0 11 11 
11 0 0 0 11 11 0 11 0 0 0 15 0 0 0 0 0 11 0 0 0 0 11 
11 0 11 11 0 11 0 11 0 0 0 0 11 0 0 0 0 11 11 11 11 0 11 
11 0 0 11 0 0 0 0 0 0 0 0 11 11 11 0 0 0 0 11 11 0 11 
11 11 0 0 0 11 0 0 0 0 0 0 0 0 0 0 0 0 11 11 11 11 11 
11 0 0 0 11 0 0 0 11 0 0 0 0 0 0 0 11 0 0 11 0 11 11 
11 0 0 0 0 0 0 0 11 0 0 0 0 0 0 0 0 0 11 0 0 11 11 
11 0 11 0 0 11 0 11 0 0 0 0 0 0 0 0 0 0 0 0 0 0 11 
11 11 11 11 11 11 11 11 11 11 11 11 11 11 11 11 11 11 11 11 11 11 11 

10775
11 11 11 11 11 11 11 11 11 11 11 11 11 11 11 11 11 11 11 11 11 11 11 
11 0 0 11 0 0 0 11 0 0 0 0 0 0 0 11 0 0 0 0 0 0 11 
11 0 0 0 0 0 0 0 0 0 0 0 0 0 0 0 11 0 0 0 0 11 11 
11 11 0 11 0 0 0 0 0 0 0 0 0 0 0 0 11 0 0 11 0 0 11 
11 0 0 0 0 0 0 11 0 0 0 0 0 0 0 0 0 0 0 0 11 0 11 
11 0 0 0 0 0 0 11 0 0 0 0 14 15 0 0 0 0 0 0 11 0 11 
11 0 0 0 0 0 0 0 0 0 0 15 0 0 0 0 0 0 0 0 0 11 11 
11 0 0 0 11 11 0 11 0 0 0 0 0 0 0 0 0 11 0 0 0 0 11 
11 0 11 11 0 11 0 11 0 0 14 15 11 15 0 0 0 11 11 11 11 0 11 
11 0 0 11 0 0 0 0 0 0 0 0 11 11 11 0 0 0 11 11 11 0 11 
11 11 0 0 0 11 0 0 0 0 0 0 0 0 0 0 11 0 11 11 11 11 11 
11 0 0 0 11 0 0 0 11 0 0 0 0 0 0 0 11 0 0 11 0 11 11 
11 0 0 0 0 0 0 0 11 0 0 0 0 0 0 0 0 0 11 0 0 11 11 
11 0 11 0 0 11 0 11 0 0 0 0 0 0 0 0 0 0 0 0 0 0 11 
11 11 11 11 11 11 11 11 11 11 11 11 11 11 11 11 11 11 11 11 11 11 11 

10813
11 11 11 11 11 11 11 11 11 11 11 11 11 11 11 11 11 11 11 11 11 11 11 
11 0 0 11 0 0 0 0 0 0 0 0 0 0 0 11 0 0 0 0 0 0 11 
11 0 0 0 0 0 0 0 0 0 0 0 0 0 0 0 11 0 0 0 0 11 11 
11 11 0 11 0 0 0 0 0 0 0 0 0 11 0 0 11 0 0 11 0 0 11 
11 0 0 0 0 0 0 11 0 0 0 0 0 11 0 0 0 0 0 0 11 0 11 
11 0 0 0 0 0 0 11 0 0 0 0 15 0 0 0 0 11 0 0 11 0 11 
11 0 0 0 0 0 0 0 0 0 0 15 0 0 0 0 0 0 0 0 0 11 11 
11 0 0 0 11 11 0 11 11 0 0 15 0 0 0 0 11 11 0 0 0 0 11 
11 0 11 11 0 11 0 11 0 0 0 0 11 0 0 0 0 11 11 11 11 0 11 
11 0 0 11 0 0 0 0 0 0 15 0 11 11 11 0 0 0 0 11 11 0 11 
11 11 0 0 0 11 0 0 0 0 0 0 15 0 0 0 0 0 11 11 0 11 11 
11 0 0 0 11 0 0 0 11 0 0 0 0 0 0 0 11 0 0 11 0 11 11 
11 0 0 0 0 0 0 0 11 0 0 0 0 0 0 0 0 0 0 0 0 11 11 
11 0 11 0 0 11 0 11 0 0 0 0 0 0 0 0 0 0 0 0 0 0 11 
11 11 11 11 11 11 11 11 11 11 11 11 11 11 11 11 11 11 11 11 11 11 11 

10807
11 11 11 11 11 11 11 11 11 11 11 11 11 11 11 11 11 11 11 11 11 11 11 
11 0 0 11 0 0 0 0 0 0 0 0 0 0 0 11 0 0 0 0 0 0 11 
11 0 0 0 0 0 0 0 0 0 0 0 0 0 0 0 11 0 0 0 0 11 11 
11 11 0 11 0 0 0 0 0 0 0 0 0 11 0 0 11 0 0 11 0 0 11 
11 0 0 0 0 0 0 11 0 0 0 15 0 11 0 0 0 0 0 0 11 0 11 
11 0 0 0 0 0 0 11 0 0 15 0 15 0 0 0 0 0 0 0 11 0 11 
11 0 0 0 0 0 0 0 0 0 0 15 0 0 0 0 0 0 0 0 0 11 11 
11 0 0 0 11 11 0 11 11 0 0 0 0 0 0 0 0 11 0 0 0 0 11 
11 0 11 11 0 11 0 11 0 0 0 15 11 0 0 0 0 11 11 11 11 0 11 
11 0 0 11 0 0 0 0 0 0 0 0 11 11 11 11 0 0 0 11 11 0 11 
11 11 0 0 0 11 0 0 0 0 0 0 0 0 0 0 0 0 11 11 0 11 11 
11 0 0 0 11 0 0 0 11 0 0 0 0 0 0 0 11 0 0 11 0 11 11 
11 0 0 0 0 0 0 0 11 0 0 0 0 0 0 0 0 0 0 0 0 11 11 
11 0 11 0 0 11 0 11 0 0 0 0 0 0 0 0 0 0 0 0 0 0 11 
11 11 11 11 11 11 11 11 11 11 11 11 11 11 11 11 11 11 11 11 11 11 11 

10802
11 11 11 11 11 11 11 11 11 11 11 11 11 11 11 11 11 11 11 11 11 11 11 
11 0 0 11 0 0 0 0 0 0 0 0 0 0 0 11 0 0 0 0 0 0 11 
11 0 0 0 0 0 0 0 0 0 0 0 0 0 0 0 11 0 0 0 0 11 11 
11 11 0 11 0 0 0 0 0 0 0 0 0 11 0 0 11 0 0 11 0 0 11 
11 0 0 0 0 0 0 11 0 0 0 0 0 11 0 0 0 0 0 0 11 0 11 
11 0 0 0 0 0 0 11 0 0 0 0 0 0 0 0 0 0 0 0 11 0 11 
11 0 0 0 0 0 0 0 0 0 0 15 0 0 0 0 0 0 0 0 0 11 11 
11 0 0 0 11 11 0 11 11 0 15 15 13 0 0 0 0 11 0 11 0 0 11 
11 0 11 11 0 11 0 11 0 0 0 15 11 0 0 0 0 11 11 11 11 0 11 
11 0 0 11 0 0 0 0 0 0 0 0 11 11 11 0 0 0 11 11 11 0 11 
11 11 0 0 0 11 0 0 0 0 0 0 0 0 0 0 0 0 11 11 0 11 11 
11 0 0 0 11 0 0 0 11 0 0 0 0 0 0 0 11 0 0 11 0 11 11 
11 0 0 0 0 0 0 0 11 0 0 0 0 0 0 0 0 0 0 0 0 11 11 
11 0 11 0 0 11 0 11 0 0 0 0 0 0 0 0 0 0 0 0 0 0 11 
11 11 11 11 11 11 11 11 11 11 11 11 11 11 11 11 11 11 11 11 11 11 11 

10802
11 11 11 11 11 11 11 11 11 11 11 11 11 11 11 11 11 11 11 11 11 11 11 
11 0 0 11 0 0 0 0 0 0 0 0 0 0 0 11 0 0 0 0 0 0 11 
11 0 0 0 0 0 0 0 0 0 0 0 0 0 0 0 11 0 0 0 0 11 11 
11 11 0 11 0 0 0 0 0 0 0 0 0 11 0 0 11 0 0 11 0 0 11 
11 0 0 0 0 0 0 11 0 0 0 0 0 11 0 0 0 0 0 0 11 0 11 
11 0 0 0 0 0 0 11 0 0 0 0 0 0 0 0 0 0 0 0 11 0 11 
11 0 0 0 0 0 0 0 0 0 0 15 0 0 0 0 0 0 0 0 0 11 11 
11 0 0 0 11 11 0 11 11 0 15 15 13 0 0 0 0 11 0 11 0 0 11 
11 0 11 11 0 11 0 11 0 0 0 15 11 0 0 0 0 11 11 11 11 0 11 
11 0 0 11 0 0 0 0 0 0 0 0 11 11 11 0 0 0 11 11 11 0 11 
11 11 0 0 0 11 0 0 0 0 0 0 0 0 0 0 0 0 11 11 0 11 11 
11 0 0 0 11 0 0 0 11 0 0 0 0 0 0 0 11 0 0 11 0 11 11 
11 0 0 0 0 0 0 0 11 0 0 0 0 0 0 0 0 0 0 0 0 11 11 
11 0 11 0 0 11 0 11 0 0 0 0 0 0 0 0 0 0 0 0 0 0 11 
11 11 11 11 11 11 11 11 11 11 11 11 11 11 11 11 11 11 11 11 11 11 11 

10802
11 11 11 11 11 11 11 11 11 11 11 11 11 11 11 11 11 11 11 11 11 11 11 
11 0 0 11 0 0 0 0 0 0 0 0 0 0 0 11 0 0 0 0 0 0 11 
11 0 0 0 0 0 0 0 0 0 0 0 0 0 0 0 11 0 0 0 0 11 11 
11 11 0 11 0 0 0 0 0 0 0 0 0 11 0 0 11 0 0 11 0 0 11 
11 0 0 0 0 0 0 11 0 0 0 0 0 11 0 0 0 0 0 0 11 0 11 
11 0 0 0 0 0 0 11 0 0 0 0 0 0 0 0 0 0 0 0 11 0 11 
11 0 0 0 0 0 0 0 0 0 0 15 0 0 0 0 0 0 0 0 0 11 11 
11 0 0 0 11 11 0 11 11 0 15 15 13 0 0 0 0 11 0 11 0 0 11 
11 0 11 11 0 11 0 11 0 0 0 15 11 0 0 0 0 11 11 11 11 0 11 
11 0 0 11 0 0 0 0 0 0 0 0 11 11 11 0 0 0 11 11 11 0 11 
11 11 0 0 0 11 0 0 0 0 0 0 0 0 0 0 0 0 11 11 0 11 11 
11 0 0 0 11 0 0 0 11 0 0 0 0 0 0 0 11 0 0 11 0 11 11 
11 0 0 0 0 0 0 0 11 0 0 0 0 0 0 0 0 0 0 0 0 11 11 
11 0 11 0 0 11 0 11 0 0 0 0 0 0 0 0 0 0 0 0 0 0 11 
11 11 11 11 11 11 11 11 11 11 11 11 11 11 11 11 11 11 11 11 11 11 11 

