11234
11 11 11 11 11 11 11 11 11 11 11 11 11 11 11 11 11 11 11 11 11 11 11 11 11 
11 0 0 0 0 0 11 0 0 11 0 0 11 0 11 0 11 0 11 0 0 0 0 0 11 
11 0 0 0 11 0 0 0 0 0 11 0 0 0 11 0 0 0 11 11 0 0 0 0 11 
11 0 0 0 0 0 0 0 0 11 0 0 0 0 11 0 0 0 0 0 0 0 0 0 11 
11 0 0 11 0 0 0 0 0 0 0 0 0 11 0 0 0 0 0 0 0 0 0 0 11 
11 0 0 0 0 0 0 11 0 15 0 0 0 0 11 0 0 0 0 0 11 0 0 11 11 
11 0 0 11 0 0 0 15 11 0 0 0 0 0 11 11 0 0 0 0 0 0 0 0 11 
11 0 0 0 0 0 0 0 11 0 0 0 0 0 0 0 0 0 15 0 0 0 0 11 11 
11 0 0 0 0 11 11 11 0 0 0 0 0 0 0 0 0 0 0 11 11 0 0 0 11 
11 0 0 11 0 0 0 0 0 0 0 0 11 11 0 0 0 11 0 11 0 0 0 0 11 
11 11 11 0 11 0 0 11 0 0 0 11 11 15 15 11 0 0 0 11 0 0 11 0 11 
11 0 11 0 0 0 0 0 0 0 0 0 0 0 11 0 0 11 0 0 0 0 0 0 11 
11 0 0 0 0 0 0 0 0 0 0 0 0 0 0 11 0 0 11 0 0 11 0 0 11 
11 0 11 0 0 0 0 11 11 0 0 0 0 11 0 0 11 0 0 0 0 0 0 0 11 
11 11 11 11 11 11 11 11 11 11 11 11 11 11 11 11 11 11 11 11 11 11 11 11 11 

11234
11 11 11 11 11 11 11 11 11 11 11 11 11 11 11 11 11 11 11 11 11 11 11 11 11 
11 0 0 0 0 0 11 0 0 11 0 0 11 0 11 0 11 0 11 0 0 0 0 0 11 
11 0 0 0 11 0 0 0 0 0 11 0 0 0 11 0 0 0 11 11 0 0 0 0 11 
11 0 0 0 0 0 0 0 0 11 0 0 0 0 11 0 0 0 0 0 0 0 0 0 11 
11 0 0 11 0 0 0 0 0 0 0 0 0 11 0 0 0 0 0 0 0 0 0 0 11 
11 0 0 0 0 0 0 11 0 15 0 0 0 0 11 0 0 0 0 0 11 0 0 11 11 
11 0 0 11 0 0 0 15 11 0 0 0 0 0 11 11 0 0 0 0 0 0 0 0 11 
11 0 0 0 0 0 0 0 11 0 0 0 0 0 0 0 0 0 15 0 0 0 0 11 11 
11 0 0 0 0 11 11 11 0 0 0 0 0 0 0 0 0 0 0 11 11 0 0 0 11 
11 0 0 11 0 0 0 0 0 0 0 0 11 11 0 0 0 11 0 11 0 0 0 0 11 
11 11 11 0 11 0 0 11 0 0 0 11 11 15 15 11 0 0 0 11 0 0 11 0 11 
11 0 11 0 0 0 0 0 0 0 0 0 0 0 11 0 0 11 0 0 0 0 0 0 11 
11 0 0 0 0 0 0 0 0 0 0 0 0 0 0 11 0 0 11 0 0 11 0 0 11 
11 0 11 0 0 0 0 11 11 0 0 0 0 11 0 0 11 0 0 0 0 0 0 0 11 
11 11 11 11 11 11 11 11 11 11 11 11 11 11 11 11 11 11 11 11 11 11 11 11 11 

11234
11 11 11 11 11 11 11 11 11 11 11 11 11 11 11 11 11 11 11 11 11 11 11 11 11 
11 0 0 0 0 0 11 0 0 11 0 0 11 0 11 0 11 0 11 0 0 0 0 0 11 
11 0 0 0 11 0 0 0 0 0 11 0 0 0 11 0 0 0 11 11 0 0 0 0 11 
11 0 0 0 0 0 0 0 0 11 0 0 0 0 11 0 0 0 0 0 0 0 0 0 11 
11 0 0 11 0 0 0 0 0 0 0 0 0 11 0 0 0 0 0 0 0 0 0 0 11 
11 0 0 0 0 0 0 11 0 15 0 0 0 0 11 0 0 0 0 0 11 0 0 11 11 
11 0 0 11 0 0 0 15 11 0 0 0 0 0 11 11 0 0 0 0 0 0 0 0 11 
11 0 0 0 0 0 0 0 11 0 0 0 0 0 0 0 0 0 15 0 0 0 0 11 11 
11 0 0 0 0 11 11 11 0 0 0 0 0 0 0 0 0 0 0 11 11 0 0 0 11 
11 0 0 11 0 0 0 0 0 0 0 0 11 11 0 0 0 11 0 11 0 0 0 0 11 
11 11 11 0 11 0 0 11 0 0 0 11 11 15 15 11 0 0 0 11 0 0 11 0 11 
11 0 11 0 0 0 0 0 0 0 0 0 0 0 11 0 0 11 0 0 0 0 0 0 11 
11 0 0 0 0 0 0 0 0 0 0 0 0 0 0 11 0 0 11 0 0 11 0 0 11 
11 0 11 0 0 0 0 11 11 0 0 0 0 11 0 0 11 0 0 0 0 0 0 0 11 
11 11 11 11 11 11 11 11 11 11 11 11 11 11 11 11 11 11 11 11 11 11 11 11 11 

11231
11 11 11 11 11 11 11 11 11 11 11 11 11 11 11 11 11 11 11 11 11 11 11 11 11 
11 0 0 0 0 0 11 0 0 11 0 0 11 0 11 0 11 0 11 0 0 0 0 0 11 
11 0 0 0 11 0 0 0 0 0 11 0 0 0 11 0 0 0 11 11 0 0 0 0 11 
11 0 0 0 0 0 0 0 0 11 0 0 0 0 11 0 0 0 0 0 0 0 0 0 11 
11 0 0 11 0 0 0 0 0 0 0 0 0 11 0 0 0 0 0 0 0 0 0 0 11 
11 0 0 0 0 0 0 11 0 0 0 0 0 0 11 0 0 0 0 0 11 0 0 11 11 
11 0 0 11 0 0 0 0 11 15 0 0 0 0 11 11 0 0 0 0 0 0 0 0 11 
11 0 0 0 0 0 15 0 11 0 0 0 0 0 0 0 0 0 0 0 0 0 0 11 11 
11 0 0 0 0 11 11 11 0 0 0 0 0 0 0 12 0 0 0 11 11 0 0 0 11 
11 0 0 11 0 0 0 0 0 0 0 0 11 11 0 0 0 11 15 11 0 0 0 0 11 
11 11 11 0 11 0 0 11 0 0 0 11 11 0 15 11 0 11 0 11 0 0 11 0 11 
11 0 11 0 0 0 0 0 0 0 0 0 0 0 11 0 15 11 0 0 0 0 0 0 11 
11 0 0 0 0 0 0 0 0 0 0 0 0 0 0 11 0 0 11 0 0 11 0 0 11 
11 0 11 0 0 0 0 11 11 0 0 0 0 11 0 0 11 0 0 0 0 0 0 0 11 
11 11 11 11 11 11 11 11 11 11 11 11 11 11 11 11 11 11 11 11 11 11 11 11 11 

11225
11 11 11 11 11 11 11 11 11 11 11 11 11 11 11 11 11 11 11 11 11 11 11 11 11 
11 0 0 0 0 0 11 0 0 11 0 0 11 0 11 0 11 0 11 0 0 0 0 0 11 
11 0 0 0 11 0 0 0 0 0 11 0 0 0 11 0 0 0 11 11 0 0 0 0 11 
11 0 0 0 0 0 0 0 0 11 0 0 0 0 11 0 0 0 0 0 0 0 0 0 11 
11 0 0 11 0 0 0 0 0 15 0 0 0 11 0 0 0 0 0 0 0 0 0 0 11 
11 0 0 0 0 0 0 11 0 0 0 0 0 0 11 0 0 0 0 0 11 0 0 11 11 
11 0 0 11 0 0 0 15 11 0 0 0 0 0 11 11 0 0 0 0 0 0 0 0 11 
11 0 0 0 0 0 0 0 11 0 0 0 0 0 0 0 0 0 0 0 0 0 0 11 11 
11 0 0 0 0 11 11 11 0 0 0 0 0 0 0 0 0 0 0 11 11 0 0 0 11 
11 0 0 11 0 0 0 0 0 0 0 0 11 11 0 0 0 11 14 11 0 0 0 0 11 
11 11 11 0 11 0 0 11 0 0 0 11 11 15 15 11 0 0 0 11 0 0 11 0 11 
11 0 11 0 0 0 0 0 0 0 0 0 0 0 11 15 0 11 0 0 0 0 0 0 11 
11 0 0 0 0 0 0 0 0 0 0 0 0 0 0 11 0 0 11 0 0 11 0 0 11 
11 0 11 0 0 0 0 11 11 0 0 0 0 11 0 0 11 0 0 0 0 0 0 0 11 
11 11 11 11 11 11 11 11 11 11 11 11 11 11 11 11 11 11 11 11 11 11 11 11 11 

11231
11 11 11 11 11 11 11 11 11 11 11 11 11 11 11 11 11 11 11 11 11 11 11 11 11 
11 0 0 0 0 0 11 0 0 0 0 0 11 0 11 0 11 0 11 0 0 0 0 0 11 
11 0 0 0 11 0 0 0 0 0 11 0 0 0 11 0 11 0 11 11 0 0 0 0 11 
11 0 0 0 0 0 0 0 0 11 0 0 0 0 11 0 0 0 0 0 0 0 0 0 11 
11 0 0 11 0 0 0 0 0 0 0 0 0 11 0 0 0 0 0 0 0 0 0 0 11 
11 0 0 0 0 0 0 11 0 15 0 0 0 0 11 0 0 0 0 0 11 0 0 11 11 
11 0 0 11 0 0 0 0 11 0 0 0 0 0 11 11 0 0 0 0 0 0 0 0 11 
11 0 0 0 0 0 15 0 11 0 0 0 0 0 0 0 15 0 0 0 0 0 0 11 11 
11 0 0 0 0 11 11 11 0 0 0 0 0 0 15 0 0 0 0 0 11 0 0 0 11 
11 0 0 11 0 0 0 0 0 0 0 0 11 11 0 0 0 0 0 11 0 0 0 0 11 
11 11 11 0 11 0 0 11 0 0 0 11 11 0 15 11 12 0 0 11 0 0 11 0 11 
11 0 11 0 0 0 0 0 0 0 0 0 0 0 11 0 0 11 0 0 0 0 0 0 11 
11 0 0 0 0 0 0 0 0 0 0 0 0 0 0 11 0 0 11 0 0 11 0 0 11 
11 0 11 0 0 0 11 11 11 11 0 0 0 11 0 0 11 0 0 0 0 0 0 0 11 
11 11 11 11 11 11 11 11 11 11 11 11 11 11 11 11 11 11 11 11 11 11 11 11 11 

11231
11 11 11 11 11 11 11 11 11 11 11 11 11 11 11 11 11 11 11 11 11 11 11 11 11 
11 0 0 0 0 0 11 0 0 0 0 0 11 0 11 0 11 0 11 0 0 0 0 0 11 
11 0 0 0 11 0 0 0 0 0 11 0 0 0 11 0 11 0 11 11 0 0 0 0 11 
11 0 0 0 0 0 0 0 0 11 0 0 0 0 11 0 0 0 0 0 0 0 0 0 11 
11 0 0 11 0 0 0 0 0 0 0 0 0 11 0 0 0 0 0 0 0 0 0 0 11 
11 0 0 0 0 0 0 11 0 15 0 0 0 0 11 0 0 0 0 0 11 0 0 11 11 
11 0 0 11 0 0 0 0 11 0 0 0 0 0 11 11 0 0 0 0 0 0 0 0 11 
11 0 0 0 0 0 15 0 11 0 0 0 0 0 0 0 15 0 0 0 0 0 0 11 11 
11 0 0 0 0 11 11 11 0 0 0 0 0 0 15 0 0 0 0 0 11 0 0 0 11 
11 0 0 11 0 0 0 0 0 0 0 0 11 11 0 0 0 0 0 11 0 0 0 0 11 
11 11 11 0 11 0 0 11 0 0 0 11 11 0 15 11 12 0 0 11 0 0 11 0 11 
11 0 11 0 0 0 0 0 0 0 0 0 0 0 11 0 0 11 0 0 0 0 0 0 11 
11 0 0 0 0 0 0 0 0 0 0 0 0 0 0 11 0 0 11 0 0 11 0 0 11 
11 0 11 0 0 0 11 11 11 11 0 0 0 11 0 0 11 0 0 0 0 0 0 0 11 
11 11 11 11 11 11 11 11 11 11 11 11 11 11 11 11 11 11 11 11 11 11 11 11 11 

11231
11 11 11 11 11 11 11 11 11 11 11 11 11 11 11 11 11 11 11 11 11 11 11 11 11 
11 0 0 0 0 0 11 0 0 0 0 0 11 0 11 0 11 0 11 0 0 0 0 0 11 
11 0 0 0 11 0 0 0 0 0 11 0 0 0 11 0 11 0 11 11 0 0 0 0 11 
11 0 0 0 0 0 0 0 0 11 0 0 0 0 11 0 0 0 0 0 0 0 0 0 11 
11 0 0 11 0 0 0 0 0 0 0 0 0 11 0 0 0 0 0 0 0 0 0 0 11 
11 0 0 0 0 0 0 11 0 15 0 0 0 0 11 0 0 0 0 0 11 0 0 11 11 
11 0 0 11 0 0 0 0 11 0 0 0 0 0 11 11 0 0 0 0 0 0 0 0 11 
11 0 0 0 0 0 15 0 11 0 0 0 0 0 0 0 15 0 0 0 0 0 0 11 11 
11 0 0 0 0 11 11 11 0 0 0 0 0 0 15 0 0 0 0 0 11 0 0 0 11 
11 0 0 11 0 0 0 0 0 0 0 0 11 11 0 0 0 0 0 11 0 0 0 0 11 
11 11 11 0 11 0 0 11 0 0 0 11 11 0 15 11 12 0 0 11 0 0 11 0 11 
11 0 11 0 0 0 0 0 0 0 0 0 0 0 11 0 0 11 0 0 0 0 0 0 11 
11 0 0 0 0 0 0 0 0 0 0 0 0 0 0 11 0 0 11 0 0 11 0 0 11 
11 0 11 0 0 0 11 11 11 11 0 0 0 11 0 0 11 0 0 0 0 0 0 0 11 
11 11 11 11 11 11 11 11 11 11 11 11 11 11 11 11 11 11 11 11 11 11 11 11 11 

11225
11 11 11 11 11 11 11 11 11 11 11 11 11 11 11 11 11 11 11 11 11 11 11 11 11 
11 0 0 0 0 0 11 0 0 0 0 0 11 0 11 0 11 0 11 0 0 0 0 0 11 
11 0 0 0 11 0 0 0 0 0 11 0 0 0 11 0 11 0 11 11 0 0 0 0 11 
11 0 0 0 0 0 0 0 0 11 0 0 0 0 11 0 0 0 0 0 0 0 0 0 11 
11 0 0 11 0 0 0 0 0 15 0 0 0 11 0 0 0 0 0 0 0 0 0 0 11 
11 0 0 0 0 0 0 11 0 0 0 0 0 0 11 0 0 0 0 0 11 0 0 11 11 
11 0 0 11 0 0 0 0 11 0 0 0 0 0 11 11 0 0 0 0 0 0 0 0 11 
11 0 0 0 0 0 15 0 11 0 0 0 0 0 0 0 0 0 0 0 0 0 0 11 11 
11 0 0 0 0 11 11 11 0 0 0 0 0 0 0 0 0 0 0 0 11 0 0 0 11 
11 0 0 11 0 0 0 0 0 0 0 0 11 11 0 0 0 0 14 11 0 0 0 0 11 
11 11 11 0 11 0 0 11 0 0 0 11 11 15 15 11 0 0 0 11 0 0 11 0 11 
11 0 11 0 0 0 0 0 0 0 0 0 0 0 11 15 0 11 0 0 0 0 0 0 11 
11 0 0 0 0 0 0 0 0 0 0 0 0 0 0 11 0 0 11 0 0 11 0 0 11 
11 0 11 0 0 0 11 11 11 11 0 0 0 11 0 0 11 0 0 0 0 0 0 0 11 
11 11 11 11 11 11 11 11 11 11 11 11 11 11 11 11 11 11 11 11 11 11 11 11 11 

11225
11 11 11 11 11 11 11 11 11 11 11 11 11 11 11 11 11 11 11 11 11 11 11 11 11 
11 0 0 0 0 0 11 0 0 0 0 0 11 0 11 0 11 0 11 0 0 0 0 0 11 
11 0 0 0 11 0 0 0 0 0 11 0 0 0 11 0 11 0 11 11 0 0 0 0 11 
11 0 0 0 0 0 0 0 0 11 0 0 0 0 11 0 0 0 0 0 0 0 0 0 11 
11 0 0 11 0 0 0 0 0 15 0 0 0 11 0 0 0 0 0 0 0 0 0 0 11 
11 0 0 0 0 0 0 11 0 0 0 0 0 0 11 0 0 0 0 0 11 0 0 11 11 
11 0 0 11 0 0 0 0 11 0 0 0 0 0 11 11 0 0 0 0 0 0 0 0 11 
11 0 0 0 0 0 15 0 11 0 0 0 0 0 0 0 0 0 0 0 0 0 0 11 11 
11 0 0 0 0 11 11 11 0 0 0 0 0 0 0 0 0 0 0 0 11 0 0 0 11 
11 0 0 11 0 0 0 0 0 0 0 0 11 11 0 0 0 0 14 11 0 0 0 0 11 
11 11 11 0 11 0 0 11 0 0 0 11 11 15 15 11 0 0 0 11 0 0 11 0 11 
11 0 11 0 0 0 0 0 0 0 0 0 0 0 11 15 0 11 0 0 0 0 0 0 11 
11 0 0 0 0 0 0 0 0 0 0 0 0 0 0 11 0 0 11 0 0 11 0 0 11 
11 0 11 0 0 0 11 11 11 11 0 0 0 11 0 0 11 0 0 0 0 0 0 0 11 
11 11 11 11 11 11 11 11 11 11 11 11 11 11 11 11 11 11 11 11 11 11 11 11 11 

11233
11 11 11 11 11 11 11 11 11 11 11 11 11 11 11 11 11 11 11 11 11 11 11 11 11 
11 0 0 11 0 0 11 0 0 11 0 0 11 0 11 0 11 0 11 0 0 0 0 0 11 
11 0 0 0 11 0 0 0 0 0 11 0 0 0 11 0 0 0 11 11 0 0 0 0 11 
11 0 0 0 0 0 0 0 0 11 0 0 0 0 11 0 0 0 0 0 0 0 0 0 11 
11 0 0 11 0 0 0 0 0 0 0 0 0 0 0 0 0 0 0 0 0 0 0 0 11 
11 0 0 0 0 0 0 11 0 0 0 0 0 0 11 0 0 0 0 0 11 0 0 11 11 
11 0 0 11 0 0 0 0 11 15 0 0 0 0 11 11 0 15 0 0 0 0 0 0 11 
11 0 0 0 0 0 0 0 11 0 0 0 0 0 0 0 0 0 0 0 0 0 0 11 11 
11 0 0 0 0 11 11 11 0 0 0 0 0 0 0 0 0 0 0 0 11 0 0 0 11 
11 0 0 11 0 0 0 15 0 0 0 0 11 11 0 0 0 11 0 11 0 0 0 0 11 
11 11 11 0 11 11 0 11 0 0 0 11 11 15 15 11 0 0 0 11 0 0 11 0 11 
11 0 11 0 0 0 0 0 0 0 0 0 0 0 11 0 0 11 0 0 0 0 0 0 11 
11 0 0 0 0 0 0 0 0 0 0 0 0 0 0 11 0 0 11 0 0 11 0 0 11 
11 0 11 0 0 0 11 11 11 0 0 0 0 11 0 0 11 0 0 0 0 0 0 0 11 
11 11 11 11 11 11 11 11 11 11 11 11 11 11 11 11 11 11 11 11 11 11 11 11 11 

11233
11 11 11 11 11 11 11 11 11 11 11 11 11 11 11 11 11 11 11 11 11 11 11 11 11 
11 0 0 11 0 0 11 0 0 11 0 0 11 0 11 0 11 0 11 0 0 0 0 0 11 
11 0 0 0 11 0 0 0 0 0 11 0 0 0 11 0 0 0 11 11 0 0 0 0 11 
11 0 0 0 0 0 0 0 0 11 0 0 0 0 11 0 0 0 0 0 0 0 0 0 11 
11 0 0 11 0 0 0 0 0 0 0 0 0 0 0 0 0 0 0 0 0 0 0 0 11 
11 0 0 0 0 0 0 11 0 0 0 0 0 0 11 0 0 0 0 0 11 0 0 11 11 
11 0 0 11 0 0 0 0 11 15 0 0 0 0 11 11 0 15 0 0 0 0 0 0 11 
11 0 0 0 0 0 0 0 11 0 0 0 0 0 0 0 0 0 0 0 0 0 0 11 11 
11 0 0 0 0 11 11 11 0 0 0 0 0 0 0 0 0 0 0 0 11 0 0 0 11 
11 0 0 11 0 0 0 15 0 0 0 0 11 11 0 0 0 11 0 11 0 0 0 0 11 
11 11 11 0 11 11 0 11 0 0 0 11 11 15 15 11 0 0 0 11 0 0 11 0 11 
11 0 11 0 0 0 0 0 0 0 0 0 0 0 11 0 0 11 0 0 0 0 0 0 11 
11 0 0 0 0 0 0 0 0 0 0 0 0 0 0 11 0 0 11 0 0 11 0 0 11 
11 0 11 0 0 0 11 11 11 0 0 0 0 11 0 0 11 0 0 0 0 0 0 0 11 
11 11 11 11 11 11 11 11 11 11 11 11 11 11 11 11 11 11 11 11 11 11 11 11 11 

11233
11 11 11 11 11 11 11 11 11 11 11 11 11 11 11 11 11 11 11 11 11 11 11 11 11 
11 0 0 11 0 0 11 0 0 11 0 0 11 0 11 0 11 0 11 0 0 0 0 0 11 
11 0 0 0 11 0 0 0 0 0 11 0 0 0 11 0 0 0 11 11 0 0 0 0 11 
11 0 0 0 0 0 0 0 0 11 0 0 0 0 11 0 0 0 0 0 0 0 0 0 11 
11 0 0 11 0 0 0 0 0 0 0 0 0 0 0 0 0 0 0 0 0 0 0 0 11 
11 0 0 0 0 0 0 11 0 0 0 0 0 0 11 0 0 0 0 0 11 0 0 11 11 
11 0 0 11 0 0 0 0 11 15 0 0 0 0 11 11 0 15 0 0 0 0 0 0 11 
11 0 0 0 0 0 0 0 11 0 0 0 0 0 0 0 0 0 0 0 0 0 0 11 11 
11 0 0 0 0 11 11 11 0 0 0 0 0 0 0 0 0 0 0 0 11 0 0 0 11 
11 0 0 11 0 0 0 15 0 0 0 0 11 11 0 0 0 11 0 11 0 0 0 0 11 
11 11 11 0 11 11 0 11 0 0 0 11 11 15 15 11 0 0 0 11 0 0 11 0 11 
11 0 11 0 0 0 0 0 0 0 0 0 0 0 11 0 0 11 0 0 0 0 0 0 11 
11 0 0 0 0 0 0 0 0 0 0 0 0 0 0 11 0 0 11 0 0 11 0 0 11 
11 0 11 0 0 0 11 11 11 0 0 0 0 11 0 0 11 0 0 0 0 0 0 0 11 
11 11 11 11 11 11 11 11 11 11 11 11 11 11 11 11 11 11 11 11 11 11 11 11 11 

11229
11 11 11 11 11 11 11 11 11 11 11 11 11 11 11 11 11 11 11 11 11 11 11 11 11 
11 0 0 11 0 0 11 0 0 11 0 0 11 0 11 0 11 0 11 0 0 0 0 0 11 
11 0 0 0 11 0 0 0 0 0 11 0 0 0 11 0 0 0 11 11 0 0 0 0 11 
11 0 0 0 0 0 0 0 0 11 0 0 0 0 11 0 0 0 0 0 0 0 0 0 11 
11 0 0 11 0 0 0 0 0 0 0 0 0 0 0 0 0 0 0 0 0 0 0 0 11 
11 0 0 0 0 0 0 11 0 15 0 0 0 0 11 0 0 0 0 0 11 0 0 11 11 
11 0 0 11 0 0 0 0 11 0 0 0 0 0 11 11 0 15 0 0 0 0 0 0 11 
11 0 0 0 0 0 0 15 11 0 0 0 0 0 0 0 15 0 15 0 0 0 0 11 11 
11 0 0 0 0 11 11 11 0 0 0 0 0 0 0 0 0 0 0 0 11 0 0 0 11 
11 0 0 11 0 0 0 0 0 0 0 0 11 11 0 0 0 11 0 11 0 0 0 0 11 
11 11 11 0 11 11 0 11 0 0 0 11 11 0 0 11 0 0 0 11 0 0 11 0 11 
11 0 11 0 0 0 0 0 0 0 0 0 0 0 11 0 0 11 0 0 0 0 0 0 11 
11 0 0 0 0 0 0 0 0 0 0 0 0 0 0 11 0 0 11 0 0 11 0 0 11 
11 0 11 0 0 0 11 11 11 0 0 0 0 11 0 0 11 0 0 0 0 0 0 0 11 
11 11 11 11 11 11 11 11 11 11 11 11 11 11 11 11 11 11 11 11 11 11 11 11 11 

11189
11 11 11 11 11 11 11 11 11 11 11 11 11 11 11 11 11 11 11 11 11 11 11 11 11 
11 0 0 0 0 0 11 0 0 11 0 0 11 0 11 0 11 0 11 0 0 0 0 0 11 
11 0 0 0 11 0 0 0 0 0 11 0 0 0 11 0 0 0 11 11 0 0 0 0 11 
11 0 0 0 0 0 0 0 0 11 0 0 0 0 11 0 0 0 0 0 0 0 0 0 11 
11 0 0 11 0 0 0 0 0 0 0 0 0 0 0 0 0 0 0 0 0 0 0 0 11 
11 0 0 0 0 0 0 11 0 15 0 0 0 0 11 0 0 0 0 0 11 0 0 11 11 
11 0 0 11 0 0 0 0 11 15 0 0 0 0 11 11 0 0 0 0 0 0 0 0 11 
11 0 0 0 0 0 0 0 11 0 0 0 0 0 0 12 0 0 0 0 0 0 0 11 11 
11 0 0 0 0 11 11 11 0 0 0 0 0 0 0 0 0 0 0 0 11 0 0 0 11 
11 0 0 11 0 0 0 0 0 0 0 0 11 11 0 14 13 11 0 11 0 0 0 0 11 
11 11 11 0 11 11 0 11 0 0 0 11 11 15 15 11 0 0 0 11 0 0 11 0 11 
11 0 11 0 0 0 0 0 0 0 0 0 0 0 11 0 12 11 0 0 0 0 0 0 11 
11 0 0 0 0 0 0 0 0 0 0 0 0 0 0 11 0 0 11 0 0 11 0 0 11 
11 0 11 0 0 0 11 11 11 0 0 0 0 11 0 0 11 0 0 0 0 0 0 0 11 
11 11 11 11 11 11 11 11 11 11 11 11 11 11 11 11 11 11 11 11 11 11 11 11 11 

11234
11 11 11 11 11 11 11 11 11 11 11 11 11 11 11 11 11 11 11 11 11 11 11 11 11 
11 0 0 0 0 0 11 0 0 0 0 0 11 0 11 0 11 0 11 0 0 0 0 0 11 
11 0 0 0 11 0 0 0 0 11 11 0 0 0 11 0 0 0 11 11 0 0 0 0 11 
11 0 0 0 0 0 0 0 0 11 0 0 0 0 11 0 0 0 0 0 0 0 0 0 11 
11 0 0 11 0 0 0 0 0 0 0 0 0 11 0 0 0 0 0 0 0 0 0 0 11 
11 0 0 0 0 0 0 11 0 15 0 0 0 0 11 0 0 0 0 0 11 0 0 11 11 
11 0 0 11 0 0 0 0 11 15 0 0 0 0 11 11 0 0 0 0 0 0 0 0 11 
11 0 0 0 0 0 0 0 11 0 0 0 0 0 0 0 0 0 0 0 0 0 0 11 11 
11 0 0 0 0 11 11 11 0 0 0 0 0 0 0 0 0 0 0 0 11 0 0 0 11 
11 0 0 11 0 0 0 0 0 0 0 0 11 11 0 0 0 0 0 11 0 0 0 0 11 
11 11 11 0 11 11 0 11 0 0 0 11 11 15 15 11 0 15 0 11 0 0 11 0 11 
11 0 11 0 0 0 0 0 0 0 0 0 0 0 11 0 0 11 0 0 0 0 0 0 11 
11 0 0 0 0 0 0 0 0 0 0 0 0 0 0 11 0 0 11 0 0 11 0 0 11 
11 0 11 0 0 0 0 11 11 11 0 0 0 11 0 0 11 0 0 0 0 0 0 0 11 
11 11 11 11 11 11 11 11 11 11 11 11 11 11 11 11 11 11 11 11 11 11 11 11 11 

11234
11 11 11 11 11 11 11 11 11 11 11 11 11 11 11 11 11 11 11 11 11 11 11 11 11 
11 0 0 0 0 0 11 0 0 0 0 0 11 0 11 0 11 0 11 0 0 0 0 0 11 
11 0 0 0 11 0 0 0 0 11 11 0 0 0 11 0 0 0 11 11 0 0 0 0 11 
11 0 0 0 0 0 0 0 0 11 0 0 0 0 11 0 0 0 0 0 0 0 0 0 11 
11 0 0 11 0 0 0 0 0 0 0 0 0 11 0 0 0 0 0 0 0 0 0 0 11 
11 0 0 0 0 0 0 11 0 0 0 0 0 0 11 0 0 0 0 0 11 0 0 11 11 
11 0 0 11 0 0 0 15 11 0 0 0 0 0 11 11 0 0 0 0 0 0 0 0 11 
11 0 0 0 0 0 15 0 11 0 0 0 0 0 0 0 0 0 0 0 0 0 0 11 11 
11 0 0 0 0 11 11 11 0 0 0 0 0 0 0 0 0 0 0 0 11 0 0 0 11 
11 0 0 11 0 0 0 0 0 0 0 0 11 11 0 0 15 0 0 11 0 0 0 0 11 
11 11 11 0 11 11 0 11 0 0 0 11 11 15 15 11 0 0 0 11 0 0 11 0 11 
11 0 11 0 0 0 0 0 0 0 0 0 0 0 11 0 0 11 0 0 0 0 0 0 11 
11 0 0 0 0 0 0 0 0 0 0 0 0 0 0 11 0 0 11 0 0 11 0 0 11 
11 0 11 0 0 0 0 11 11 11 0 0 0 11 0 0 11 0 0 0 0 0 0 0 11 
11 11 11 11 11 11 11 11 11 11 11 11 11 11 11 11 11 11 11 11 11 11 11 11 11 

11234
11 11 11 11 11 11 11 11 11 11 11 11 11 11 11 11 11 11 11 11 11 11 11 11 11 
11 0 0 0 0 0 11 0 0 0 0 0 11 0 11 0 11 0 11 0 0 0 0 0 11 
11 0 0 0 11 0 0 0 0 11 11 0 0 0 11 0 0 0 11 11 0 0 0 0 11 
11 0 0 0 0 0 0 0 0 11 0 0 0 0 11 0 0 0 0 0 0 0 0 0 11 
11 0 0 11 0 0 0 0 0 0 0 0 0 11 0 0 0 0 0 0 0 0 0 0 11 
11 0 0 0 0 0 0 11 0 0 0 0 0 0 11 0 0 0 0 0 11 0 0 11 11 
11 0 0 11 0 0 0 15 11 0 0 0 0 0 11 11 0 0 0 0 0 0 0 0 11 
11 0 0 0 0 0 15 0 11 0 0 0 0 0 0 0 0 0 0 0 0 0 0 11 11 
11 0 0 0 0 11 11 11 0 0 0 0 0 0 0 0 0 0 0 0 11 0 0 0 11 
11 0 0 11 0 0 0 0 0 0 0 0 11 11 0 0 15 0 0 11 0 0 0 0 11 
11 11 11 0 11 11 0 11 0 0 0 11 11 15 15 11 0 0 0 11 0 0 11 0 11 
11 0 11 0 0 0 0 0 0 0 0 0 0 0 11 0 0 11 0 0 0 0 0 0 11 
11 0 0 0 0 0 0 0 0 0 0 0 0 0 0 11 0 0 11 0 0 11 0 0 11 
11 0 11 0 0 0 0 11 11 11 0 0 0 11 0 0 11 0 0 0 0 0 0 0 11 
11 11 11 11 11 11 11 11 11 11 11 11 11 11 11 11 11 11 11 11 11 11 11 11 11 

11234
11 11 11 11 11 11 11 11 11 11 11 11 11 11 11 11 11 11 11 11 11 11 11 11 11 
11 0 0 0 0 0 11 0 0 0 0 0 11 0 11 0 11 0 11 0 0 0 0 0 11 
11 0 0 0 11 0 0 0 0 11 11 0 0 0 11 0 0 0 11 11 0 0 0 0 11 
11 0 0 0 0 0 0 0 0 11 0 0 0 0 11 0 0 0 0 0 0 0 0 0 11 
11 0 0 11 0 0 0 0 0 0 0 0 0 11 0 0 0 0 0 0 0 0 0 0 11 
11 0 0 0 0 0 0 11 0 0 0 0 0 0 11 0 0 0 0 0 11 0 0 11 11 
11 0 0 11 0 0 0 15 11 0 0 0 0 0 11 11 0 0 0 0 0 0 0 0 11 
11 0 0 0 0 0 15 0 11 0 0 0 0 0 0 0 0 0 0 0 0 0 0 11 11 
11 0 0 0 0 11 11 11 0 0 0 0 0 0 0 0 0 0 0 0 11 0 0 0 11 
11 0 0 11 0 0 0 0 0 0 0 0 11 11 0 0 15 0 0 11 0 0 0 0 11 
11 11 11 0 11 11 0 11 0 0 0 11 11 15 15 11 0 0 0 11 0 0 11 0 11 
11 0 11 0 0 0 0 0 0 0 0 0 0 0 11 0 0 11 0 0 0 0 0 0 11 
11 0 0 0 0 0 0 0 0 0 0 0 0 0 0 11 0 0 11 0 0 11 0 0 11 
11 0 11 0 0 0 0 11 11 11 0 0 0 11 0 0 11 0 0 0 0 0 0 0 11 
11 11 11 11 11 11 11 11 11 11 11 11 11 11 11 11 11 11 11 11 11 11 11 11 11 

11227
11 11 11 11 11 11 11 11 11 11 11 11 11 11 11 11 11 11 11 11 11 11 11 11 11 
11 0 0 0 0 0 11 0 0 0 0 0 11 0 11 0 11 0 11 0 0 0 0 0 11 
11 0 0 0 11 0 0 0 0 11 11 0 0 0 11 0 0 0 11 11 0 0 0 0 11 
11 0 0 0 0 0 0 0 0 11 0 0 0 0 11 0 0 0 0 0 0 0 0 0 11 
11 0 0 11 0 0 0 0 0 0 0 0 0 11 0 0 0 0 0 0 0 0 0 0 11 
11 0 0 0 0 0 0 11 0 0 0 0 0 0 11 0 0 0 0 0 11 0 0 11 11 
11 0 0 11 0 0 0 0 11 15 0 0 0 0 11 11 0 0 0 0 0 0 0 0 11 
11 0 0 0 0 0 15 0 11 0 0 0 0 0 0 0 15 0 0 0 0 0 0 11 11 
11 0 0 0 0 11 11 11 0 0 0 0 0 0 0 0 0 0 0 0 11 0 0 0 11 
11 0 0 11 0 0 0 0 0 0 0 0 11 11 0 0 0 0 0 11 0 0 0 0 11 
11 11 11 0 11 11 0 11 0 0 0 11 11 15 15 11 0 0 0 11 0 0 11 0 11 
11 0 11 0 0 0 0 0 0 0 0 0 0 0 11 0 0 11 0 15 0 0 0 0 11 
11 0 0 0 0 0 0 0 0 0 0 0 0 0 0 11 0 0 11 0 0 11 0 0 11 
11 0 11 0 0 0 0 11 11 11 0 0 0 11 0 0 11 0 0 0 0 0 0 0 11 
11 11 11 11 11 11 11 11 11 11 11 11 11 11 11 11 11 11 11 11 11 11 11 11 11 

11229
11 11 11 11 11 11 11 11 11 11 11 11 11 11 11 11 11 11 11 11 11 11 11 11 11 
11 0 0 0 0 0 11 0 0 0 0 0 11 0 11 0 11 0 11 0 0 0 0 0 11 
11 0 0 0 11 0 0 0 0 11 11 0 0 0 11 0 0 0 11 11 0 0 0 0 11 
11 0 0 0 0 0 0 0 0 11 0 0 0 0 11 0 0 0 0 0 0 0 0 0 11 
11 0 11 11 0 0 0 0 0 0 0 0 0 11 0 0 0 0 0 0 0 0 0 0 11 
11 0 0 0 0 0 0 11 0 0 0 0 0 0 11 0 0 0 0 0 11 0 0 11 11 
11 0 0 11 0 0 0 0 11 0 0 0 0 0 11 11 0 15 0 0 0 0 0 0 11 
11 0 0 0 0 0 15 15 11 0 0 0 0 0 0 0 15 0 15 0 0 0 0 11 11 
11 0 0 0 0 11 11 11 0 0 0 0 0 0 0 0 0 0 0 11 11 0 0 0 11 
11 0 0 11 0 0 0 0 0 0 0 0 11 11 0 0 0 0 0 11 0 0 0 0 11 
11 11 11 0 11 0 0 11 0 0 0 11 11 0 0 11 0 0 0 11 0 0 11 0 11 
11 0 11 0 0 0 0 0 0 0 0 0 0 0 11 0 0 11 0 0 0 0 0 0 11 
11 0 0 0 0 0 0 0 0 0 0 0 0 0 0 11 0 0 0 0 0 11 0 0 11 
11 0 11 0 0 0 11 11 11 11 0 0 0 11 0 0 11 0 0 0 0 0 0 0 11 
11 11 11 11 11 11 11 11 11 11 11 11 11 11 11 11 11 11 11 11 11 11 11 11 11 

11229
11 11 11 11 11 11 11 11 11 11 11 11 11 11 11 11 11 11 11 11 11 11 11 11 11 
11 0 0 0 0 0 11 0 0 0 0 0 11 0 11 0 11 0 11 0 0 0 0 0 11 
11 0 0 0 11 0 0 0 0 11 11 0 0 0 11 0 0 0 11 11 0 0 0 0 11 
11 0 0 0 0 0 0 0 0 11 0 0 0 0 11 0 0 0 0 0 0 0 0 0 11 
11 0 11 11 0 0 0 0 0 0 0 0 0 11 0 0 0 0 0 0 0 0 0 0 11 
11 0 0 0 0 0 0 11 0 0 0 0 0 0 11 0 0 0 0 0 11 0 0 11 11 
11 0 0 11 0 0 0 0 11 0 0 0 0 0 11 11 0 15 0 0 0 0 0 0 11 
11 0 0 0 0 0 15 15 11 0 0 0 0 0 0 0 15 0 15 0 0 0 0 11 11 
11 0 0 0 0 11 11 11 0 0 0 0 0 0 0 0 0 0 0 11 11 0 0 0 11 
11 0 0 11 0 0 0 0 0 0 0 0 11 11 0 0 0 0 0 11 0 0 0 0 11 
11 11 11 0 11 0 0 11 0 0 0 11 11 0 0 11 0 0 0 11 0 0 11 0 11 
11 0 11 0 0 0 0 0 0 0 0 0 0 0 11 0 0 11 0 0 0 0 0 0 11 
11 0 0 0 0 0 0 0 0 0 0 0 0 0 0 11 0 0 0 0 0 11 0 0 11 
11 0 11 0 0 0 11 11 11 11 0 0 0 11 0 0 11 0 0 0 0 0 0 0 11 
11 11 11 11 11 11 11 11 11 11 11 11 11 11 11 11 11 11 11 11 11 11 11 11 11 

11229
11 11 11 11 11 11 11 11 11 11 11 11 11 11 11 11 11 11 11 11 11 11 11 11 11 
11 0 0 0 0 0 11 0 0 0 0 0 11 0 11 0 11 0 11 0 0 0 0 0 11 
11 0 0 0 11 0 0 0 0 11 11 0 0 0 11 0 0 0 11 11 0 0 0 0 11 
11 0 0 0 0 0 0 0 0 11 0 0 0 0 11 0 0 0 0 0 0 0 0 0 11 
11 0 11 11 0 0 0 0 0 0 0 0 0 11 0 0 0 0 0 0 0 0 0 0 11 
11 0 0 0 0 0 0 11 0 0 0 0 0 0 11 0 0 0 0 0 11 0 0 11 11 
11 0 0 11 0 0 0 0 11 0 0 0 0 0 11 11 0 15 0 0 0 0 0 0 11 
11 0 0 0 0 0 15 15 11 0 0 0 0 0 0 0 15 0 15 0 0 0 0 11 11 
11 0 0 0 0 11 11 11 0 0 0 0 0 0 0 0 0 0 0 11 11 0 0 0 11 
11 0 0 11 0 0 0 0 0 0 0 0 11 11 0 0 0 0 0 11 0 0 0 0 11 
11 11 11 0 11 0 0 11 0 0 0 11 11 0 0 11 0 0 0 11 0 0 11 0 11 
11 0 11 0 0 0 0 0 0 0 0 0 0 0 11 0 0 11 0 0 0 0 0 0 11 
11 0 0 0 0 0 0 0 0 0 0 0 0 0 0 11 0 0 0 0 0 11 0 0 11 
11 0 11 0 0 0 11 11 11 11 0 0 0 11 0 0 11 0 0 0 0 0 0 0 11 
11 11 11 11 11 11 11 11 11 11 11 11 11 11 11 11 11 11 11 11 11 11 11 11 11 

11227
11 11 11 11 11 11 11 11 11 11 11 11 11 11 11 11 11 11 11 11 11 11 11 11 11 
11 0 0 0 0 0 11 0 0 0 0 0 11 0 11 0 11 0 11 0 0 0 0 0 11 
11 0 0 0 11 0 0 0 0 11 11 0 0 0 11 0 0 0 11 11 0 0 0 0 11 
11 0 0 0 0 0 0 0 0 11 0 0 0 0 11 0 0 0 0 0 0 0 0 0 11 
11 0 0 11 0 0 0 0 0 0 0 0 0 11 0 0 0 0 0 0 0 0 0 0 11 
11 0 0 0 0 0 0 11 0 15 0 0 0 0 11 0 0 0 0 0 11 0 0 11 11 
11 0 0 11 0 0 0 0 11 15 0 0 0 0 11 11 0 0 0 0 0 0 0 0 11 
11 0 0 0 0 0 0 0 11 0 0 0 0 0 0 0 0 0 0 0 0 0 0 11 11 
11 0 0 0 0 11 11 11 0 0 0 0 0 0 0 15 0 0 0 11 11 0 0 0 11 
11 0 0 11 0 0 0 0 0 0 0 0 11 11 0 0 0 0 0 11 0 0 0 0 11 
11 11 11 0 11 0 0 11 0 0 0 11 11 15 15 11 0 0 0 11 0 0 11 0 11 
11 0 11 0 0 0 0 0 0 0 0 0 0 0 11 0 0 11 0 15 0 0 0 0 11 
11 0 0 0 0 0 0 0 0 0 0 0 0 0 0 11 0 0 0 0 0 11 0 0 11 
11 0 11 0 0 0 11 11 11 11 0 0 0 11 0 0 11 0 0 0 0 0 0 0 11 
11 11 11 11 11 11 11 11 11 11 11 11 11 11 11 11 11 11 11 11 11 11 11 11 11 

11227
11 11 11 11 11 11 11 11 11 11 11 11 11 11 11 11 11 11 11 11 11 11 11 11 11 
11 0 0 0 0 0 11 0 0 0 0 0 11 0 11 0 11 0 11 0 0 0 0 0 11 
11 0 0 0 11 0 0 0 0 11 11 0 0 0 11 0 0 0 11 11 0 0 0 0 11 
11 0 0 0 0 0 0 0 0 11 0 0 0 0 11 0 0 0 0 0 0 0 0 0 11 
11 0 0 11 0 0 0 0 0 0 0 0 0 11 0 0 0 0 0 0 0 0 0 0 11 
11 0 0 0 0 0 0 11 0 15 0 0 0 0 11 0 0 0 0 0 11 0 0 11 11 
11 0 0 11 0 0 0 0 11 15 0 0 0 0 11 11 0 0 0 0 0 0 0 0 11 
11 0 0 0 0 0 0 0 11 0 0 0 0 0 0 0 0 0 0 0 0 0 0 11 11 
11 0 0 0 0 11 11 11 0 0 0 0 0 0 0 15 0 0 0 11 11 0 0 0 11 
11 0 0 11 0 0 0 0 0 0 0 0 11 11 0 0 0 0 0 11 0 0 0 0 11 
11 11 11 0 11 0 0 11 0 0 0 11 11 15 15 11 0 0 0 11 0 0 11 0 11 
11 0 11 0 0 0 0 0 0 0 0 0 0 0 11 0 0 11 0 15 0 0 0 0 11 
11 0 0 0 0 0 0 0 0 0 0 0 0 0 0 11 0 0 0 0 0 11 0 0 11 
11 0 11 0 0 0 11 11 11 11 0 0 0 11 0 0 11 0 0 0 0 0 0 0 11 
11 11 11 11 11 11 11 11 11 11 11 11 11 11 11 11 11 11 11 11 11 11 11 11 11 

11231
11 11 11 11 11 11 11 11 11 11 11 11 11 11 11 11 11 11 11 11 11 11 11 11 11 
11 0 0 0 0 0 11 0 0 0 0 0 11 0 11 0 11 0 11 0 0 0 0 0 11 
11 0 0 0 11 0 0 0 0 0 11 0 0 0 11 0 0 0 11 11 0 0 0 0 11 
11 0 0 0 0 0 0 0 0 11 0 0 0 0 11 0 0 0 0 0 0 0 0 0 11 
11 0 0 11 0 0 0 0 0 0 0 0 0 11 0 0 0 0 0 0 0 0 0 0 11 
11 0 0 0 0 0 0 11 0 15 0 0 0 0 11 0 0 0 0 0 11 0 0 11 11 
11 0 0 11 0 0 0 0 11 0 0 0 0 0 11 11 0 0 0 0 0 0 0 0 11 
11 0 0 0 0 0 0 15 11 0 0 0 0 0 0 0 0 0 0 0 0 0 0 11 11 
11 0 0 0 0 11 11 11 0 0 0 0 0 0 15 0 0 0 0 0 11 0 0 0 11 
11 0 0 11 0 0 0 0 0 0 0 0 11 11 15 0 0 11 0 11 0 0 0 0 11 
11 11 11 0 11 11 0 11 0 0 0 11 11 0 15 11 12 0 0 11 0 0 11 0 11 
11 0 11 0 0 0 0 0 0 0 0 0 0 0 11 0 0 11 0 0 0 0 0 0 11 
11 0 0 0 0 0 0 0 0 0 0 0 0 0 0 11 0 0 11 0 0 11 0 0 11 
11 0 11 0 0 0 11 11 11 0 0 0 0 11 0 0 11 0 0 0 0 0 0 0 11 
11 11 11 11 11 11 11 11 11 11 11 11 11 11 11 11 11 11 11 11 11 11 11 11 11 

11225
11 11 11 11 11 11 11 11 11 11 11 11 11 11 11 11 11 11 11 11 11 11 11 11 11 
11 0 0 0 0 0 11 0 0 0 0 0 11 0 11 0 11 0 11 0 0 0 0 0 11 
11 0 0 0 11 0 0 0 0 0 11 0 0 0 11 0 0 0 11 11 0 0 0 0 11 
11 0 0 0 0 0 0 0 0 11 0 0 0 0 11 0 0 0 0 0 0 0 0 0 11 
11 0 0 11 0 0 0 0 0 0 0 0 0 11 0 0 0 0 0 0 0 0 0 0 11 
11 0 0 0 0 0 0 11 0 15 0 0 0 0 11 0 11 0 0 0 11 0 0 11 11 
11 0 0 11 0 0 0 0 11 15 0 0 0 0 11 11 0 15 0 0 0 0 0 0 11 
11 0 0 0 0 0 0 0 11 0 0 0 0 15 0 0 0 0 0 0 0 0 0 11 11 
11 0 0 0 0 11 11 11 0 0 0 0 0 0 0 0 0 0 0 0 11 0 0 0 11 
11 0 0 11 0 0 0 0 0 0 0 0 11 11 0 0 0 11 0 11 0 0 0 0 11 
11 11 11 0 11 11 0 11 0 0 0 11 11 15 15 11 0 0 0 11 0 0 11 0 11 
11 0 11 0 0 0 0 0 0 0 0 0 0 0 11 0 0 11 0 0 0 0 0 0 11 
11 0 0 0 0 0 0 0 0 0 0 0 0 0 0 11 0 0 11 0 0 11 0 0 11 
11 0 11 0 0 0 11 11 11 0 0 0 0 11 0 0 11 0 0 0 0 0 0 0 11 
11 11 11 11 11 11 11 11 11 11 11 11 11 11 11 11 11 11 11 11 11 11 11 11 11 

11225
11 11 11 11 11 11 11 11 11 11 11 11 11 11 11 11 11 11 11 11 11 11 11 11 11 
11 0 0 0 0 0 11 0 0 0 0 0 11 0 11 0 11 0 11 0 0 0 0 0 11 
11 0 0 0 11 0 0 0 0 0 11 0 0 0 11 0 0 0 11 11 0 0 0 0 11 
11 0 0 0 0 0 0 0 0 11 0 0 0 0 11 0 0 0 0 0 0 0 0 0 11 
11 0 0 11 0 0 0 0 0 0 0 0 0 11 0 0 0 0 0 0 0 0 0 0 11 
11 0 0 0 0 0 0 11 0 15 0 0 0 0 11 0 11 0 0 0 11 0 0 11 11 
11 0 0 11 0 0 0 0 11 15 0 0 0 0 11 11 0 15 0 0 0 0 0 0 11 
11 0 0 0 0 0 0 0 11 0 0 0 0 15 0 0 0 0 0 0 0 0 0 11 11 
11 0 0 0 0 11 11 11 0 0 0 0 0 0 0 0 0 0 0 0 11 0 0 0 11 
11 0 0 11 0 0 0 0 0 0 0 0 11 11 0 0 0 11 0 11 0 0 0 0 11 
11 11 11 0 11 11 0 11 0 0 0 11 11 15 15 11 0 0 0 11 0 0 11 0 11 
11 0 11 0 0 0 0 0 0 0 0 0 0 0 11 0 0 11 0 0 0 0 0 0 11 
11 0 0 0 0 0 0 0 0 0 0 0 0 0 0 11 0 0 11 0 0 11 0 0 11 
11 0 11 0 0 0 11 11 11 0 0 0 0 11 0 0 11 0 0 0 0 0 0 0 11 
11 11 11 11 11 11 11 11 11 11 11 11 11 11 11 11 11 11 11 11 11 11 11 11 11 

11225
11 11 11 11 11 11 11 11 11 11 11 11 11 11 11 11 11 11 11 11 11 11 11 11 11 
11 0 0 0 0 0 11 0 0 0 0 0 11 0 11 0 11 0 11 0 0 0 0 0 11 
11 0 0 0 11 0 0 0 0 0 11 0 0 0 11 0 0 0 11 11 0 0 0 0 11 
11 0 0 0 0 0 0 0 0 11 0 0 0 0 11 0 0 0 0 0 0 0 0 0 11 
11 0 0 11 0 0 0 0 0 0 0 0 0 11 0 0 0 0 0 0 0 0 0 0 11 
11 0 0 0 0 0 0 11 0 15 0 0 0 0 11 0 11 0 0 0 11 0 0 11 11 
11 0 0 11 0 0 0 0 11 15 0 0 0 0 11 11 0 15 0 0 0 0 0 0 11 
11 0 0 0 0 0 0 0 11 0 0 0 0 15 0 0 0 0 0 0 0 0 0 11 11 
11 0 0 0 0 11 11 11 0 0 0 0 0 0 0 0 0 0 0 0 11 0 0 0 11 
11 0 0 11 0 0 0 0 0 0 0 0 11 11 0 0 0 11 0 11 0 0 0 0 11 
11 11 11 0 11 11 0 11 0 0 0 11 11 15 15 11 0 0 0 11 0 0 11 0 11 
11 0 11 0 0 0 0 0 0 0 0 0 0 0 11 0 0 11 0 0 0 0 0 0 11 
11 0 0 0 0 0 0 0 0 0 0 0 0 0 0 11 0 0 11 0 0 11 0 0 11 
11 0 11 0 0 0 11 11 11 0 0 0 0 11 0 0 11 0 0 0 0 0 0 0 11 
11 11 11 11 11 11 11 11 11 11 11 11 11 11 11 11 11 11 11 11 11 11 11 11 11 

11222
11 11 11 11 11 11 11 11 11 11 11 11 11 11 11 11 11 11 11 11 11 11 11 11 11 
11 0 0 0 0 0 11 0 0 0 0 0 11 0 11 0 11 0 11 0 0 0 0 0 11 
11 0 0 0 11 0 0 0 0 0 11 0 0 0 11 0 0 0 11 11 0 0 0 0 11 
11 0 0 0 0 0 0 0 0 11 0 0 0 0 11 0 0 0 0 0 0 0 0 0 11 
11 0 0 11 0 0 0 0 0 0 0 0 0 11 0 0 0 0 0 0 0 0 0 0 11 
11 0 0 0 0 0 0 11 0 0 0 0 0 0 11 0 0 0 0 0 11 0 0 11 11 
11 0 0 11 0 0 0 15 11 0 0 0 0 0 11 11 0 0 0 0 0 0 0 0 11 
11 0 0 0 0 0 0 15 11 0 0 0 15 0 0 0 0 0 0 0 0 0 0 11 11 
11 0 0 0 0 11 11 11 0 0 0 0 0 0 0 0 0 0 0 0 11 0 0 0 11 
11 0 0 11 0 0 0 0 0 0 0 0 11 11 0 0 0 11 0 11 0 0 0 0 11 
11 11 11 0 11 11 0 11 0 0 0 11 11 0 15 11 0 0 0 11 0 0 11 0 11 
11 0 11 0 0 0 0 0 0 0 0 0 0 0 11 0 15 11 0 15 0 0 0 0 11 
11 0 0 0 0 0 0 0 0 0 0 0 0 0 0 11 0 0 11 0 0 11 0 0 11 
11 0 11 0 0 0 11 11 11 0 0 0 0 11 0 0 11 0 0 0 0 0 0 0 11 
11 11 11 11 11 11 11 11 11 11 11 11 11 11 11 11 11 11 11 11 11 11 11 11 11 

