11573
11 11 11 11 11 11 11 11 11 11 11 11 11 11 11 11 11 11 11 11 11 11 11 11 11 11 11 
11 0 0 0 11 0 11 0 0 0 0 0 0 0 0 0 11 0 0 0 0 0 0 0 0 0 11 
11 0 11 0 0 0 0 0 0 0 0 0 0 0 0 11 0 0 0 0 0 11 11 0 11 0 11 
11 0 0 0 0 0 0 0 0 0 0 0 0 0 11 11 0 11 0 0 0 0 0 0 11 0 11 
11 11 0 11 0 0 11 0 0 0 11 0 0 0 0 0 11 0 0 0 0 0 0 11 0 0 11 
11 0 0 0 0 11 11 0 11 0 0 0 11 0 11 11 0 0 0 0 11 0 0 11 11 11 11 
11 0 0 0 11 0 0 0 0 15 0 0 0 0 0 11 0 11 0 0 0 0 11 15 0 0 11 
11 0 0 0 0 0 11 0 11 0 11 0 0 0 0 0 0 11 0 0 0 0 0 0 0 0 11 
11 0 0 11 0 0 0 11 11 0 15 0 0 0 0 0 0 0 0 15 0 15 0 0 0 0 11 
11 0 0 0 0 0 11 0 0 0 0 11 15 0 0 0 0 0 0 0 11 0 0 0 0 0 11 
11 0 0 0 0 0 0 0 0 0 11 0 0 0 0 0 0 0 0 0 11 0 0 0 0 0 11 
11 0 11 0 0 11 11 0 11 0 11 0 0 0 0 0 0 0 0 11 0 0 0 11 0 0 11 
11 0 0 11 0 0 0 0 0 0 0 0 0 0 0 11 0 0 0 11 0 0 0 0 11 0 11 
11 0 0 11 0 11 0 0 0 0 0 0 11 0 0 11 0 0 0 0 0 11 0 0 0 0 11 
11 11 11 11 11 11 11 11 11 11 11 11 11 11 11 11 11 11 11 11 11 11 11 11 11 11 11 

11573
11 11 11 11 11 11 11 11 11 11 11 11 11 11 11 11 11 11 11 11 11 11 11 11 11 11 11 
11 0 0 0 11 0 11 0 0 0 0 0 0 0 0 0 11 0 0 0 0 0 0 0 0 0 11 
11 0 11 0 0 0 0 0 0 0 0 0 0 0 0 11 0 0 0 0 0 11 11 0 11 0 11 
11 0 0 0 0 0 0 0 0 0 0 0 0 0 11 11 0 11 0 0 0 0 0 0 11 0 11 
11 11 0 11 0 0 11 0 0 0 11 0 0 0 0 0 11 0 0 0 0 0 0 11 0 0 11 
11 0 0 0 0 11 11 0 11 0 0 0 11 0 11 11 0 0 0 0 11 0 0 11 11 11 11 
11 0 0 0 11 0 0 0 0 15 0 0 0 0 0 11 0 11 0 0 0 0 11 15 0 0 11 
11 0 0 0 0 0 11 0 11 0 11 0 0 0 0 0 0 11 0 0 0 0 0 0 0 0 11 
11 0 0 11 0 0 0 11 11 0 15 0 0 0 0 0 0 0 0 15 0 15 0 0 0 0 11 
11 0 0 0 0 0 11 0 0 0 0 11 15 0 0 0 0 0 0 0 11 0 0 0 0 0 11 
11 0 0 0 0 0 0 0 0 0 11 0 0 0 0 0 0 0 0 0 11 0 0 0 0 0 11 
11 0 11 0 0 11 11 0 11 0 11 0 0 0 0 0 0 0 0 11 0 0 0 11 0 0 11 
11 0 0 11 0 0 0 0 0 0 0 0 0 0 0 11 0 0 0 11 0 0 0 0 11 0 11 
11 0 0 11 0 11 0 0 0 0 0 0 11 0 0 11 0 0 0 0 0 11 0 0 0 0 11 
11 11 11 11 11 11 11 11 11 11 11 11 11 11 11 11 11 11 11 11 11 11 11 11 11 11 11 

11573
11 11 11 11 11 11 11 11 11 11 11 11 11 11 11 11 11 11 11 11 11 11 11 11 11 11 11 
11 0 0 0 11 0 11 0 0 0 0 0 0 0 0 0 11 0 0 0 0 0 0 0 0 0 11 
11 0 11 0 0 0 0 0 0 0 0 0 0 0 0 11 0 0 0 0 0 11 11 0 11 0 11 
11 0 0 0 0 0 0 0 0 0 0 0 0 0 11 11 0 11 0 0 0 0 0 0 11 0 11 
11 11 0 11 0 0 11 0 0 0 11 0 0 0 0 0 11 0 0 0 0 0 0 11 0 0 11 
11 0 0 0 0 11 11 0 11 0 0 0 11 0 11 11 0 0 0 0 11 0 0 11 11 11 11 
11 0 0 0 11 0 0 0 0 15 0 0 0 0 0 11 0 11 0 0 0 0 11 15 0 0 11 
11 0 0 0 0 0 11 0 11 0 11 0 0 0 0 0 0 11 0 0 0 0 0 0 0 0 11 
11 0 0 11 0 0 0 11 11 0 15 0 0 0 0 0 0 0 0 15 0 15 0 0 0 0 11 
11 0 0 0 0 0 11 0 0 0 0 11 15 0 0 0 0 0 0 0 11 0 0 0 0 0 11 
11 0 0 0 0 0 0 0 0 0 11 0 0 0 0 0 0 0 0 0 11 0 0 0 0 0 11 
11 0 11 0 0 11 11 0 11 0 11 0 0 0 0 0 0 0 0 11 0 0 0 11 0 0 11 
11 0 0 11 0 0 0 0 0 0 0 0 0 0 0 11 0 0 0 11 0 0 0 0 11 0 11 
11 0 0 11 0 11 0 0 0 0 0 0 11 0 0 11 0 0 0 0 0 11 0 0 0 0 11 
11 11 11 11 11 11 11 11 11 11 11 11 11 11 11 11 11 11 11 11 11 11 11 11 11 11 11 

11572
11 11 11 11 11 11 11 11 11 11 11 11 11 11 11 11 11 11 11 11 11 11 11 11 11 11 11 
11 0 0 0 11 0 11 0 0 0 0 0 0 0 0 0 11 0 0 0 0 0 0 0 0 0 11 
11 0 11 0 0 0 0 0 0 0 0 0 0 0 0 11 0 0 0 0 0 11 11 0 11 0 11 
11 0 0 0 0 0 0 0 0 0 0 0 0 0 11 11 0 11 0 0 0 0 0 0 11 0 11 
11 11 0 11 0 0 11 0 0 0 11 0 0 0 0 0 11 0 0 0 0 0 0 11 0 0 11 
11 0 0 0 0 11 11 0 11 0 0 0 11 0 11 11 0 0 0 0 11 0 0 11 11 11 11 
11 0 0 0 11 0 0 0 0 0 0 0 0 0 0 11 0 11 0 0 0 0 11 0 0 0 11 
11 0 0 0 0 0 11 0 11 0 11 0 0 0 15 0 0 11 0 0 0 15 0 0 0 0 11 
11 0 0 11 0 0 0 11 11 0 0 0 0 0 0 0 0 0 0 15 0 0 0 0 0 0 11 
11 0 0 0 0 0 11 0 0 0 0 11 0 0 0 0 0 0 15 0 11 0 0 0 0 0 11 
11 0 0 0 0 0 15 0 0 15 11 0 0 0 0 0 0 0 0 0 11 0 0 0 0 0 11 
11 0 11 0 0 11 11 0 11 0 11 0 0 0 0 0 0 0 0 11 0 0 0 11 0 0 11 
11 0 0 11 0 0 0 0 0 0 0 0 0 0 0 11 0 0 0 11 0 0 0 0 11 0 11 
11 0 0 11 0 11 0 0 0 0 0 0 11 0 0 11 0 0 0 0 0 11 0 0 0 0 11 
11 11 11 11 11 11 11 11 11 11 11 11 11 11 11 11 11 11 11 11 11 11 11 11 11 11 11 

11547
11 11 11 11 11 11 11 11 11 11 11 11 11 11 11 11 11 11 11 11 11 11 11 11 11 11 11 
11 0 0 0 11 0 11 0 0 0 0 0 0 0 0 0 11 0 0 0 0 0 0 0 0 0 11 
11 0 11 0 0 0 0 0 0 0 0 0 0 0 0 11 0 0 0 0 0 11 11 0 11 0 11 
11 0 0 0 0 0 0 0 0 0 0 0 0 0 11 11 0 11 0 0 0 0 0 0 11 0 11 
11 11 0 11 0 0 11 0 0 0 11 0 0 0 0 0 11 0 0 0 0 0 0 11 0 0 11 
11 0 0 0 0 11 11 0 11 0 0 0 11 0 11 11 0 0 0 0 11 0 0 11 11 11 11 
11 0 0 0 11 0 0 0 0 0 0 0 0 0 15 11 0 11 0 0 0 0 11 13 0 0 11 
11 0 0 0 0 0 11 0 11 0 11 0 0 0 0 0 0 11 0 13 0 0 0 0 0 0 11 
11 0 0 11 0 11 0 11 11 15 0 0 0 0 0 0 0 0 0 15 0 0 0 0 0 0 11 
11 0 0 0 0 0 11 0 0 0 0 11 0 0 0 0 0 0 15 0 11 0 0 0 0 0 11 
11 0 0 0 0 0 0 0 0 15 11 0 0 0 0 0 0 0 0 0 11 0 0 0 0 0 11 
11 0 11 0 0 11 11 0 11 0 11 0 0 0 0 0 0 0 0 11 0 0 0 11 0 0 11 
11 0 0 11 0 0 0 0 0 0 0 0 0 0 0 11 0 0 0 11 0 0 0 0 11 0 11 
11 0 0 11 0 11 0 0 0 0 0 0 11 0 0 11 0 0 0 0 0 11 0 0 0 0 11 
11 11 11 11 11 11 11 11 11 11 11 11 11 11 11 11 11 11 11 11 11 11 11 11 11 11 11 

11583
11 11 11 11 11 11 11 11 11 11 11 11 11 11 11 11 11 11 11 11 11 11 11 11 11 11 11 
11 0 0 0 11 0 11 0 0 0 0 0 0 0 0 0 11 0 0 0 0 0 0 0 0 0 11 
11 0 0 0 0 0 0 0 0 0 0 0 0 0 0 11 0 0 0 0 0 11 11 0 11 0 11 
11 0 0 0 0 0 0 0 0 0 0 0 0 0 11 11 0 11 0 0 0 0 0 0 11 0 11 
11 0 0 11 0 0 11 0 0 0 11 0 11 0 0 0 11 0 0 0 0 0 0 11 0 0 11 
11 0 11 0 0 11 11 0 11 0 0 0 11 0 11 11 0 0 0 0 11 0 0 11 11 11 11 
11 0 0 0 0 11 0 0 0 0 0 0 0 0 0 11 0 11 0 0 0 0 11 0 0 0 11 
11 0 0 0 0 0 11 0 11 0 0 0 0 0 0 0 0 11 0 15 0 0 0 0 0 0 11 
11 0 0 11 0 0 0 11 11 0 15 0 0 0 15 0 0 0 0 0 0 0 0 0 0 0 11 
11 0 0 0 0 0 11 0 0 15 0 11 11 0 0 0 0 0 0 0 11 15 0 11 0 0 11 
11 0 0 0 0 0 0 0 0 0 11 0 0 0 0 0 0 0 0 0 11 0 0 0 0 0 11 
11 0 11 0 0 11 11 0 11 0 11 0 0 0 0 0 0 0 0 11 0 0 0 11 0 0 11 
11 0 0 11 0 0 0 0 0 0 0 0 0 0 0 11 0 0 0 11 0 0 0 0 11 0 11 
11 0 0 11 0 11 0 0 0 0 0 0 11 0 0 11 0 0 0 0 0 11 0 0 0 0 11 
11 11 11 11 11 11 11 11 11 11 11 11 11 11 11 11 11 11 11 11 11 11 11 11 11 11 11 

11576
11 11 11 11 11 11 11 11 11 11 11 11 11 11 11 11 11 11 11 11 11 11 11 11 11 11 11 
11 0 0 0 11 0 11 0 0 0 0 0 0 0 0 0 11 0 0 0 0 0 0 0 0 0 11 
11 0 0 0 0 0 0 0 0 0 0 0 0 0 0 11 0 0 0 0 0 11 11 0 11 0 11 
11 0 0 0 0 0 0 0 0 0 0 0 0 0 11 11 0 11 0 0 0 0 0 0 11 0 11 
11 0 0 11 0 0 11 0 0 0 11 0 11 0 0 0 11 0 0 0 0 0 0 11 0 0 11 
11 0 11 0 0 11 11 0 11 0 0 0 11 0 11 11 0 0 0 0 11 0 0 11 11 11 11 
11 0 0 0 0 11 0 0 0 0 0 0 0 0 0 11 0 11 0 0 0 0 11 0 0 0 11 
11 0 0 0 0 0 11 0 11 0 0 0 0 0 0 0 0 11 0 0 0 0 15 0 0 0 11 
11 0 0 11 0 0 0 11 11 0 0 0 0 0 15 0 0 0 0 0 0 0 0 0 0 0 11 
11 0 0 0 0 0 11 0 0 15 0 11 11 0 0 0 0 0 15 0 11 0 0 0 0 0 11 
11 0 0 0 0 0 0 0 0 15 11 0 0 0 0 0 0 0 0 15 11 0 0 0 0 0 11 
11 0 11 0 0 11 11 0 11 0 11 0 0 0 0 0 0 0 0 11 0 0 0 11 0 0 11 
11 0 0 11 0 0 0 0 0 0 0 0 0 0 0 11 0 0 0 11 0 0 0 0 11 0 11 
11 0 0 11 0 11 0 0 0 0 0 0 11 0 0 11 0 0 0 0 0 11 0 0 0 0 11 
11 11 11 11 11 11 11 11 11 11 11 11 11 11 11 11 11 11 11 11 11 11 11 11 11 11 11 

11576
11 11 11 11 11 11 11 11 11 11 11 11 11 11 11 11 11 11 11 11 11 11 11 11 11 11 11 
11 0 0 0 11 0 11 0 0 0 0 0 0 0 0 0 11 0 0 0 0 0 0 0 0 0 11 
11 0 0 0 0 0 0 0 0 0 0 0 0 0 0 11 0 0 0 0 0 11 11 0 11 0 11 
11 0 0 0 0 0 0 0 0 0 0 0 0 0 11 11 0 11 0 0 0 0 0 0 11 0 11 
11 0 0 11 0 0 11 0 0 0 11 0 11 0 0 0 11 0 0 0 0 0 0 11 0 0 11 
11 0 11 0 0 11 11 0 11 0 0 0 11 0 11 11 0 0 0 0 11 0 0 11 11 11 11 
11 0 0 0 0 11 0 0 0 0 0 0 0 0 0 11 0 11 0 0 0 0 11 0 0 0 11 
11 0 0 0 0 0 11 0 11 0 0 0 0 0 0 0 0 11 0 0 0 0 15 0 0 0 11 
11 0 0 11 0 0 0 11 11 0 0 0 0 0 15 0 0 0 0 0 0 0 0 0 0 0 11 
11 0 0 0 0 0 11 0 0 15 0 11 11 0 0 0 0 0 15 0 11 0 0 0 0 0 11 
11 0 0 0 0 0 0 0 0 15 11 0 0 0 0 0 0 0 0 15 11 0 0 0 0 0 11 
11 0 11 0 0 11 11 0 11 0 11 0 0 0 0 0 0 0 0 11 0 0 0 11 0 0 11 
11 0 0 11 0 0 0 0 0 0 0 0 0 0 0 11 0 0 0 11 0 0 0 0 11 0 11 
11 0 0 11 0 11 0 0 0 0 0 0 11 0 0 11 0 0 0 0 0 11 0 0 0 0 11 
11 11 11 11 11 11 11 11 11 11 11 11 11 11 11 11 11 11 11 11 11 11 11 11 11 11 11 

11576
11 11 11 11 11 11 11 11 11 11 11 11 11 11 11 11 11 11 11 11 11 11 11 11 11 11 11 
11 0 0 0 11 0 11 0 0 0 0 0 0 0 0 0 11 0 0 0 0 0 0 0 0 0 11 
11 0 0 0 0 0 0 0 0 0 0 0 0 0 0 11 0 0 0 0 0 11 11 0 11 0 11 
11 0 0 0 0 0 0 0 0 0 0 0 0 0 11 11 0 11 0 0 0 0 0 0 11 0 11 
11 0 0 11 0 0 11 0 0 0 11 0 11 0 0 0 11 0 0 0 0 0 0 11 0 0 11 
11 0 11 0 0 11 11 0 11 0 0 0 11 0 11 11 0 0 0 0 11 0 0 11 11 11 11 
11 0 0 0 0 11 0 0 0 0 0 0 0 0 0 11 0 11 0 0 0 0 11 0 0 0 11 
11 0 0 0 0 0 11 0 11 0 0 0 0 0 0 0 0 11 0 0 0 0 15 0 0 0 11 
11 0 0 11 0 0 0 11 11 0 0 0 0 0 15 0 0 0 0 0 0 0 0 0 0 0 11 
11 0 0 0 0 0 11 0 0 15 0 11 11 0 0 0 0 0 15 0 11 0 0 0 0 0 11 
11 0 0 0 0 0 0 0 0 15 11 0 0 0 0 0 0 0 0 15 11 0 0 0 0 0 11 
11 0 11 0 0 11 11 0 11 0 11 0 0 0 0 0 0 0 0 11 0 0 0 11 0 0 11 
11 0 0 11 0 0 0 0 0 0 0 0 0 0 0 11 0 0 0 11 0 0 0 0 11 0 11 
11 0 0 11 0 11 0 0 0 0 0 0 11 0 0 11 0 0 0 0 0 11 0 0 0 0 11 
11 11 11 11 11 11 11 11 11 11 11 11 11 11 11 11 11 11 11 11 11 11 11 11 11 11 11 

11571
11 11 11 11 11 11 11 11 11 11 11 11 11 11 11 11 11 11 11 11 11 11 11 11 11 11 11 
11 0 0 0 11 0 11 0 0 0 0 0 0 0 0 0 11 0 0 0 0 0 0 0 0 0 11 
11 0 0 0 0 0 0 0 0 0 0 0 0 0 0 11 0 0 0 0 0 11 11 0 11 0 11 
11 0 0 0 0 0 0 0 0 0 0 0 0 0 11 11 0 11 0 0 0 0 0 0 11 0 11 
11 0 0 11 0 0 11 0 0 0 11 0 11 0 0 0 11 0 0 0 0 0 0 11 0 0 11 
11 0 11 0 0 11 11 0 11 0 0 0 11 0 11 11 0 0 0 0 11 0 0 11 11 11 11 
11 0 0 0 0 11 0 0 0 0 0 0 0 0 0 11 0 11 0 0 0 0 11 0 0 0 11 
11 0 0 0 0 0 11 0 11 0 0 0 0 15 0 0 0 11 0 0 0 0 0 0 0 0 11 
11 0 0 11 0 0 0 11 11 0 15 0 0 0 0 0 0 0 0 0 0 14 0 0 0 0 11 
11 0 0 0 0 0 11 0 0 0 0 11 11 0 0 0 0 0 15 0 11 0 0 0 0 0 11 
11 0 0 0 0 0 0 0 0 15 11 0 0 0 0 0 0 0 0 15 11 0 0 0 0 0 11 
11 0 11 0 0 11 11 0 11 0 11 0 0 0 0 0 0 0 0 11 0 0 0 11 0 0 11 
11 0 0 11 0 0 0 0 0 0 0 0 0 0 0 11 0 0 0 11 0 0 0 0 11 0 11 
11 0 0 11 0 11 0 0 0 0 0 0 11 0 0 11 0 0 0 0 0 11 0 0 0 0 11 
11 11 11 11 11 11 11 11 11 11 11 11 11 11 11 11 11 11 11 11 11 11 11 11 11 11 11 

11583
11 11 11 11 11 11 11 11 11 11 11 11 11 11 11 11 11 11 11 11 11 11 11 11 11 11 11 
11 0 0 0 11 0 11 0 0 0 0 0 0 0 0 0 11 0 0 0 0 0 0 0 0 0 11 
11 0 0 0 0 0 0 0 0 0 0 0 0 0 0 11 0 0 0 0 0 11 11 0 11 0 11 
11 0 0 0 0 0 0 0 0 0 0 0 0 0 11 11 0 11 0 0 0 0 0 0 11 0 11 
11 11 0 11 0 0 11 0 0 0 11 0 0 11 0 0 11 0 0 0 0 0 0 11 0 0 11 
11 0 0 0 0 11 11 0 11 0 0 0 11 0 11 11 0 0 0 0 11 0 0 11 11 11 11 
11 0 0 0 0 0 0 0 0 0 0 0 0 0 0 11 0 11 0 0 0 15 11 0 0 0 11 
11 0 0 0 0 0 11 0 11 0 0 0 0 0 15 0 0 11 0 0 0 0 0 0 0 0 11 
11 0 0 11 0 0 0 11 11 0 15 0 0 0 0 0 0 0 0 0 0 0 0 0 0 0 11 
11 0 0 0 0 0 11 0 15 0 0 11 11 0 0 0 0 0 15 0 11 0 0 0 0 0 11 
11 0 0 0 0 0 0 0 0 0 11 0 0 0 0 0 0 0 0 15 11 0 0 0 0 0 11 
11 0 11 0 0 11 11 0 11 0 11 0 0 0 0 0 0 0 0 11 0 0 0 11 0 0 11 
11 0 0 11 0 0 0 0 0 0 0 0 0 0 0 11 0 0 0 11 0 0 0 0 11 0 11 
11 0 0 11 0 11 0 0 0 0 0 0 11 0 0 11 0 0 0 0 0 11 11 0 0 0 11 
11 11 11 11 11 11 11 11 11 11 11 11 11 11 11 11 11 11 11 11 11 11 11 11 11 11 11 

11583
11 11 11 11 11 11 11 11 11 11 11 11 11 11 11 11 11 11 11 11 11 11 11 11 11 11 11 
11 0 0 0 11 0 11 0 0 0 0 0 0 0 0 0 11 0 0 0 0 0 0 0 0 0 11 
11 0 0 0 0 0 0 0 0 0 0 0 0 0 0 11 0 0 0 0 0 11 11 0 11 0 11 
11 0 0 0 0 0 0 0 0 0 0 0 0 0 11 11 0 11 0 0 0 0 0 0 11 0 11 
11 11 0 11 0 0 11 0 0 0 11 0 0 11 0 0 11 0 0 0 0 0 0 11 0 0 11 
11 0 0 0 0 11 11 0 11 0 0 0 11 0 11 11 0 0 0 0 11 0 0 11 11 11 11 
11 0 0 0 0 0 0 0 0 0 0 0 0 0 15 11 0 11 0 0 0 0 11 0 0 0 11 
11 0 0 0 0 0 11 0 11 0 0 0 0 0 0 0 0 11 0 0 15 0 0 0 0 0 11 
11 0 0 11 0 0 0 11 11 0 15 0 0 0 0 0 0 0 0 0 0 0 0 0 0 0 11 
11 0 0 0 0 0 11 0 0 0 0 11 11 0 0 0 0 0 15 0 11 0 0 0 0 0 11 
11 0 0 0 0 0 0 15 0 0 11 0 0 0 0 0 0 0 0 15 11 0 0 0 0 0 11 
11 0 11 0 0 11 11 0 11 0 11 0 0 0 0 0 0 0 0 11 0 0 0 11 0 0 11 
11 0 0 11 0 0 0 0 0 0 0 0 0 0 0 11 0 0 0 11 0 0 0 0 11 0 11 
11 0 0 11 0 11 0 0 0 0 0 0 11 0 0 11 0 0 0 0 0 11 11 0 0 0 11 
11 11 11 11 11 11 11 11 11 11 11 11 11 11 11 11 11 11 11 11 11 11 11 11 11 11 11 

11583
11 11 11 11 11 11 11 11 11 11 11 11 11 11 11 11 11 11 11 11 11 11 11 11 11 11 11 
11 0 0 0 11 0 11 0 0 0 0 0 0 0 0 0 11 0 0 0 0 0 0 0 0 0 11 
11 0 0 0 0 0 0 0 0 0 0 0 0 0 0 11 0 0 0 0 0 11 11 0 11 0 11 
11 0 0 0 0 0 0 0 0 0 0 0 0 0 11 11 0 11 0 0 0 0 0 0 11 0 11 
11 11 0 11 0 0 11 0 0 0 11 0 0 11 0 0 11 0 0 0 0 0 0 11 0 0 11 
11 0 0 0 0 11 11 0 11 0 0 0 11 0 11 11 0 0 0 0 11 0 0 11 11 11 11 
11 0 0 0 0 0 0 0 0 0 0 0 0 0 15 11 0 11 0 0 0 0 11 0 0 0 11 
11 0 0 0 0 0 11 0 11 0 0 0 0 0 0 0 0 11 0 0 15 0 0 0 0 0 11 
11 0 0 11 0 0 0 11 11 0 15 0 0 0 0 0 0 0 0 0 0 0 0 0 0 0 11 
11 0 0 0 0 0 11 0 0 0 0 11 11 0 0 0 0 0 15 0 11 0 0 0 0 0 11 
11 0 0 0 0 0 0 15 0 0 11 0 0 0 0 0 0 0 0 15 11 0 0 0 0 0 11 
11 0 11 0 0 11 11 0 11 0 11 0 0 0 0 0 0 0 0 11 0 0 0 11 0 0 11 
11 0 0 11 0 0 0 0 0 0 0 0 0 0 0 11 0 0 0 11 0 0 0 0 11 0 11 
11 0 0 11 0 11 0 0 0 0 0 0 11 0 0 11 0 0 0 0 0 11 11 0 0 0 11 
11 11 11 11 11 11 11 11 11 11 11 11 11 11 11 11 11 11 11 11 11 11 11 11 11 11 11 

11583
11 11 11 11 11 11 11 11 11 11 11 11 11 11 11 11 11 11 11 11 11 11 11 11 11 11 11 
11 0 0 0 11 0 11 0 0 0 0 0 0 0 0 0 11 0 0 0 0 0 0 0 0 0 11 
11 0 0 0 0 0 0 0 0 0 0 0 0 0 0 11 0 0 0 0 0 11 11 0 11 0 11 
11 0 0 0 0 0 0 0 0 0 0 0 0 0 11 11 0 11 0 0 0 0 0 0 11 0 11 
11 11 0 11 0 0 11 0 0 0 11 0 0 11 0 0 11 0 0 0 0 0 0 11 0 0 11 
11 0 0 0 0 11 11 0 11 0 0 0 11 0 11 11 0 0 0 0 11 0 0 11 11 11 11 
11 0 0 0 0 0 0 0 0 0 0 0 0 0 15 11 0 11 0 0 0 0 11 0 0 0 11 
11 0 0 0 0 0 11 0 11 0 0 0 0 0 0 0 0 11 0 0 15 0 0 0 0 0 11 
11 0 0 11 0 0 0 11 11 0 15 0 0 0 0 0 0 0 0 0 0 0 0 0 0 0 11 
11 0 0 0 0 0 11 0 0 0 0 11 11 0 0 0 0 0 15 0 11 0 0 0 0 0 11 
11 0 0 0 0 0 0 15 0 0 11 0 0 0 0 0 0 0 0 15 11 0 0 0 0 0 11 
11 0 11 0 0 11 11 0 11 0 11 0 0 0 0 0 0 0 0 11 0 0 0 11 0 0 11 
11 0 0 11 0 0 0 0 0 0 0 0 0 0 0 11 0 0 0 11 0 0 0 0 11 0 11 
11 0 0 11 0 11 0 0 0 0 0 0 11 0 0 11 0 0 0 0 0 11 11 0 0 0 11 
11 11 11 11 11 11 11 11 11 11 11 11 11 11 11 11 11 11 11 11 11 11 11 11 11 11 11 

11580
11 11 11 11 11 11 11 11 11 11 11 11 11 11 11 11 11 11 11 11 11 11 11 11 11 11 11 
11 0 0 0 11 0 11 0 0 0 0 0 0 0 0 0 11 0 0 0 0 0 0 0 0 0 11 
11 0 0 0 0 0 0 0 0 0 0 0 0 0 0 11 0 0 0 0 0 11 11 0 11 0 11 
11 0 0 0 0 0 0 0 0 0 0 0 0 0 11 11 0 11 0 0 0 0 0 0 11 0 11 
11 11 0 11 0 0 11 0 0 0 11 0 0 11 0 0 11 0 0 0 0 0 0 11 0 0 11 
11 0 0 0 0 11 11 0 11 0 0 0 11 0 11 11 0 0 0 0 11 0 0 11 11 11 11 
11 0 0 0 0 0 0 0 0 0 0 0 0 0 0 11 0 11 0 11 0 0 11 0 0 0 11 
11 0 0 0 0 0 11 0 11 0 0 0 0 0 0 0 0 11 0 0 15 15 0 0 0 0 11 
11 0 0 11 0 0 0 11 11 0 15 0 0 0 0 0 0 0 0 0 0 0 0 0 0 0 11 
11 0 0 0 0 0 11 0 0 0 0 11 11 0 0 0 0 0 11 0 11 0 0 0 0 0 11 
11 0 0 0 0 0 0 0 0 15 11 0 0 0 0 0 0 0 0 15 11 0 0 0 0 0 11 
11 0 11 0 0 11 11 0 11 0 11 0 0 0 0 0 0 0 0 11 0 0 0 11 0 0 11 
11 0 0 11 0 0 0 0 0 0 0 0 0 0 0 11 0 0 0 11 0 0 0 0 11 0 11 
11 0 0 11 0 11 0 0 0 0 0 0 11 0 0 11 0 0 0 0 0 11 11 0 0 0 11 
11 11 11 11 11 11 11 11 11 11 11 11 11 11 11 11 11 11 11 11 11 11 11 11 11 11 11 

11583
11 11 11 11 11 11 11 11 11 11 11 11 11 11 11 11 11 11 11 11 11 11 11 11 11 11 11 
11 0 0 0 11 0 11 0 0 0 0 0 0 0 0 0 11 0 0 0 0 0 0 0 0 0 11 
11 0 0 0 0 0 0 0 0 0 0 0 0 0 0 11 0 0 0 0 0 11 11 0 11 0 11 
11 0 0 0 0 0 0 0 0 0 0 0 0 0 11 11 0 11 0 0 0 0 0 0 11 0 11 
11 0 0 11 0 0 11 0 0 0 11 0 0 11 0 0 11 0 0 0 0 0 0 11 0 0 11 
11 0 11 0 0 11 11 0 11 0 0 0 11 0 11 11 0 0 0 0 11 0 0 11 0 11 11 
11 0 0 0 0 11 0 0 0 0 0 0 0 0 15 11 0 11 0 15 0 0 11 0 0 0 11 
11 0 0 0 0 0 11 0 11 0 11 0 0 0 0 0 0 11 0 0 0 0 0 0 0 0 11 
11 0 0 11 0 0 15 11 11 0 15 0 0 0 0 0 0 0 0 0 0 0 0 0 0 0 11 
11 0 0 0 0 0 11 0 0 0 0 11 11 0 0 0 0 0 15 0 11 0 0 0 0 0 11 
11 0 0 0 0 0 0 0 0 0 11 0 0 0 0 0 0 0 0 15 11 0 0 0 0 0 11 
11 0 11 0 0 11 11 0 11 0 11 0 0 0 0 0 0 0 0 11 0 0 0 11 0 0 11 
11 0 0 11 0 0 0 0 0 0 0 0 0 0 0 11 0 0 0 11 0 0 0 0 11 0 11 
11 0 0 11 0 11 0 0 0 0 0 0 11 0 0 11 0 0 0 0 0 11 0 0 0 0 11 
11 11 11 11 11 11 11 11 11 11 11 11 11 11 11 11 11 11 11 11 11 11 11 11 11 11 11 

11583
11 11 11 11 11 11 11 11 11 11 11 11 11 11 11 11 11 11 11 11 11 11 11 11 11 11 11 
11 0 0 0 11 0 11 0 0 0 0 0 0 0 0 0 11 0 0 0 0 0 0 0 0 0 11 
11 0 0 0 0 0 0 0 0 0 0 0 0 0 0 11 0 0 0 0 0 11 11 0 11 0 11 
11 0 0 0 0 0 0 0 0 0 0 0 0 0 11 11 0 11 0 0 0 0 0 0 11 0 11 
11 0 0 11 0 0 11 0 0 0 11 0 0 11 0 0 11 0 0 0 0 0 0 11 0 0 11 
11 0 11 0 0 11 11 0 11 0 0 0 11 0 11 11 0 0 0 0 11 0 0 11 0 11 11 
11 0 0 0 0 11 0 0 0 0 0 0 0 0 15 11 0 11 0 0 0 0 11 0 0 0 11 
11 0 0 0 0 0 11 15 11 0 11 0 0 0 0 0 0 11 0 0 0 0 0 0 0 0 11 
11 0 0 11 0 0 0 11 11 0 15 0 0 0 0 0 0 0 0 0 0 0 15 0 0 0 11 
11 0 0 0 0 0 11 0 0 0 0 11 11 0 0 0 0 0 15 0 11 0 0 0 0 0 11 
11 0 0 0 0 0 0 0 0 0 11 0 0 0 0 0 0 0 0 15 11 0 0 0 0 0 11 
11 0 11 0 0 11 11 0 11 0 11 0 0 0 0 0 0 0 0 11 0 0 0 11 0 0 11 
11 0 0 11 0 0 0 0 0 0 0 0 0 0 0 11 0 0 0 11 0 0 0 0 11 0 11 
11 0 0 11 0 11 0 0 0 0 0 0 11 0 0 11 0 0 0 0 0 11 0 0 0 0 11 
11 11 11 11 11 11 11 11 11 11 11 11 11 11 11 11 11 11 11 11 11 11 11 11 11 11 11 

11583
11 11 11 11 11 11 11 11 11 11 11 11 11 11 11 11 11 11 11 11 11 11 11 11 11 11 11 
11 0 0 0 11 0 11 0 0 0 0 0 0 0 0 0 11 0 0 0 0 0 0 0 0 0 11 
11 0 0 0 0 0 0 0 0 0 0 0 0 0 0 11 0 0 0 0 0 11 11 0 11 0 11 
11 0 0 0 0 0 0 0 0 0 0 0 0 0 11 11 0 11 0 0 0 0 0 0 11 0 11 
11 0 0 11 0 0 11 0 0 0 11 0 0 11 0 0 11 0 0 0 0 0 0 11 0 0 11 
11 0 11 0 0 11 11 0 11 0 0 0 11 0 11 11 0 0 0 0 11 0 0 11 0 11 11 
11 0 0 0 0 11 0 0 0 0 0 0 0 0 15 11 0 11 0 0 0 0 11 0 0 0 11 
11 0 0 0 0 0 11 15 11 0 11 0 0 0 0 0 0 11 0 0 0 0 0 0 0 0 11 
11 0 0 11 0 0 0 11 11 0 15 0 0 0 0 0 0 0 0 0 0 0 15 0 0 0 11 
11 0 0 0 0 0 11 0 0 0 0 11 11 0 0 0 0 0 15 0 11 0 0 0 0 0 11 
11 0 0 0 0 0 0 0 0 0 11 0 0 0 0 0 0 0 0 15 11 0 0 0 0 0 11 
11 0 11 0 0 11 11 0 11 0 11 0 0 0 0 0 0 0 0 11 0 0 0 11 0 0 11 
11 0 0 11 0 0 0 0 0 0 0 0 0 0 0 11 0 0 0 11 0 0 0 0 11 0 11 
11 0 0 11 0 11 0 0 0 0 0 0 11 0 0 11 0 0 0 0 0 11 0 0 0 0 11 
11 11 11 11 11 11 11 11 11 11 11 11 11 11 11 11 11 11 11 11 11 11 11 11 11 11 11 

11583
11 11 11 11 11 11 11 11 11 11 11 11 11 11 11 11 11 11 11 11 11 11 11 11 11 11 11 
11 0 0 0 11 0 11 0 0 0 0 0 0 0 0 0 11 0 0 0 0 0 0 0 0 0 11 
11 0 0 0 0 0 0 0 0 0 0 0 0 0 0 11 0 0 0 0 0 11 11 0 11 0 11 
11 0 0 0 0 0 0 0 0 0 0 0 0 0 11 11 0 11 0 0 0 0 0 0 11 0 11 
11 0 0 11 0 0 11 0 0 0 11 0 0 11 0 0 11 0 0 0 0 0 0 11 0 0 11 
11 0 11 0 0 11 11 0 11 0 0 0 11 0 11 11 0 0 0 0 11 0 0 11 0 11 11 
11 0 0 0 0 11 0 0 0 0 0 0 0 0 15 11 0 11 0 0 0 0 11 0 0 0 11 
11 0 0 0 0 0 11 15 11 0 11 0 0 0 0 0 0 11 0 0 0 0 0 0 0 0 11 
11 0 0 11 0 0 0 11 11 0 15 0 0 0 0 0 0 0 0 0 0 0 15 0 0 0 11 
11 0 0 0 0 0 11 0 0 0 0 11 11 0 0 0 0 0 15 0 11 0 0 0 0 0 11 
11 0 0 0 0 0 0 0 0 0 11 0 0 0 0 0 0 0 0 15 11 0 0 0 0 0 11 
11 0 11 0 0 11 11 0 11 0 11 0 0 0 0 0 0 0 0 11 0 0 0 11 0 0 11 
11 0 0 11 0 0 0 0 0 0 0 0 0 0 0 11 0 0 0 11 0 0 0 0 11 0 11 
11 0 0 11 0 11 0 0 0 0 0 0 11 0 0 11 0 0 0 0 0 11 0 0 0 0 11 
11 11 11 11 11 11 11 11 11 11 11 11 11 11 11 11 11 11 11 11 11 11 11 11 11 11 11 

11579
11 11 11 11 11 11 11 11 11 11 11 11 11 11 11 11 11 11 11 11 11 11 11 11 11 11 11 
11 0 0 0 11 0 11 0 0 0 0 0 0 0 0 0 11 0 0 0 0 0 0 0 0 0 11 
11 0 0 0 0 0 0 0 0 0 0 0 0 0 0 11 0 0 0 0 0 11 11 0 11 0 11 
11 0 0 0 0 0 0 0 0 0 0 0 0 0 11 11 0 11 0 0 0 0 0 0 11 0 11 
11 0 0 11 0 0 11 0 0 0 11 0 0 11 0 0 11 0 0 0 0 0 0 11 0 0 11 
11 0 11 0 0 11 11 0 11 0 0 0 11 0 11 11 0 0 0 0 11 0 0 11 0 11 11 
11 0 0 0 0 11 0 15 0 0 0 0 0 0 0 11 0 11 0 0 15 0 11 0 0 0 11 
11 0 0 0 0 0 11 0 11 0 11 0 0 0 15 0 0 11 0 0 0 0 15 0 0 0 11 
11 0 0 11 0 0 0 11 11 0 15 0 0 0 0 0 0 0 0 0 0 0 0 0 0 0 11 
11 0 0 0 0 0 11 0 0 0 0 11 11 0 0 0 0 0 15 0 11 0 0 0 0 0 11 
11 0 0 0 0 0 0 0 0 0 11 0 0 0 0 0 0 0 0 0 11 0 0 0 0 0 11 
11 0 11 0 0 11 11 0 11 0 11 0 0 0 0 0 0 0 0 11 0 0 0 11 0 0 11 
11 0 0 11 0 0 0 0 0 0 0 0 0 0 0 11 0 0 0 11 0 0 0 0 11 0 11 
11 0 0 11 0 11 0 0 0 0 0 0 11 0 0 11 0 0 0 0 0 11 0 0 0 0 11 
11 11 11 11 11 11 11 11 11 11 11 11 11 11 11 11 11 11 11 11 11 11 11 11 11 11 11 

11581
11 11 11 11 11 11 11 11 11 11 11 11 11 11 11 11 11 11 11 11 11 11 11 11 11 11 11 
11 0 0 0 11 0 11 0 0 0 0 0 0 0 0 0 11 0 0 0 0 0 0 0 0 0 11 
11 0 0 0 0 0 0 0 0 0 0 0 0 0 0 11 0 0 0 0 0 11 11 0 11 0 11 
11 0 0 0 0 0 0 0 0 0 0 0 0 0 11 11 0 11 0 0 0 0 0 0 11 0 11 
11 11 0 11 0 0 11 0 0 0 11 0 0 0 0 0 11 0 0 0 0 0 0 0 0 0 11 
11 0 0 0 0 11 11 0 11 0 0 0 11 0 11 11 0 0 0 0 11 0 0 11 0 11 11 
11 0 0 0 11 11 0 0 0 0 0 0 0 0 0 11 0 11 0 0 0 0 11 0 0 0 11 
11 0 0 0 0 0 11 0 11 0 11 0 0 15 0 0 0 11 0 15 15 0 0 0 0 0 11 
11 0 0 11 0 0 0 11 11 0 15 0 0 0 0 0 0 0 0 0 0 0 0 0 0 0 11 
11 0 0 0 0 0 11 0 0 15 0 11 11 0 0 0 0 0 0 0 11 0 0 0 0 0 11 
11 0 0 0 0 0 0 0 0 0 11 0 0 0 0 0 0 0 0 0 11 0 0 0 0 0 11 
11 0 11 0 0 11 11 0 11 0 11 0 0 0 0 0 0 0 0 11 0 0 0 11 0 0 11 
11 0 0 11 0 0 0 0 0 0 0 0 0 0 0 11 0 0 0 11 0 0 0 0 11 0 11 
11 0 0 11 0 11 0 0 0 0 0 0 11 0 0 11 0 0 0 0 0 11 11 0 0 0 11 
11 11 11 11 11 11 11 11 11 11 11 11 11 11 11 11 11 11 11 11 11 11 11 11 11 11 11 

11581
11 11 11 11 11 11 11 11 11 11 11 11 11 11 11 11 11 11 11 11 11 11 11 11 11 11 11 
11 0 0 0 11 0 11 0 0 0 0 0 0 0 0 0 11 0 0 0 0 0 0 0 0 0 11 
11 0 0 0 0 0 0 0 0 0 0 0 0 0 0 11 0 0 0 0 0 11 11 0 11 0 11 
11 0 0 0 0 0 0 0 0 0 0 0 0 0 11 11 0 11 0 0 0 0 0 0 11 0 11 
11 11 0 11 0 0 11 0 0 0 11 0 0 0 0 0 11 0 0 0 0 0 0 0 0 0 11 
11 0 0 0 0 11 11 0 11 0 0 0 11 0 11 11 0 0 0 0 11 0 0 11 0 11 11 
11 0 0 0 11 11 0 0 0 0 0 0 0 0 0 11 0 11 0 0 0 0 11 0 0 0 11 
11 0 0 0 0 0 11 0 11 0 11 0 0 15 0 0 0 11 0 15 15 0 0 0 0 0 11 
11 0 0 11 0 0 0 11 11 0 15 0 0 0 0 0 0 0 0 0 0 0 0 0 0 0 11 
11 0 0 0 0 0 11 0 0 15 0 11 11 0 0 0 0 0 0 0 11 0 0 0 0 0 11 
11 0 0 0 0 0 0 0 0 0 11 0 0 0 0 0 0 0 0 0 11 0 0 0 0 0 11 
11 0 11 0 0 11 11 0 11 0 11 0 0 0 0 0 0 0 0 11 0 0 0 11 0 0 11 
11 0 0 11 0 0 0 0 0 0 0 0 0 0 0 11 0 0 0 11 0 0 0 0 11 0 11 
11 0 0 11 0 11 0 0 0 0 0 0 11 0 0 11 0 0 0 0 0 11 11 0 0 0 11 
11 11 11 11 11 11 11 11 11 11 11 11 11 11 11 11 11 11 11 11 11 11 11 11 11 11 11 

11581
11 11 11 11 11 11 11 11 11 11 11 11 11 11 11 11 11 11 11 11 11 11 11 11 11 11 11 
11 0 0 0 11 0 11 0 0 0 0 0 0 0 0 0 11 0 0 0 0 0 0 0 0 0 11 
11 0 0 0 0 0 0 0 0 0 0 0 0 0 0 11 0 0 0 0 0 11 11 0 11 0 11 
11 0 0 0 0 0 0 0 0 0 0 0 0 0 11 11 0 11 0 0 0 0 0 0 11 0 11 
11 11 0 11 0 0 11 0 0 0 11 0 0 0 0 0 11 0 0 0 0 0 0 0 0 0 11 
11 0 0 0 0 11 11 0 11 0 0 0 11 0 11 11 0 0 0 0 11 0 0 11 0 11 11 
11 0 0 0 11 11 0 0 0 0 0 0 0 0 0 11 0 11 0 0 0 0 11 0 0 0 11 
11 0 0 0 0 0 11 0 11 0 11 0 0 15 0 0 0 11 0 15 15 0 0 0 0 0 11 
11 0 0 11 0 0 0 11 11 0 15 0 0 0 0 0 0 0 0 0 0 0 0 0 0 0 11 
11 0 0 0 0 0 11 0 0 15 0 11 11 0 0 0 0 0 0 0 11 0 0 0 0 0 11 
11 0 0 0 0 0 0 0 0 0 11 0 0 0 0 0 0 0 0 0 11 0 0 0 0 0 11 
11 0 11 0 0 11 11 0 11 0 11 0 0 0 0 0 0 0 0 11 0 0 0 11 0 0 11 
11 0 0 11 0 0 0 0 0 0 0 0 0 0 0 11 0 0 0 11 0 0 0 0 11 0 11 
11 0 0 11 0 11 0 0 0 0 0 0 11 0 0 11 0 0 0 0 0 11 11 0 0 0 11 
11 11 11 11 11 11 11 11 11 11 11 11 11 11 11 11 11 11 11 11 11 11 11 11 11 11 11 

11573
11 11 11 11 11 11 11 11 11 11 11 11 11 11 11 11 11 11 11 11 11 11 11 11 11 11 11 
11 0 0 0 11 0 11 0 0 0 0 0 0 0 0 0 11 0 0 0 0 0 0 0 0 0 11 
11 0 0 0 0 0 0 0 0 0 0 0 0 0 0 11 0 0 0 0 0 11 11 0 11 0 11 
11 0 0 0 0 0 0 0 0 0 0 0 0 0 11 11 0 11 0 0 0 0 0 0 11 0 11 
11 11 0 11 0 0 11 0 0 0 11 0 0 0 0 0 11 0 0 0 0 0 0 0 0 0 11 
11 0 0 0 0 11 11 0 11 0 0 0 11 0 11 11 0 0 0 0 11 0 0 11 0 11 11 
11 0 0 0 11 11 0 0 0 0 0 0 0 0 0 11 0 11 0 0 0 0 11 0 0 0 11 
11 0 0 0 0 0 11 0 11 0 11 0 0 0 0 0 0 11 13 0 0 0 0 0 0 0 11 
11 0 0 11 0 0 0 11 11 0 15 0 0 0 15 0 0 0 0 0 0 0 0 0 0 0 11 
11 0 0 0 0 0 11 0 0 15 0 11 11 0 0 0 0 0 15 0 11 0 0 0 0 0 11 
11 0 0 0 0 0 0 0 0 0 11 0 0 0 0 0 0 0 0 15 11 0 0 0 0 0 11 
11 0 11 0 0 11 11 0 11 0 11 0 0 0 0 0 0 0 0 11 0 0 0 11 0 0 11 
11 0 0 11 0 0 0 0 0 0 0 0 0 0 0 11 0 0 0 11 0 0 0 0 11 0 11 
11 0 0 11 0 11 0 0 0 0 0 0 11 0 0 11 0 0 0 0 0 11 11 0 0 0 11 
11 11 11 11 11 11 11 11 11 11 11 11 11 11 11 11 11 11 11 11 11 11 11 11 11 11 11 

11573
11 11 11 11 11 11 11 11 11 11 11 11 11 11 11 11 11 11 11 11 11 11 11 11 11 11 11 
11 0 0 0 11 0 11 0 0 0 0 0 0 0 0 0 11 0 0 0 0 0 0 0 0 0 11 
11 0 0 0 0 0 0 0 0 0 0 0 0 0 0 11 0 0 0 0 0 11 11 0 11 0 11 
11 0 0 0 0 0 0 0 0 0 0 0 0 0 11 11 0 11 0 0 0 0 0 0 11 0 11 
11 11 0 11 0 0 11 0 0 0 11 0 0 0 0 0 11 0 0 0 0 0 0 0 0 0 11 
11 0 0 0 0 11 11 0 11 0 0 0 11 0 11 11 0 0 0 0 11 0 0 11 0 11 11 
11 0 0 0 11 11 0 0 0 0 0 0 0 0 0 11 0 11 0 0 0 0 11 0 0 0 11 
11 0 0 0 0 0 11 0 11 0 11 0 0 0 0 0 0 11 13 0 0 0 0 0 0 0 11 
11 0 0 11 0 0 0 11 11 0 15 0 0 0 15 0 0 0 0 0 0 0 0 0 0 0 11 
11 0 0 0 0 0 11 0 0 15 0 11 11 0 0 0 0 0 15 0 11 0 0 0 0 0 11 
11 0 0 0 0 0 0 0 0 0 11 0 0 0 0 0 0 0 0 15 11 0 0 0 0 0 11 
11 0 11 0 0 11 11 0 11 0 11 0 0 0 0 0 0 0 0 11 0 0 0 11 0 0 11 
11 0 0 11 0 0 0 0 0 0 0 0 0 0 0 11 0 0 0 11 0 0 0 0 11 0 11 
11 0 0 11 0 11 0 0 0 0 0 0 11 0 0 11 0 0 0 0 0 11 11 0 0 0 11 
11 11 11 11 11 11 11 11 11 11 11 11 11 11 11 11 11 11 11 11 11 11 11 11 11 11 11 

11582
11 11 11 11 11 11 11 11 11 11 11 11 11 11 11 11 11 11 11 11 11 11 11 11 11 11 11 
11 0 0 0 11 0 11 0 0 0 0 0 0 0 0 0 11 0 0 0 0 0 0 0 0 0 11 
11 0 11 0 0 0 0 0 0 0 0 0 0 0 0 11 0 0 0 0 0 11 11 0 11 0 11 
11 0 0 0 0 0 0 0 0 0 0 0 0 0 11 11 0 11 0 0 0 0 0 0 11 0 11 
11 0 0 11 0 0 11 0 0 0 11 0 11 0 0 0 11 0 0 0 0 0 0 11 0 0 11 
11 0 11 0 0 11 11 0 11 0 0 0 11 15 11 11 0 0 0 0 11 0 0 11 11 11 11 
11 0 0 0 0 0 0 0 0 0 0 0 0 0 0 11 0 11 0 0 0 0 11 0 0 0 11 
11 0 0 0 0 0 11 0 11 0 0 0 0 0 0 0 0 11 0 0 0 0 0 0 0 0 11 
11 0 0 11 0 0 0 11 11 0 15 0 0 0 0 0 0 0 0 0 0 0 15 0 0 0 11 
11 0 0 0 0 0 11 0 0 15 0 11 11 0 0 0 0 0 15 0 11 0 0 0 0 0 11 
11 0 0 0 0 0 0 0 0 0 11 0 0 0 0 0 0 0 0 15 11 0 0 0 0 0 11 
11 0 11 0 0 11 11 0 11 0 11 0 0 0 0 0 0 0 0 11 0 0 0 11 0 0 11 
11 0 0 11 0 0 0 0 0 0 0 0 0 0 0 11 0 0 0 11 0 0 0 0 11 0 11 
11 0 0 11 0 11 0 0 0 0 0 0 11 0 0 11 0 0 0 0 0 11 0 0 0 0 11 
11 11 11 11 11 11 11 11 11 11 11 11 11 11 11 11 11 11 11 11 11 11 11 11 11 11 11 

11582
11 11 11 11 11 11 11 11 11 11 11 11 11 11 11 11 11 11 11 11 11 11 11 11 11 11 11 
11 0 0 0 11 0 11 0 0 0 0 0 0 0 0 0 11 0 0 0 0 0 0 0 0 0 11 
11 0 11 0 0 0 0 0 0 0 0 0 0 0 0 11 0 0 0 0 0 11 11 0 11 0 11 
11 0 0 0 0 0 0 0 0 0 0 0 0 0 11 11 0 11 0 0 0 0 0 0 11 0 11 
11 0 0 11 0 0 11 0 0 0 11 0 11 0 0 0 11 0 0 0 0 0 0 11 0 0 11 
11 0 11 0 0 11 11 0 11 0 0 0 11 0 11 11 0 0 0 0 11 0 0 11 11 11 11 
11 0 0 0 0 0 0 0 0 0 0 0 0 15 0 11 0 11 0 0 0 0 11 0 0 0 11 
11 0 0 0 0 0 11 0 11 0 0 0 0 0 0 0 0 11 0 0 0 0 0 0 0 0 11 
11 0 0 11 0 0 0 11 11 0 15 0 0 0 0 0 0 0 0 15 0 0 15 0 0 0 11 
11 0 0 0 0 0 11 0 0 15 0 11 11 0 0 0 0 0 0 0 11 0 0 0 0 0 11 
11 0 0 0 0 0 0 0 0 0 11 0 0 0 0 0 0 0 0 0 11 0 11 0 0 0 11 
11 0 11 0 0 11 11 0 11 0 11 0 0 0 0 0 0 0 0 11 0 0 0 11 0 0 11 
11 0 0 11 0 0 0 0 0 0 0 0 0 0 0 11 0 0 0 11 0 0 0 0 11 0 11 
11 0 0 11 0 11 0 0 0 0 0 0 11 0 0 11 0 0 0 0 0 11 0 0 0 0 11 
11 11 11 11 11 11 11 11 11 11 11 11 11 11 11 11 11 11 11 11 11 11 11 11 11 11 11 

11582
11 11 11 11 11 11 11 11 11 11 11 11 11 11 11 11 11 11 11 11 11 11 11 11 11 11 11 
11 0 0 0 11 0 11 0 0 0 0 0 0 0 0 0 11 0 0 0 0 0 0 0 0 0 11 
11 0 11 0 0 0 0 0 0 0 0 0 0 0 0 11 0 0 0 0 0 11 11 0 11 0 11 
11 0 0 0 0 0 0 0 0 0 0 0 0 0 11 11 0 11 0 0 0 0 0 0 11 0 11 
11 0 0 11 0 0 11 0 0 0 11 0 11 0 0 0 11 0 0 0 0 0 0 11 0 0 11 
11 0 11 0 0 11 11 0 11 0 0 0 11 0 11 11 0 0 0 0 11 0 0 11 11 11 11 
11 0 0 0 0 0 0 0 0 0 0 0 0 15 0 11 0 11 0 0 0 0 11 0 0 0 11 
11 0 0 0 0 0 11 0 11 0 0 0 0 0 0 0 0 11 0 0 0 0 0 0 0 0 11 
11 0 0 11 0 0 0 11 11 0 15 0 0 0 0 0 0 0 0 15 0 0 15 0 0 0 11 
11 0 0 0 0 0 11 0 0 15 0 11 11 0 0 0 0 0 0 0 11 0 0 0 0 0 11 
11 0 0 0 0 0 0 0 0 0 11 0 0 0 0 0 0 0 0 0 11 0 11 0 0 0 11 
11 0 11 0 0 11 11 0 11 0 11 0 0 0 0 0 0 0 0 11 0 0 0 11 0 0 11 
11 0 0 11 0 0 0 0 0 0 0 0 0 0 0 11 0 0 0 11 0 0 0 0 11 0 11 
11 0 0 11 0 11 0 0 0 0 0 0 11 0 0 11 0 0 0 0 0 11 0 0 0 0 11 
11 11 11 11 11 11 11 11 11 11 11 11 11 11 11 11 11 11 11 11 11 11 11 11 11 11 11 

11582
11 11 11 11 11 11 11 11 11 11 11 11 11 11 11 11 11 11 11 11 11 11 11 11 11 11 11 
11 0 0 0 11 0 11 0 0 0 0 0 0 0 0 0 11 0 0 0 0 0 0 0 0 0 11 
11 0 11 0 0 0 0 0 0 0 0 0 0 0 0 11 0 0 0 0 0 11 11 0 11 0 11 
11 0 0 0 0 0 0 0 0 0 0 0 0 0 11 11 0 11 0 0 0 0 0 0 11 0 11 
11 0 0 11 0 0 11 0 0 0 11 0 11 0 0 0 11 0 0 0 0 0 0 11 0 0 11 
11 0 11 0 0 11 11 0 11 0 0 0 11 0 11 11 0 0 0 0 11 0 0 11 11 11 11 
11 0 0 0 0 0 0 0 0 0 0 0 0 15 0 11 0 11 0 0 0 0 11 0 0 0 11 
11 0 0 0 0 0 11 0 11 0 0 0 0 0 0 0 0 11 0 0 0 0 0 0 0 0 11 
11 0 0 11 0 0 0 11 11 0 15 0 0 0 0 0 0 0 0 15 0 0 15 0 0 0 11 
11 0 0 0 0 0 11 0 0 15 0 11 11 0 0 0 0 0 0 0 11 0 0 0 0 0 11 
11 0 0 0 0 0 0 0 0 0 11 0 0 0 0 0 0 0 0 0 11 0 11 0 0 0 11 
11 0 11 0 0 11 11 0 11 0 11 0 0 0 0 0 0 0 0 11 0 0 0 11 0 0 11 
11 0 0 11 0 0 0 0 0 0 0 0 0 0 0 11 0 0 0 11 0 0 0 0 11 0 11 
11 0 0 11 0 11 0 0 0 0 0 0 11 0 0 11 0 0 0 0 0 11 0 0 0 0 11 
11 11 11 11 11 11 11 11 11 11 11 11 11 11 11 11 11 11 11 11 11 11 11 11 11 11 11 

11582
11 11 11 11 11 11 11 11 11 11 11 11 11 11 11 11 11 11 11 11 11 11 11 11 11 11 11 
11 0 0 0 11 0 11 0 0 0 0 0 0 0 0 0 11 0 0 0 0 0 0 0 0 0 11 
11 0 11 0 0 0 0 0 0 0 0 0 0 0 0 11 0 0 0 0 0 11 11 0 11 0 11 
11 0 0 0 0 0 0 0 0 0 0 0 0 0 11 11 0 11 0 0 0 0 0 0 11 0 11 
11 0 0 11 0 0 11 0 0 0 11 0 11 0 0 0 11 0 0 0 0 0 0 11 0 0 11 
11 0 11 0 0 11 11 0 11 0 0 0 11 0 11 11 0 0 0 0 11 0 0 11 11 11 11 
11 0 0 0 0 0 0 0 0 0 0 0 0 0 0 11 0 11 0 0 0 0 11 0 0 0 11 
11 0 0 0 0 0 11 0 11 0 0 0 0 15 0 0 0 11 0 0 15 0 0 0 0 0 11 
11 0 0 11 0 0 0 11 11 0 15 0 0 0 0 0 0 0 0 15 0 0 0 0 0 0 11 
11 0 0 0 0 0 11 0 0 0 0 11 11 0 0 0 0 0 0 0 11 0 0 0 0 0 11 
11 0 0 0 0 0 0 0 0 15 11 0 0 0 0 0 0 0 0 0 11 0 0 0 0 0 11 
11 0 11 0 0 11 11 0 11 0 11 0 0 0 0 0 0 0 0 11 0 0 0 11 0 0 11 
11 0 0 11 0 0 0 0 0 0 0 0 0 0 0 11 0 0 0 11 0 0 0 0 11 0 11 
11 0 0 11 0 11 0 0 0 0 0 0 11 0 0 11 0 0 0 0 0 11 0 0 0 0 11 
11 11 11 11 11 11 11 11 11 11 11 11 11 11 11 11 11 11 11 11 11 11 11 11 11 11 11 

