11985
11 11 11 11 11 11 11 11 11 11 11 11 11 11 11 11 11 11 11 11 11 11 11 11 11 11 11 
11 0 0 0 0 0 0 0 0 0 0 0 0 0 0 0 0 11 11 0 0 0 0 0 0 0 11 
11 0 0 0 0 0 0 0 0 0 0 0 0 0 0 0 0 0 0 0 0 11 0 0 0 11 11 
11 0 0 0 0 11 0 11 0 0 11 0 0 11 0 0 0 0 11 0 0 0 0 0 0 11 11 
11 0 11 0 0 0 0 0 11 0 0 0 0 11 0 0 11 11 0 11 11 0 0 11 11 0 11 
11 0 0 11 0 0 0 0 0 11 0 0 0 0 11 11 0 0 0 11 11 0 0 0 0 0 11 
11 0 0 0 0 11 0 0 0 0 0 0 0 11 0 0 0 0 0 0 0 0 0 0 11 11 11 
11 0 0 0 0 0 14 0 15 11 0 0 0 0 0 0 0 0 11 0 0 11 0 0 0 0 11 
11 11 0 0 0 0 0 0 11 0 0 0 0 11 0 11 0 0 0 0 0 11 11 0 0 0 11 
11 0 0 0 0 0 11 11 0 11 11 0 11 11 15 0 0 0 0 0 0 0 0 0 0 11 11 
11 0 11 0 0 0 0 0 11 11 11 15 0 15 11 0 0 0 0 0 0 0 0 0 0 0 11 
11 0 0 0 0 0 11 0 0 0 0 0 0 0 0 0 15 15 0 0 0 0 0 0 0 0 11 
11 0 0 0 0 0 0 0 0 0 0 0 0 0 11 0 0 11 0 0 0 0 0 0 0 0 11 
11 0 0 0 0 0 11 11 0 0 11 0 0 0 11 0 11 11 0 11 0 11 0 0 0 0 11 
11 0 11 0 0 0 0 0 0 0 0 0 0 0 0 0 0 0 0 11 0 0 0 11 0 0 11 
11 0 0 0 11 0 0 0 0 11 11 0 0 11 0 0 11 0 0 0 0 0 0 0 0 0 11 
11 11 11 11 11 11 11 11 11 11 11 11 11 11 11 11 11 11 11 11 11 11 11 11 11 11 11 

11985
11 11 11 11 11 11 11 11 11 11 11 11 11 11 11 11 11 11 11 11 11 11 11 11 11 11 11 
11 0 0 0 0 0 0 0 0 0 0 0 0 0 0 0 0 11 11 0 0 0 0 0 0 0 11 
11 0 0 0 0 0 0 0 0 0 0 0 0 0 0 0 0 0 0 0 0 11 0 0 0 11 11 
11 0 0 0 0 11 0 11 0 0 11 0 0 11 0 0 0 0 11 0 0 0 0 0 0 11 11 
11 0 11 0 0 0 0 0 11 0 0 0 0 11 0 0 11 11 0 11 11 0 0 11 11 0 11 
11 0 0 11 0 0 0 0 0 11 0 0 0 0 11 11 0 0 0 11 11 0 0 0 0 0 11 
11 0 0 0 0 11 0 0 0 0 0 0 0 11 0 0 0 0 0 0 0 0 0 0 11 11 11 
11 0 0 0 0 0 14 0 15 11 0 0 0 0 0 0 0 0 11 0 0 11 0 0 0 0 11 
11 11 0 0 0 0 0 0 11 0 0 0 0 11 0 11 0 0 0 0 0 11 11 0 0 0 11 
11 0 0 0 0 0 11 11 0 11 11 0 11 11 15 0 0 0 0 0 0 0 0 0 0 11 11 
11 0 11 0 0 0 0 0 11 11 11 15 0 15 11 0 0 0 0 0 0 0 0 0 0 0 11 
11 0 0 0 0 0 11 0 0 0 0 0 0 0 0 0 15 15 0 0 0 0 0 0 0 0 11 
11 0 0 0 0 0 0 0 0 0 0 0 0 0 11 0 0 11 0 0 0 0 0 0 0 0 11 
11 0 0 0 0 0 11 11 0 0 11 0 0 0 11 0 11 11 0 11 0 11 0 0 0 0 11 
11 0 11 0 0 0 0 0 0 0 0 0 0 0 0 0 0 0 0 11 0 0 0 11 0 0 11 
11 0 0 0 11 0 0 0 0 11 11 0 0 11 0 0 11 0 0 0 0 0 0 0 0 0 11 
11 11 11 11 11 11 11 11 11 11 11 11 11 11 11 11 11 11 11 11 11 11 11 11 11 11 11 

11985
11 11 11 11 11 11 11 11 11 11 11 11 11 11 11 11 11 11 11 11 11 11 11 11 11 11 11 
11 0 0 0 0 0 0 0 0 0 0 0 0 0 0 0 0 11 11 0 0 0 0 0 0 0 11 
11 0 0 0 0 0 0 0 0 0 0 0 0 0 0 0 0 0 0 0 0 11 0 0 0 11 11 
11 0 0 0 0 11 0 11 0 0 11 0 0 11 0 0 0 0 11 0 0 0 0 0 0 11 11 
11 0 11 0 0 0 0 0 11 0 0 0 0 11 0 0 11 11 0 11 11 0 0 11 11 0 11 
11 0 0 11 0 0 0 0 0 11 0 0 0 0 11 11 0 0 0 11 11 0 0 0 0 0 11 
11 0 0 0 0 11 0 0 0 0 0 0 0 11 0 0 0 0 0 0 0 0 0 0 11 11 11 
11 0 0 0 0 0 14 0 15 11 0 0 0 0 0 0 0 0 11 0 0 11 0 0 0 0 11 
11 11 0 0 0 0 0 0 11 0 0 0 0 11 0 11 0 0 0 0 0 11 11 0 0 0 11 
11 0 0 0 0 0 11 11 0 11 11 0 11 11 15 0 0 0 0 0 0 0 0 0 0 11 11 
11 0 11 0 0 0 0 0 11 11 11 15 0 15 11 0 0 0 0 0 0 0 0 0 0 0 11 
11 0 0 0 0 0 11 0 0 0 0 0 0 0 0 0 15 15 0 0 0 0 0 0 0 0 11 
11 0 0 0 0 0 0 0 0 0 0 0 0 0 11 0 0 11 0 0 0 0 0 0 0 0 11 
11 0 0 0 0 0 11 11 0 0 11 0 0 0 11 0 11 11 0 11 0 11 0 0 0 0 11 
11 0 11 0 0 0 0 0 0 0 0 0 0 0 0 0 0 0 0 11 0 0 0 11 0 0 11 
11 0 0 0 11 0 0 0 0 11 11 0 0 11 0 0 11 0 0 0 0 0 0 0 0 0 11 
11 11 11 11 11 11 11 11 11 11 11 11 11 11 11 11 11 11 11 11 11 11 11 11 11 11 11 

11971
11 11 11 11 11 11 11 11 11 11 11 11 11 11 11 11 11 11 11 11 11 11 11 11 11 11 11 
11 0 0 0 0 0 0 0 0 0 0 0 0 0 0 0 0 11 11 0 0 0 0 0 0 0 11 
11 0 0 0 0 0 0 0 0 0 0 0 0 0 0 0 0 0 0 0 0 11 0 0 0 11 11 
11 0 0 0 0 11 0 11 0 0 11 0 0 11 0 0 0 0 11 0 0 0 0 0 0 11 11 
11 0 11 0 0 0 0 0 11 0 0 0 0 11 0 0 11 11 0 11 11 0 0 11 11 0 11 
11 0 0 11 0 0 0 0 0 11 0 0 0 0 11 11 0 0 0 11 11 0 0 0 0 0 11 
11 0 0 0 0 11 13 0 0 0 0 0 0 11 0 0 0 0 0 0 0 0 0 0 11 11 11 
11 0 0 0 0 0 0 0 0 11 0 0 0 0 0 0 0 0 11 0 0 11 0 0 0 0 11 
11 11 0 15 0 0 0 0 11 0 0 0 0 11 0 11 0 0 0 0 0 11 11 0 0 0 11 
11 0 0 0 0 0 11 11 0 11 11 0 11 11 15 0 0 0 0 0 0 0 0 11 0 11 11 
11 0 11 0 0 0 0 13 11 11 11 0 0 0 11 0 0 0 0 0 0 0 0 11 0 0 11 
11 0 0 0 0 0 11 0 0 0 0 13 0 0 0 15 0 0 0 0 0 0 0 0 0 0 11 
11 0 0 0 0 0 0 0 0 0 0 0 15 0 11 0 0 11 0 0 0 0 0 0 0 0 11 
11 0 0 0 0 0 11 11 0 0 11 0 0 0 11 0 11 11 0 11 0 11 0 0 0 0 11 
11 0 11 0 0 0 0 0 0 0 0 0 0 0 0 0 0 0 0 11 0 0 0 11 0 0 11 
11 0 0 0 11 0 0 0 0 11 11 0 0 11 0 0 11 0 0 0 0 0 0 0 0 0 11 
11 11 11 11 11 11 11 11 11 11 11 11 11 11 11 11 11 11 11 11 11 11 11 11 11 11 11 

11971
11 11 11 11 11 11 11 11 11 11 11 11 11 11 11 11 11 11 11 11 11 11 11 11 11 11 11 
11 0 0 0 0 0 0 0 0 0 0 0 0 0 0 0 0 11 11 0 0 0 0 0 0 0 11 
11 0 0 0 0 0 0 0 0 0 0 0 0 0 0 0 0 0 0 0 0 11 0 0 0 11 11 
11 0 0 0 0 11 0 11 0 0 11 0 0 11 0 0 0 0 11 0 0 0 0 0 0 11 11 
11 0 11 0 0 0 0 0 11 0 0 0 0 11 0 0 11 11 0 11 11 0 0 11 11 0 11 
11 0 0 11 0 0 0 0 0 11 0 0 0 0 11 11 0 0 0 11 11 0 0 0 0 0 11 
11 0 0 0 0 11 13 0 0 0 0 0 0 11 0 0 0 0 0 0 0 0 0 0 11 11 11 
11 0 0 0 0 0 0 0 0 11 0 0 0 0 0 0 0 0 11 0 0 11 0 0 0 0 11 
11 11 0 15 0 0 0 0 11 0 0 0 0 11 0 11 0 0 0 0 0 11 11 0 0 0 11 
11 0 0 0 0 0 11 11 0 11 11 0 11 11 15 0 0 0 0 0 0 0 0 11 0 11 11 
11 0 11 0 0 0 0 13 11 11 11 0 0 0 11 0 0 0 0 0 0 0 0 11 0 0 11 
11 0 0 0 0 0 11 0 0 0 0 13 0 0 0 15 0 0 0 0 0 0 0 0 0 0 11 
11 0 0 0 0 0 0 0 0 0 0 0 15 0 11 0 0 11 0 0 0 0 0 0 0 0 11 
11 0 0 0 0 0 11 11 0 0 11 0 0 0 11 0 11 11 0 11 0 11 0 0 0 0 11 
11 0 11 0 0 0 0 0 0 0 0 0 0 0 0 0 0 0 0 11 0 0 0 11 0 0 11 
11 0 0 0 11 0 0 0 0 11 11 0 0 11 0 0 11 0 0 0 0 0 0 0 0 0 11 
11 11 11 11 11 11 11 11 11 11 11 11 11 11 11 11 11 11 11 11 11 11 11 11 11 11 11 

12011
11 11 11 11 11 11 11 11 11 11 11 11 11 11 11 11 11 11 11 11 11 11 11 11 11 11 11 
11 0 0 0 0 0 0 0 0 0 0 0 0 0 0 0 0 11 11 0 0 0 0 0 0 0 11 
11 0 0 0 0 0 0 0 0 0 0 0 0 0 0 0 0 0 0 0 0 11 0 0 0 0 11 
11 0 0 0 0 11 0 11 0 0 11 0 0 11 0 11 0 0 11 0 0 0 0 0 0 11 11 
11 0 11 0 0 0 0 0 11 0 0 0 0 11 0 0 11 11 0 11 11 0 0 11 11 0 11 
11 0 0 11 0 0 0 0 0 11 0 0 0 0 11 11 0 0 0 11 11 0 0 0 0 0 11 
11 0 0 0 0 11 0 0 0 11 0 0 0 11 0 0 0 0 0 0 0 0 0 0 0 11 11 
11 0 0 0 0 0 0 0 15 0 0 0 0 0 0 0 0 0 11 0 0 11 0 0 0 0 11 
11 11 0 0 0 0 15 0 11 0 0 0 0 11 0 11 0 0 0 0 0 11 11 0 0 0 11 
11 0 0 0 0 0 11 11 0 11 11 0 11 11 0 15 0 0 0 0 0 0 0 0 0 11 11 
11 0 11 0 0 0 0 0 11 11 11 0 0 15 11 0 0 0 0 0 0 0 0 0 0 0 11 
11 0 0 0 0 0 11 0 0 0 11 0 0 15 0 0 0 0 0 0 0 0 0 0 0 0 11 
11 0 0 0 0 0 0 0 0 0 11 0 0 0 11 0 0 11 0 0 0 0 0 0 0 0 11 
11 0 0 0 0 0 11 11 0 0 11 0 0 0 11 0 11 11 15 11 0 11 0 0 0 0 11 
11 0 11 0 0 0 0 0 0 0 0 0 0 0 0 0 0 0 0 11 0 0 0 11 0 0 11 
11 0 0 0 11 0 0 0 0 11 11 0 0 11 0 0 11 0 0 0 0 0 0 0 0 0 11 
11 11 11 11 11 11 11 11 11 11 11 11 11 11 11 11 11 11 11 11 11 11 11 11 11 11 11 

12011
11 11 11 11 11 11 11 11 11 11 11 11 11 11 11 11 11 11 11 11 11 11 11 11 11 11 11 
11 0 0 0 0 0 0 0 0 0 0 0 0 0 0 0 0 11 11 0 0 0 0 0 0 0 11 
11 0 0 0 0 0 0 0 0 0 0 0 0 0 0 0 0 0 0 0 0 11 0 0 0 0 11 
11 0 0 0 0 11 0 11 0 0 11 0 0 11 0 11 0 0 11 0 0 0 0 0 0 11 11 
11 0 11 0 0 0 0 0 11 0 0 0 0 11 0 0 11 11 0 11 11 0 0 11 11 0 11 
11 0 0 11 0 0 0 0 0 11 0 0 0 0 11 11 0 0 0 11 11 0 0 0 0 0 11 
11 0 0 0 0 11 0 0 0 11 0 0 0 11 0 0 0 0 0 0 0 0 0 0 0 11 11 
11 0 0 0 0 0 0 0 15 0 0 0 0 0 0 0 0 0 11 0 0 11 0 0 0 0 11 
11 11 0 0 0 0 15 0 11 0 0 0 0 11 0 11 0 0 0 0 0 11 11 0 0 0 11 
11 0 0 0 0 0 11 11 0 11 11 0 11 11 0 15 0 0 0 0 0 0 0 0 0 11 11 
11 0 11 0 0 0 0 0 11 11 11 0 0 15 11 0 0 0 0 0 0 0 0 0 0 0 11 
11 0 0 0 0 0 11 0 0 0 11 0 0 15 0 0 0 0 0 0 0 0 0 0 0 0 11 
11 0 0 0 0 0 0 0 0 0 11 0 0 0 11 0 0 11 0 0 0 0 0 0 0 0 11 
11 0 0 0 0 0 11 11 0 0 11 0 0 0 11 0 11 11 15 11 0 11 0 0 0 0 11 
11 0 11 0 0 0 0 0 0 0 0 0 0 0 0 0 0 0 0 11 0 0 0 11 0 0 11 
11 0 0 0 11 0 0 0 0 11 11 0 0 11 0 0 11 0 0 0 0 0 0 0 0 0 11 
11 11 11 11 11 11 11 11 11 11 11 11 11 11 11 11 11 11 11 11 11 11 11 11 11 11 11 

12011
11 11 11 11 11 11 11 11 11 11 11 11 11 11 11 11 11 11 11 11 11 11 11 11 11 11 11 
11 0 0 0 0 0 0 0 0 0 0 0 0 0 0 0 0 11 11 0 0 0 0 0 0 0 11 
11 0 0 0 0 0 0 0 0 0 0 0 0 0 0 0 0 0 0 0 0 11 0 0 0 0 11 
11 0 0 0 0 11 0 11 0 0 11 0 0 11 0 11 0 0 11 0 0 0 0 0 0 11 11 
11 0 11 0 0 0 0 0 11 0 0 0 0 11 0 0 11 11 0 11 11 0 0 11 11 0 11 
11 0 0 11 0 0 0 0 0 11 0 0 0 0 11 11 0 0 0 11 11 0 0 0 0 0 11 
11 0 0 0 0 11 0 0 0 11 0 0 0 11 0 0 0 0 0 0 0 0 0 0 0 11 11 
11 0 0 0 0 0 0 0 15 0 0 0 0 0 0 0 0 0 11 0 0 11 0 0 0 0 11 
11 11 0 0 0 0 15 0 11 0 0 0 0 11 0 11 0 0 0 0 0 11 11 0 0 0 11 
11 0 0 0 0 0 11 11 0 11 11 0 11 11 0 15 0 0 0 0 0 0 0 0 0 11 11 
11 0 11 0 0 0 0 0 11 11 11 0 0 15 11 0 0 0 0 0 0 0 0 0 0 0 11 
11 0 0 0 0 0 11 0 0 0 11 0 0 15 0 0 0 0 0 0 0 0 0 0 0 0 11 
11 0 0 0 0 0 0 0 0 0 11 0 0 0 11 0 0 11 0 0 0 0 0 0 0 0 11 
11 0 0 0 0 0 11 11 0 0 11 0 0 0 11 0 11 11 15 11 0 11 0 0 0 0 11 
11 0 11 0 0 0 0 0 0 0 0 0 0 0 0 0 0 0 0 11 0 0 0 11 0 0 11 
11 0 0 0 11 0 0 0 0 11 11 0 0 11 0 0 11 0 0 0 0 0 0 0 0 0 11 
11 11 11 11 11 11 11 11 11 11 11 11 11 11 11 11 11 11 11 11 11 11 11 11 11 11 11 

11994
11 11 11 11 11 11 11 11 11 11 11 11 11 11 11 11 11 11 11 11 11 11 11 11 11 11 11 
11 0 0 0 0 0 0 0 0 0 0 0 0 0 0 0 0 11 11 0 0 0 0 0 0 0 11 
11 0 0 0 0 0 0 0 0 0 0 0 0 0 0 0 0 0 0 0 0 11 0 0 0 0 11 
11 0 0 0 0 11 0 11 0 0 11 0 0 11 0 11 0 0 11 0 0 0 0 0 0 11 11 
11 0 11 0 0 0 0 0 11 0 0 0 0 11 0 0 11 11 0 11 11 0 0 11 11 0 11 
11 0 0 11 0 0 0 0 0 11 0 0 0 0 11 11 0 0 0 11 11 0 0 0 0 0 11 
11 0 0 0 0 11 0 0 0 11 0 0 0 11 0 0 0 0 0 0 0 0 0 0 0 11 11 
11 0 0 0 0 0 0 0 0 0 0 0 0 0 0 0 0 0 11 0 0 11 0 0 0 0 11 
11 11 0 15 0 0 15 0 11 0 0 15 0 11 0 11 0 0 0 0 0 11 11 0 0 0 11 
11 0 0 0 0 0 11 11 0 11 11 0 11 11 15 15 0 0 0 0 0 0 0 0 0 11 11 
11 0 11 0 0 0 0 0 11 11 11 0 0 0 11 0 0 0 0 0 0 0 0 0 0 0 11 
11 0 0 0 0 0 11 0 0 0 0 0 0 15 0 0 15 0 0 0 0 0 0 0 0 0 11 
11 0 0 0 0 0 0 0 0 0 11 0 0 0 11 0 0 11 0 0 0 0 0 0 0 0 11 
11 0 0 0 0 0 11 11 0 0 11 0 0 0 11 0 11 11 0 11 0 11 0 0 0 0 11 
11 0 11 0 0 0 0 0 0 0 0 0 0 0 0 0 0 0 0 11 0 0 0 11 0 0 11 
11 0 0 0 11 0 0 0 0 11 11 0 0 11 0 0 11 0 0 0 0 0 0 0 0 0 11 
11 11 11 11 11 11 11 11 11 11 11 11 11 11 11 11 11 11 11 11 11 11 11 11 11 11 11 

11994
11 11 11 11 11 11 11 11 11 11 11 11 11 11 11 11 11 11 11 11 11 11 11 11 11 11 11 
11 0 0 0 0 0 0 0 0 0 0 0 0 0 0 0 0 11 11 0 0 0 0 0 0 0 11 
11 0 0 0 0 0 0 0 0 0 0 0 0 0 0 0 0 0 0 0 0 11 0 0 0 0 11 
11 0 0 0 0 11 0 11 0 0 11 0 0 11 0 11 0 0 11 0 0 0 0 0 0 11 11 
11 0 11 0 0 0 0 0 11 0 0 0 0 11 0 0 11 11 0 11 11 0 0 11 11 0 11 
11 0 0 11 0 0 0 0 0 11 0 0 0 0 11 11 0 0 0 11 11 0 0 0 0 0 11 
11 0 0 0 0 11 0 0 0 11 0 0 0 11 0 0 0 0 0 0 0 0 0 0 0 11 11 
11 0 0 0 0 0 0 0 0 0 0 0 0 0 0 0 0 0 11 0 0 11 0 0 0 0 11 
11 11 0 15 0 0 15 0 11 0 0 15 0 11 0 11 0 0 0 0 0 11 11 0 0 0 11 
11 0 0 0 0 0 11 11 0 11 11 0 11 11 15 15 0 0 0 0 0 0 0 0 0 11 11 
11 0 11 0 0 0 0 0 11 11 11 0 0 0 11 0 0 0 0 0 0 0 0 0 0 0 11 
11 0 0 0 0 0 11 0 0 0 0 0 0 15 0 0 15 0 0 0 0 0 0 0 0 0 11 
11 0 0 0 0 0 0 0 0 0 11 0 0 0 11 0 0 11 0 0 0 0 0 0 0 0 11 
11 0 0 0 0 0 11 11 0 0 11 0 0 0 11 0 11 11 0 11 0 11 0 0 0 0 11 
11 0 11 0 0 0 0 0 0 0 0 0 0 0 0 0 0 0 0 11 0 0 0 11 0 0 11 
11 0 0 0 11 0 0 0 0 11 11 0 0 11 0 0 11 0 0 0 0 0 0 0 0 0 11 
11 11 11 11 11 11 11 11 11 11 11 11 11 11 11 11 11 11 11 11 11 11 11 11 11 11 11 

12025
11 11 11 11 11 11 11 11 11 11 11 11 11 11 11 11 11 11 11 11 11 11 11 11 11 11 11 
11 0 0 0 0 0 0 0 0 0 0 0 0 0 0 0 0 11 11 0 0 0 0 0 0 0 11 
11 0 0 0 0 0 0 0 0 0 0 0 0 0 0 0 0 0 0 0 0 11 0 0 0 0 11 
11 0 0 0 0 11 0 11 0 0 11 0 0 11 0 11 0 0 11 0 0 0 0 0 0 11 11 
11 0 11 0 0 0 0 0 11 0 0 0 0 11 0 0 11 11 0 11 11 0 0 11 11 0 11 
11 0 0 11 0 0 0 0 0 11 0 0 0 0 11 11 0 0 0 11 0 0 0 0 0 0 11 
11 0 0 0 0 11 0 0 0 0 0 0 0 11 0 0 0 0 0 0 0 0 0 0 0 11 11 
11 0 0 0 0 0 0 0 15 11 0 0 0 0 0 0 0 0 11 0 0 11 0 0 0 0 11 
11 11 0 0 0 0 0 0 11 0 0 0 0 11 11 11 0 0 0 0 0 11 11 0 0 0 11 
11 0 0 15 0 0 11 11 0 11 11 0 11 11 0 15 0 0 0 0 0 0 0 0 0 11 11 
11 0 11 0 0 0 0 0 11 11 11 0 0 0 11 0 0 0 0 0 0 0 0 0 0 0 11 
11 0 0 0 0 0 11 0 11 0 0 0 0 15 0 0 0 15 0 0 0 0 0 0 0 0 11 
11 0 0 0 0 0 0 0 0 0 0 0 15 0 11 0 0 11 0 0 0 0 0 0 0 0 11 
11 0 0 0 0 0 11 11 0 0 11 0 0 0 11 0 11 11 0 11 0 11 0 0 0 0 11 
11 0 11 0 0 0 0 0 0 0 0 0 0 0 0 0 0 0 0 11 0 0 0 11 0 0 11 
11 0 0 0 11 0 0 0 0 11 11 0 0 11 0 0 11 0 0 0 0 0 0 0 0 0 11 
11 11 11 11 11 11 11 11 11 11 11 11 11 11 11 11 11 11 11 11 11 11 11 11 11 11 11 

12025
11 11 11 11 11 11 11 11 11 11 11 11 11 11 11 11 11 11 11 11 11 11 11 11 11 11 11 
11 0 0 0 0 0 0 0 0 0 0 0 0 0 0 0 0 11 11 0 0 0 0 0 0 0 11 
11 0 0 0 0 0 0 0 0 0 0 0 0 0 0 0 0 0 0 0 0 11 0 0 0 0 11 
11 0 0 0 0 11 0 11 0 0 11 0 0 11 0 11 0 0 11 0 0 0 0 0 0 11 11 
11 0 11 0 0 0 0 0 11 0 0 0 0 11 0 0 11 11 0 11 11 0 0 11 11 0 11 
11 0 0 11 0 0 0 0 0 11 0 0 0 0 11 11 0 0 0 11 0 0 0 0 0 0 11 
11 0 0 0 0 11 0 0 0 0 0 0 0 11 0 0 0 0 0 0 0 0 0 0 0 11 11 
11 0 0 0 0 0 0 0 15 11 0 0 0 0 0 0 0 0 11 0 0 11 0 0 0 0 11 
11 11 0 0 0 0 0 0 11 0 0 0 0 11 11 11 0 0 0 0 0 11 11 0 0 0 11 
11 0 0 15 0 0 11 11 0 11 11 0 11 11 0 15 0 0 0 0 0 0 0 0 0 11 11 
11 0 11 0 0 0 0 0 11 11 11 0 0 0 11 0 0 0 0 0 0 0 0 0 0 0 11 
11 0 0 0 0 0 11 0 11 0 0 0 0 15 0 0 0 15 0 0 0 0 0 0 0 0 11 
11 0 0 0 0 0 0 0 0 0 0 0 15 0 11 0 0 11 0 0 0 0 0 0 0 0 11 
11 0 0 0 0 0 11 11 0 0 11 0 0 0 11 0 11 11 0 11 0 11 0 0 0 0 11 
11 0 11 0 0 0 0 0 0 0 0 0 0 0 0 0 0 0 0 11 0 0 0 11 0 0 11 
11 0 0 0 11 0 0 0 0 11 11 0 0 11 0 0 11 0 0 0 0 0 0 0 0 0 11 
11 11 11 11 11 11 11 11 11 11 11 11 11 11 11 11 11 11 11 11 11 11 11 11 11 11 11 

12025
11 11 11 11 11 11 11 11 11 11 11 11 11 11 11 11 11 11 11 11 11 11 11 11 11 11 11 
11 0 0 0 0 0 0 0 0 0 0 0 0 0 0 0 0 11 11 0 0 0 0 0 0 0 11 
11 0 0 0 0 0 0 0 0 0 0 0 0 0 0 0 0 0 0 0 0 11 0 0 0 0 11 
11 0 0 0 0 11 0 11 0 0 11 0 0 11 0 11 0 0 11 0 0 0 0 0 0 11 11 
11 0 11 0 0 0 0 0 11 0 0 0 0 11 0 0 11 11 0 11 11 0 0 11 11 0 11 
11 0 0 11 0 0 0 0 0 11 0 0 0 0 11 11 0 0 0 11 0 0 0 0 0 0 11 
11 0 0 0 0 11 0 0 0 0 0 0 0 11 0 0 0 0 0 0 0 0 0 0 0 11 11 
11 0 0 0 0 0 0 0 15 11 0 0 0 0 0 0 0 0 11 0 0 11 0 0 0 0 11 
11 11 0 0 0 0 0 0 11 0 0 0 0 11 11 11 0 0 0 0 0 11 11 0 0 0 11 
11 0 0 15 0 0 11 11 0 11 11 0 11 11 0 15 0 0 0 0 0 0 0 0 0 11 11 
11 0 11 0 0 0 0 0 11 11 11 0 0 0 11 0 0 0 0 0 0 0 0 0 0 0 11 
11 0 0 0 0 0 11 0 11 0 0 0 0 15 0 0 0 15 0 0 0 0 0 0 0 0 11 
11 0 0 0 0 0 0 0 0 0 0 0 15 0 11 0 0 11 0 0 0 0 0 0 0 0 11 
11 0 0 0 0 0 11 11 0 0 11 0 0 0 11 0 11 11 0 11 0 11 0 0 0 0 11 
11 0 11 0 0 0 0 0 0 0 0 0 0 0 0 0 0 0 0 11 0 0 0 11 0 0 11 
11 0 0 0 11 0 0 0 0 11 11 0 0 11 0 0 11 0 0 0 0 0 0 0 0 0 11 
11 11 11 11 11 11 11 11 11 11 11 11 11 11 11 11 11 11 11 11 11 11 11 11 11 11 11 

12012
11 11 11 11 11 11 11 11 11 11 11 11 11 11 11 11 11 11 11 11 11 11 11 11 11 11 11 
11 0 0 0 0 0 0 0 0 0 0 0 0 0 0 0 0 11 11 0 0 0 0 0 0 0 11 
11 0 0 0 0 0 0 0 0 0 0 0 0 0 0 0 0 0 0 0 0 11 0 0 0 0 11 
11 0 0 0 0 11 0 11 0 0 11 0 0 11 0 11 0 0 11 0 0 0 0 0 0 11 11 
11 0 11 0 0 0 0 0 11 0 0 0 0 11 0 0 11 11 0 11 11 0 0 11 11 0 11 
11 0 0 11 0 0 0 0 0 11 0 0 0 0 11 11 0 0 0 11 0 0 0 0 0 0 11 
11 0 0 0 0 11 0 0 0 0 0 0 0 11 0 0 0 0 0 0 0 0 0 0 0 11 11 
11 0 0 0 0 0 0 0 0 11 0 0 0 0 0 0 0 0 11 0 0 11 0 0 0 0 11 
11 11 0 0 0 15 15 0 11 0 0 0 0 11 11 11 0 0 0 0 0 11 11 0 0 0 11 
11 0 0 0 0 0 11 11 0 11 11 0 11 11 15 0 0 0 0 0 0 0 0 15 0 11 11 
11 0 11 0 0 0 0 0 11 11 11 0 0 0 11 0 0 0 0 0 0 0 0 0 0 0 11 
11 0 0 0 0 0 11 0 11 0 0 0 0 0 0 0 0 0 0 0 0 0 0 0 0 0 11 
11 0 0 0 0 0 0 0 0 0 0 0 15 0 11 0 0 11 0 0 0 0 0 0 0 0 11 
11 0 0 0 0 0 11 11 0 0 11 0 0 0 11 0 11 11 0 11 0 11 0 0 0 0 11 
11 0 11 0 0 0 0 0 0 0 0 0 0 0 0 0 0 0 0 11 0 0 0 11 0 0 11 
11 0 0 0 11 0 0 0 0 11 11 0 0 11 0 0 11 0 0 0 0 0 0 0 0 0 11 
11 11 11 11 11 11 11 11 11 11 11 11 11 11 11 11 11 11 11 11 11 11 11 11 11 11 11 

12012
11 11 11 11 11 11 11 11 11 11 11 11 11 11 11 11 11 11 11 11 11 11 11 11 11 11 11 
11 0 0 0 0 0 0 0 0 0 0 0 0 0 0 0 0 11 11 0 0 0 0 0 0 0 11 
11 0 0 0 0 0 0 0 0 0 0 0 0 0 0 0 0 0 0 0 0 11 0 0 0 0 11 
11 0 0 0 0 11 0 11 0 0 11 0 0 11 0 11 0 0 11 0 0 0 0 0 0 11 11 
11 0 11 0 0 0 0 0 11 0 0 0 0 11 0 0 11 11 0 11 11 0 0 11 11 0 11 
11 0 0 11 0 0 0 0 0 11 0 0 0 0 11 11 0 0 0 11 0 0 0 0 0 0 11 
11 0 0 0 0 11 0 0 0 0 0 0 0 11 0 0 0 0 0 0 0 0 0 0 0 11 11 
11 0 0 0 0 0 0 0 0 11 0 0 0 0 0 0 0 0 11 0 0 11 0 0 0 0 11 
11 11 0 0 0 15 15 0 11 0 0 0 0 11 11 11 0 0 0 0 0 11 11 0 0 0 11 
11 0 0 0 0 0 11 11 0 11 11 0 11 11 15 0 0 0 0 0 0 0 0 15 0 11 11 
11 0 11 0 0 0 0 0 11 11 11 0 0 0 11 0 0 0 0 0 0 0 0 0 0 0 11 
11 0 0 0 0 0 11 0 11 0 0 0 0 0 0 0 0 0 0 0 0 0 0 0 0 0 11 
11 0 0 0 0 0 0 0 0 0 0 0 15 0 11 0 0 11 0 0 0 0 0 0 0 0 11 
11 0 0 0 0 0 11 11 0 0 11 0 0 0 11 0 11 11 0 11 0 11 0 0 0 0 11 
11 0 11 0 0 0 0 0 0 0 0 0 0 0 0 0 0 0 0 11 0 0 0 11 0 0 11 
11 0 0 0 11 0 0 0 0 11 11 0 0 11 0 0 11 0 0 0 0 0 0 0 0 0 11 
11 11 11 11 11 11 11 11 11 11 11 11 11 11 11 11 11 11 11 11 11 11 11 11 11 11 11 

12048
11 11 11 11 11 11 11 11 11 11 11 11 11 11 11 11 11 11 11 11 11 11 11 11 11 11 11 
11 0 0 0 0 0 0 0 0 0 0 0 0 0 0 0 0 11 11 0 0 0 0 0 0 0 11 
11 0 0 0 0 0 0 0 0 0 0 0 0 0 0 0 0 0 0 0 0 11 0 0 0 11 11 
11 0 0 0 0 11 0 11 0 0 11 0 0 11 0 11 0 0 11 0 0 0 0 0 0 11 11 
11 0 11 0 0 0 0 0 11 0 0 0 0 11 0 0 11 0 0 11 11 0 0 11 11 0 11 
11 0 0 11 0 0 0 0 0 11 0 0 0 0 11 11 0 0 0 11 0 0 0 0 0 0 11 
11 0 0 0 0 11 0 0 0 11 0 0 0 11 0 15 0 0 0 0 0 0 0 0 0 11 11 
11 0 0 0 0 0 0 0 15 11 0 0 0 0 0 0 0 0 11 0 0 11 0 0 0 0 11 
11 11 0 0 0 0 15 0 11 0 0 0 0 11 0 11 0 0 0 0 0 11 11 0 0 0 11 
11 0 0 0 0 0 11 11 0 11 11 0 11 11 15 0 0 0 0 0 0 0 0 11 0 11 11 
11 0 11 0 0 0 0 0 11 11 11 0 0 0 11 0 0 0 0 0 0 0 11 0 0 0 11 
11 0 0 0 0 0 11 0 0 0 0 0 0 0 0 0 0 0 0 0 0 0 0 0 0 0 11 
11 0 0 0 0 0 0 0 0 0 11 0 15 0 11 0 0 11 0 0 0 0 0 0 0 0 11 
11 0 0 0 0 0 11 11 0 0 11 0 0 0 11 0 11 11 0 11 0 11 0 0 0 0 11 
11 0 11 0 0 0 0 0 0 0 0 0 0 0 0 0 0 0 0 11 0 0 0 11 0 0 11 
11 0 0 0 11 0 0 0 0 11 11 0 0 11 0 0 11 0 0 0 0 0 0 0 0 0 11 
11 11 11 11 11 11 11 11 11 11 11 11 11 11 11 11 11 11 11 11 11 11 11 11 11 11 11 

12035
11 11 11 11 11 11 11 11 11 11 11 11 11 11 11 11 11 11 11 11 11 11 11 11 11 11 11 
11 0 0 0 0 0 0 0 0 0 0 0 0 0 0 0 0 11 11 0 0 0 0 0 0 0 11 
11 0 0 0 0 0 0 0 0 0 0 0 0 0 0 0 0 0 0 0 0 11 0 0 0 11 11 
11 0 0 0 0 11 0 11 0 0 11 0 0 11 0 11 0 0 11 0 0 0 0 0 0 11 11 
11 0 11 0 0 0 0 0 11 0 0 0 0 11 0 0 11 0 0 11 11 0 0 11 11 0 11 
11 0 0 11 0 0 0 0 0 11 0 0 0 0 11 11 0 0 0 11 0 0 0 0 0 0 11 
11 0 0 0 0 11 0 0 0 11 0 0 0 11 0 0 0 0 0 0 0 0 0 0 0 11 11 
11 0 0 0 0 0 0 0 15 11 0 0 0 0 0 0 0 0 11 0 0 11 0 0 0 0 11 
11 11 0 0 0 15 0 0 11 0 0 0 0 11 0 11 0 0 0 0 0 11 11 0 0 0 11 
11 0 0 0 0 0 11 11 0 11 11 0 11 11 15 15 0 0 0 0 0 0 0 0 0 11 11 
11 0 11 0 0 0 0 0 11 11 11 0 0 0 11 0 0 0 0 0 0 0 0 0 0 0 11 
11 0 0 0 0 0 11 0 0 0 0 0 0 0 0 0 0 15 0 0 0 0 0 0 0 0 11 
11 0 0 0 0 0 0 0 0 0 11 0 15 0 11 0 0 11 0 0 0 0 0 0 0 0 11 
11 0 0 0 0 0 11 11 0 0 11 0 0 0 11 0 11 11 0 11 0 11 0 0 0 0 11 
11 0 11 0 0 0 0 0 0 0 0 0 0 0 0 0 0 0 0 11 0 0 0 11 0 0 11 
11 0 0 0 11 0 0 0 0 11 11 0 0 11 0 0 11 0 0 0 0 0 0 0 0 0 11 
11 11 11 11 11 11 11 11 11 11 11 11 11 11 11 11 11 11 11 11 11 11 11 11 11 11 11 

12035
11 11 11 11 11 11 11 11 11 11 11 11 11 11 11 11 11 11 11 11 11 11 11 11 11 11 11 
11 0 0 0 0 0 0 0 0 0 0 0 0 0 0 0 0 11 11 0 0 0 0 0 0 0 11 
11 0 0 0 0 0 0 0 0 0 0 0 0 0 0 0 0 0 0 0 0 11 0 0 0 11 11 
11 0 0 0 0 11 0 11 0 0 11 0 0 11 0 11 0 0 11 0 0 0 0 0 0 11 11 
11 0 11 0 0 0 0 0 11 0 0 0 0 11 0 0 11 0 0 11 11 0 0 11 11 0 11 
11 0 0 11 0 0 0 0 0 11 0 0 0 0 11 11 0 0 0 11 0 0 0 0 0 0 11 
11 0 0 0 0 11 0 0 0 11 0 0 0 11 0 0 0 0 0 0 0 0 0 0 0 11 11 
11 0 0 0 0 0 0 0 15 11 0 0 0 0 0 0 0 0 11 0 0 11 0 0 0 0 11 
11 11 0 0 0 15 0 0 11 0 0 0 0 11 0 11 0 0 0 0 0 11 11 0 0 0 11 
11 0 0 0 0 0 11 11 0 11 11 0 11 11 15 15 0 0 0 0 0 0 0 0 0 11 11 
11 0 11 0 0 0 0 0 11 11 11 0 0 0 11 0 0 0 0 0 0 0 0 0 0 0 11 
11 0 0 0 0 0 11 0 0 0 0 0 0 0 0 0 0 15 0 0 0 0 0 0 0 0 11 
11 0 0 0 0 0 0 0 0 0 11 0 15 0 11 0 0 11 0 0 0 0 0 0 0 0 11 
11 0 0 0 0 0 11 11 0 0 11 0 0 0 11 0 11 11 0 11 0 11 0 0 0 0 11 
11 0 11 0 0 0 0 0 0 0 0 0 0 0 0 0 0 0 0 11 0 0 0 11 0 0 11 
11 0 0 0 11 0 0 0 0 11 11 0 0 11 0 0 11 0 0 0 0 0 0 0 0 0 11 
11 11 11 11 11 11 11 11 11 11 11 11 11 11 11 11 11 11 11 11 11 11 11 11 11 11 11 

12035
11 11 11 11 11 11 11 11 11 11 11 11 11 11 11 11 11 11 11 11 11 11 11 11 11 11 11 
11 0 0 0 0 0 0 0 0 0 0 0 0 0 0 0 0 11 11 0 0 0 0 0 0 0 11 
11 0 0 0 0 0 0 0 0 0 0 0 0 0 0 0 0 0 0 0 0 11 0 0 0 11 11 
11 0 0 0 0 11 0 11 0 0 11 0 0 11 0 11 0 0 11 0 0 0 0 0 0 11 11 
11 0 11 0 0 0 0 0 11 0 0 0 0 11 0 0 11 0 0 11 11 0 0 11 11 0 11 
11 0 0 11 0 0 0 0 0 11 0 0 0 0 11 11 0 0 0 11 0 0 0 0 0 0 11 
11 0 0 0 0 11 0 0 0 11 0 0 0 11 0 0 0 0 0 0 0 0 0 0 0 11 11 
11 0 0 0 0 0 0 0 15 11 0 0 0 0 0 0 0 0 11 0 0 11 0 0 0 0 11 
11 11 0 0 0 15 0 0 11 0 0 0 0 11 0 11 0 0 0 0 0 11 11 0 0 0 11 
11 0 0 0 0 0 11 11 0 11 11 0 11 11 15 15 0 0 0 0 0 0 0 0 0 11 11 
11 0 11 0 0 0 0 0 11 11 11 0 0 0 11 0 0 0 0 0 0 0 0 0 0 0 11 
11 0 0 0 0 0 11 0 0 0 0 0 0 0 0 0 0 15 0 0 0 0 0 0 0 0 11 
11 0 0 0 0 0 0 0 0 0 11 0 15 0 11 0 0 11 0 0 0 0 0 0 0 0 11 
11 0 0 0 0 0 11 11 0 0 11 0 0 0 11 0 11 11 0 11 0 11 0 0 0 0 11 
11 0 11 0 0 0 0 0 0 0 0 0 0 0 0 0 0 0 0 11 0 0 0 11 0 0 11 
11 0 0 0 11 0 0 0 0 11 11 0 0 11 0 0 11 0 0 0 0 0 0 0 0 0 11 
11 11 11 11 11 11 11 11 11 11 11 11 11 11 11 11 11 11 11 11 11 11 11 11 11 11 11 

12026
11 11 11 11 11 11 11 11 11 11 11 11 11 11 11 11 11 11 11 11 11 11 11 11 11 11 11 
11 0 0 0 0 0 0 0 0 0 0 0 0 0 0 0 0 11 11 0 0 0 0 0 0 0 11 
11 0 0 0 0 0 0 0 0 0 0 0 0 0 0 0 0 0 0 0 0 11 0 0 0 11 11 
11 0 0 0 0 11 0 11 0 0 11 0 0 11 0 11 0 0 11 0 0 0 0 0 0 11 11 
11 0 11 0 0 0 0 0 11 0 0 0 0 11 0 0 11 0 0 11 11 0 0 11 11 0 11 
11 0 0 11 0 0 0 0 0 11 0 0 0 0 11 11 0 0 0 11 0 0 0 0 0 0 11 
11 0 0 0 0 11 0 0 0 11 0 0 0 11 0 0 0 0 0 0 0 0 0 0 0 11 11 
11 0 0 0 0 0 0 0 15 11 0 0 0 0 0 0 0 0 11 0 0 11 0 0 0 0 11 
11 11 0 0 0 0 15 0 11 0 0 0 0 11 0 11 0 0 0 0 0 11 11 0 0 0 11 
11 0 0 0 0 0 11 11 0 11 11 0 11 11 0 15 0 0 0 0 0 0 0 0 0 11 11 
11 0 11 0 0 0 0 0 11 11 11 0 0 15 11 0 0 0 0 0 0 0 0 0 0 0 11 
11 0 0 0 0 0 11 0 0 0 0 15 0 0 0 0 0 15 0 0 0 0 0 0 0 0 11 
11 0 0 0 0 0 0 0 0 0 11 0 0 0 11 0 0 11 0 0 0 0 0 0 0 0 11 
11 0 0 0 0 0 11 11 0 0 11 0 0 0 11 0 11 11 0 11 0 11 0 0 0 0 11 
11 0 11 0 0 0 0 0 0 0 0 0 0 0 0 0 0 0 0 11 0 0 0 11 0 0 11 
11 0 0 0 11 0 0 0 0 11 11 0 0 11 0 0 11 0 0 0 0 0 0 0 0 0 11 
11 11 11 11 11 11 11 11 11 11 11 11 11 11 11 11 11 11 11 11 11 11 11 11 11 11 11 

12036
11 11 11 11 11 11 11 11 11 11 11 11 11 11 11 11 11 11 11 11 11 11 11 11 11 11 11 
11 0 0 0 0 0 0 0 0 0 0 0 0 0 0 0 0 11 11 0 0 0 0 0 0 0 11 
11 0 0 0 0 0 0 0 0 0 0 0 0 0 0 0 0 0 0 0 0 11 0 0 0 0 11 
11 0 0 0 0 11 0 11 0 0 11 0 0 11 0 0 0 0 11 0 0 0 0 0 0 11 11 
11 0 11 0 0 0 0 0 11 0 0 11 0 11 0 0 11 0 0 11 11 0 0 11 11 0 11 
11 0 0 11 0 0 0 0 0 11 0 0 0 0 11 11 0 0 0 11 11 0 0 0 0 0 11 
11 0 0 0 0 11 0 0 0 11 0 0 0 11 0 0 0 0 0 0 0 0 0 0 0 11 11 
11 0 0 0 0 15 0 0 15 11 0 0 0 0 0 0 0 0 11 0 0 11 0 0 0 0 11 
11 11 0 0 0 0 0 0 11 0 0 0 0 11 11 15 0 0 0 0 0 11 0 0 0 0 11 
11 0 0 0 0 0 11 11 0 11 11 0 11 11 15 0 0 0 0 0 0 0 0 0 0 11 11 
11 0 11 0 0 0 0 0 11 11 11 0 0 0 11 0 0 0 0 0 0 0 0 0 0 0 11 
11 0 0 0 0 0 11 0 11 0 0 0 0 15 0 0 15 0 0 0 0 0 0 0 0 0 11 
11 0 0 0 0 0 0 0 0 0 11 0 0 0 11 0 0 11 0 0 0 0 0 0 0 0 11 
11 0 0 0 0 0 11 11 0 0 11 0 0 0 11 0 11 11 0 11 0 11 0 0 0 0 11 
11 0 11 0 0 0 0 0 0 0 0 0 0 0 0 0 0 0 0 11 0 0 0 11 0 0 11 
11 0 0 0 11 0 0 0 0 11 11 0 0 11 0 0 11 0 0 0 0 0 0 0 0 0 11 
11 11 11 11 11 11 11 11 11 11 11 11 11 11 11 11 11 11 11 11 11 11 11 11 11 11 11 

12036
11 11 11 11 11 11 11 11 11 11 11 11 11 11 11 11 11 11 11 11 11 11 11 11 11 11 11 
11 0 0 0 0 0 0 0 0 0 0 0 0 0 0 0 0 11 11 0 0 0 0 0 0 0 11 
11 0 0 0 0 0 0 0 0 0 0 0 0 0 0 0 0 0 0 0 0 11 0 0 0 0 11 
11 0 0 0 0 11 0 11 0 0 11 0 0 11 0 0 0 0 11 0 0 0 0 0 0 11 11 
11 0 11 0 0 0 0 0 11 0 0 11 0 11 0 0 11 0 0 11 11 0 0 11 11 0 11 
11 0 0 11 0 0 0 0 0 11 0 0 0 0 11 11 0 0 0 11 11 0 0 0 0 0 11 
11 0 0 0 0 11 0 0 0 11 0 0 0 11 0 0 0 0 0 0 0 0 0 0 0 11 11 
11 0 0 0 0 15 0 0 15 11 0 0 0 0 0 0 0 0 11 0 0 11 0 0 0 0 11 
11 11 0 0 0 0 0 0 11 0 0 0 0 11 11 15 0 0 0 0 0 11 0 0 0 0 11 
11 0 0 0 0 0 11 11 0 11 11 0 11 11 15 0 0 0 0 0 0 0 0 0 0 11 11 
11 0 11 0 0 0 0 0 11 11 11 0 0 0 11 0 0 0 0 0 0 0 0 0 0 0 11 
11 0 0 0 0 0 11 0 11 0 0 0 0 15 0 0 15 0 0 0 0 0 0 0 0 0 11 
11 0 0 0 0 0 0 0 0 0 11 0 0 0 11 0 0 11 0 0 0 0 0 0 0 0 11 
11 0 0 0 0 0 11 11 0 0 11 0 0 0 11 0 11 11 0 11 0 11 0 0 0 0 11 
11 0 11 0 0 0 0 0 0 0 0 0 0 0 0 0 0 0 0 11 0 0 0 11 0 0 11 
11 0 0 0 11 0 0 0 0 11 11 0 0 11 0 0 11 0 0 0 0 0 0 0 0 0 11 
11 11 11 11 11 11 11 11 11 11 11 11 11 11 11 11 11 11 11 11 11 11 11 11 11 11 11 

12036
11 11 11 11 11 11 11 11 11 11 11 11 11 11 11 11 11 11 11 11 11 11 11 11 11 11 11 
11 0 0 0 0 0 0 0 0 0 0 0 0 0 0 0 0 11 11 0 0 0 0 0 0 0 11 
11 0 0 0 0 0 0 0 0 0 0 0 0 0 0 0 0 0 0 0 0 11 0 0 0 0 11 
11 0 0 0 0 11 0 11 0 0 11 0 0 11 0 0 0 0 11 0 0 0 0 0 0 11 11 
11 0 11 0 0 0 0 0 11 0 0 11 0 11 0 0 11 0 0 11 11 0 0 11 11 0 11 
11 0 0 11 0 0 0 0 0 11 0 0 0 0 11 11 0 0 0 11 11 0 0 0 0 0 11 
11 0 0 0 0 11 0 0 0 11 0 0 0 11 0 0 0 0 0 0 0 0 0 0 0 11 11 
11 0 0 0 0 15 0 0 15 11 0 0 0 0 0 0 0 0 11 0 0 11 0 0 0 0 11 
11 11 0 0 0 0 0 0 11 0 0 0 0 11 11 15 0 0 0 0 0 11 0 0 0 0 11 
11 0 0 0 0 0 11 11 0 11 11 0 11 11 15 0 0 0 0 0 0 0 0 0 0 11 11 
11 0 11 0 0 0 0 0 11 11 11 0 0 0 11 0 0 0 0 0 0 0 0 0 0 0 11 
11 0 0 0 0 0 11 0 11 0 0 0 0 15 0 0 15 0 0 0 0 0 0 0 0 0 11 
11 0 0 0 0 0 0 0 0 0 11 0 0 0 11 0 0 11 0 0 0 0 0 0 0 0 11 
11 0 0 0 0 0 11 11 0 0 11 0 0 0 11 0 11 11 0 11 0 11 0 0 0 0 11 
11 0 11 0 0 0 0 0 0 0 0 0 0 0 0 0 0 0 0 11 0 0 0 11 0 0 11 
11 0 0 0 11 0 0 0 0 11 11 0 0 11 0 0 11 0 0 0 0 0 0 0 0 0 11 
11 11 11 11 11 11 11 11 11 11 11 11 11 11 11 11 11 11 11 11 11 11 11 11 11 11 11 

12017
11 11 11 11 11 11 11 11 11 11 11 11 11 11 11 11 11 11 11 11 11 11 11 11 11 11 11 
11 0 0 0 0 0 0 0 0 0 0 0 0 0 0 0 0 11 11 0 0 0 0 0 0 0 11 
11 0 0 0 0 0 0 0 0 0 0 0 0 0 0 0 0 0 0 0 0 11 0 0 0 0 11 
11 0 0 0 0 11 0 11 0 0 11 0 0 11 0 0 0 0 11 0 0 0 0 0 0 11 11 
11 0 11 0 0 0 0 0 11 0 0 11 0 11 0 0 11 0 0 11 11 0 0 11 11 0 11 
11 0 0 11 0 0 0 0 0 11 0 0 0 0 11 11 0 0 0 11 11 0 0 0 0 0 11 
11 0 0 0 0 11 0 0 0 11 0 0 0 11 0 0 15 0 0 0 0 0 0 0 0 11 11 
11 0 0 0 0 0 0 0 0 11 0 0 0 0 0 0 0 0 11 0 0 11 0 0 0 0 11 
11 11 0 0 0 15 15 0 11 0 0 0 0 11 11 0 0 0 0 0 0 11 0 0 0 0 11 
11 0 0 0 0 0 11 11 0 11 11 0 11 11 0 0 0 0 0 0 0 0 0 0 0 11 11 
11 0 11 0 0 0 0 0 11 11 11 0 0 0 11 0 0 0 0 0 0 0 0 0 0 0 11 
11 0 0 0 0 0 11 0 11 0 0 0 0 15 0 0 15 0 0 0 0 0 0 0 0 0 11 
11 0 0 0 0 0 0 0 0 15 11 0 0 0 11 0 0 11 0 0 0 0 0 0 0 0 11 
11 0 0 0 0 0 11 11 0 0 11 0 0 0 11 0 11 11 0 11 0 11 0 0 0 0 11 
11 0 11 0 0 0 0 0 0 0 0 0 0 0 0 0 0 0 0 11 0 0 0 11 0 0 11 
11 0 0 0 11 0 0 0 0 11 11 0 0 11 0 0 11 0 0 0 0 0 0 0 0 0 11 
11 11 11 11 11 11 11 11 11 11 11 11 11 11 11 11 11 11 11 11 11 11 11 11 11 11 11 

11987
11 11 11 11 11 11 11 11 11 11 11 11 11 11 11 11 11 11 11 11 11 11 11 11 11 11 11 
11 0 0 0 0 0 0 0 0 0 0 0 0 0 0 0 0 11 11 0 0 0 0 0 0 0 11 
11 0 0 0 0 0 0 0 0 0 0 0 0 0 0 0 0 0 0 0 0 11 0 0 0 0 11 
11 0 0 0 0 11 0 11 0 0 11 0 0 11 0 0 0 0 11 0 0 0 0 0 0 11 11 
11 0 11 0 0 0 0 0 11 0 0 11 0 11 0 0 11 0 0 11 11 0 0 11 11 0 11 
11 0 0 11 0 0 0 0 0 11 0 0 0 0 11 11 0 0 0 11 11 0 0 0 0 0 11 
11 0 0 0 0 11 0 0 0 11 0 0 0 11 0 0 0 0 0 0 0 0 0 0 0 11 11 
11 0 0 0 0 0 0 0 15 11 15 0 0 0 0 0 0 0 11 0 0 11 0 0 0 0 11 
11 11 0 0 0 15 0 0 11 0 0 0 0 11 11 15 0 0 0 0 0 11 0 0 0 0 11 
11 0 0 0 0 0 11 11 0 11 11 0 11 11 0 0 0 0 0 0 0 0 0 0 0 11 11 
11 0 11 0 0 0 0 0 11 11 11 0 0 0 11 0 0 0 0 0 0 0 0 0 0 0 11 
11 0 0 0 0 0 11 0 11 0 0 0 0 15 0 15 0 0 0 0 0 0 0 0 0 0 11 
11 0 0 0 0 0 0 0 0 0 11 0 0 0 11 0 0 11 0 0 0 0 0 14 0 0 11 
11 0 0 0 0 0 11 11 0 0 11 0 0 0 11 0 11 11 0 11 0 11 0 0 0 0 11 
11 0 11 0 0 0 0 0 0 0 0 0 0 0 0 0 0 0 0 11 0 0 0 11 0 0 11 
11 0 0 0 11 0 0 0 0 11 11 0 0 11 0 0 11 0 0 0 0 0 0 0 0 0 11 
11 11 11 11 11 11 11 11 11 11 11 11 11 11 11 11 11 11 11 11 11 11 11 11 11 11 11 

12035
11 11 11 11 11 11 11 11 11 11 11 11 11 11 11 11 11 11 11 11 11 11 11 11 11 11 11 
11 0 0 0 0 0 0 0 0 0 0 0 0 0 0 0 0 11 11 0 0 0 0 0 0 0 11 
11 0 0 0 0 0 0 0 0 0 0 0 0 0 0 0 0 0 0 0 0 11 0 0 0 11 11 
11 0 0 0 0 11 0 11 0 0 11 0 0 11 0 0 0 0 11 0 0 0 0 0 0 11 11 
11 0 11 0 0 0 0 0 11 0 0 0 0 11 0 0 11 11 0 11 11 0 0 11 11 0 11 
11 0 0 11 0 0 0 0 0 11 0 0 0 0 11 11 0 0 0 11 0 0 0 0 0 0 11 
11 0 0 0 0 11 0 0 0 0 0 0 0 11 0 0 0 0 0 0 0 0 0 0 0 11 11 
11 0 0 11 0 0 0 0 15 11 0 0 0 0 0 0 0 0 11 0 11 11 0 0 0 0 11 
11 11 0 0 0 15 0 0 11 0 0 0 0 11 0 0 0 0 0 0 0 11 11 0 0 0 11 
11 0 0 0 0 0 11 11 0 11 11 0 11 11 15 15 0 0 0 0 0 0 0 0 0 11 11 
11 0 11 0 0 0 0 0 11 11 11 0 0 15 11 0 0 0 0 0 0 0 0 0 0 0 11 
11 0 0 0 0 0 11 0 11 0 0 0 0 0 0 0 0 15 0 0 0 0 0 0 0 0 11 
11 0 0 0 0 0 0 0 0 0 0 0 0 0 11 0 0 11 0 0 0 0 0 0 0 0 11 
11 0 0 0 0 0 11 11 0 0 11 0 0 0 11 0 11 11 0 11 0 11 0 0 0 0 11 
11 0 11 0 0 0 0 0 0 0 0 0 0 0 0 0 0 0 0 11 0 0 0 11 0 0 11 
11 0 0 0 11 0 0 0 0 11 11 0 0 11 0 0 11 0 0 0 0 0 0 0 0 0 11 
11 11 11 11 11 11 11 11 11 11 11 11 11 11 11 11 11 11 11 11 11 11 11 11 11 11 11 

12015
11 11 11 11 11 11 11 11 11 11 11 11 11 11 11 11 11 11 11 11 11 11 11 11 11 11 11 
11 0 0 0 0 0 0 0 0 0 0 0 0 0 0 0 0 11 11 0 0 0 0 0 0 0 11 
11 0 0 0 0 0 0 0 0 0 0 0 0 0 0 0 0 0 0 0 0 11 0 0 0 11 11 
11 0 0 0 0 11 0 11 0 0 11 0 0 11 0 0 0 0 11 0 0 0 0 0 0 11 11 
11 0 11 0 0 0 0 0 11 0 0 0 0 11 0 0 11 11 0 11 11 0 0 11 11 0 11 
11 0 0 11 0 0 0 0 0 11 0 0 0 0 11 11 0 0 0 11 0 0 0 0 0 0 11 
11 0 0 0 0 11 0 0 0 0 0 0 0 11 0 0 0 0 0 0 0 0 0 0 0 11 11 
11 0 0 11 0 0 0 0 15 11 0 0 0 0 0 0 0 0 11 0 11 11 0 0 0 0 11 
11 11 0 0 0 15 0 0 11 0 0 15 0 11 0 0 0 0 0 0 0 11 11 0 0 0 11 
11 0 0 0 0 0 11 11 0 11 11 0 11 11 15 0 0 0 0 0 0 0 0 15 0 11 11 
11 0 11 0 0 0 0 0 11 11 11 0 0 15 11 0 0 0 0 0 0 0 0 0 0 0 11 
11 0 0 0 0 0 11 0 11 0 0 0 0 0 0 0 0 0 0 0 0 0 0 0 0 0 11 
11 0 0 0 0 0 0 0 0 0 0 0 0 0 11 0 0 11 0 0 0 0 0 0 0 0 11 
11 0 0 0 0 0 11 11 0 0 11 0 0 0 11 0 11 11 0 11 0 11 0 0 0 0 11 
11 0 11 0 0 0 0 0 0 0 0 0 0 0 0 0 0 0 0 11 0 0 0 11 0 0 11 
11 0 0 0 11 0 0 0 0 11 11 0 0 11 0 0 11 0 0 0 0 0 0 0 0 0 11 
11 11 11 11 11 11 11 11 11 11 11 11 11 11 11 11 11 11 11 11 11 11 11 11 11 11 11 

12015
11 11 11 11 11 11 11 11 11 11 11 11 11 11 11 11 11 11 11 11 11 11 11 11 11 11 11 
11 0 0 0 0 0 0 0 0 0 0 0 0 0 0 0 0 11 11 0 0 0 0 0 0 0 11 
11 0 0 0 0 0 0 0 0 0 0 0 0 0 0 0 0 0 0 0 0 11 0 0 0 11 11 
11 0 0 0 0 11 0 11 0 0 11 0 0 11 0 0 0 0 11 0 0 0 0 0 0 11 11 
11 0 11 0 0 0 0 0 11 0 0 0 0 11 0 0 11 11 0 11 11 0 0 11 11 0 11 
11 0 0 11 0 0 0 0 0 11 0 0 0 0 11 11 0 0 0 11 0 0 0 0 0 0 11 
11 0 0 0 0 11 0 0 0 0 0 0 0 11 0 0 0 0 0 0 0 0 0 0 0 11 11 
11 0 0 11 0 0 0 0 15 11 0 0 0 0 0 0 0 0 11 0 11 11 0 0 0 0 11 
11 11 0 0 0 15 0 0 11 0 0 15 0 11 0 0 0 0 0 0 0 11 11 0 0 0 11 
11 0 0 0 0 0 11 11 0 11 11 0 11 11 15 0 0 0 0 0 0 0 0 15 0 11 11 
11 0 11 0 0 0 0 0 11 11 11 0 0 15 11 0 0 0 0 0 0 0 0 0 0 0 11 
11 0 0 0 0 0 11 0 11 0 0 0 0 0 0 0 0 0 0 0 0 0 0 0 0 0 11 
11 0 0 0 0 0 0 0 0 0 0 0 0 0 11 0 0 11 0 0 0 0 0 0 0 0 11 
11 0 0 0 0 0 11 11 0 0 11 0 0 0 11 0 11 11 0 11 0 11 0 0 0 0 11 
11 0 11 0 0 0 0 0 0 0 0 0 0 0 0 0 0 0 0 11 0 0 0 11 0 0 11 
11 0 0 0 11 0 0 0 0 11 11 0 0 11 0 0 11 0 0 0 0 0 0 0 0 0 11 
11 11 11 11 11 11 11 11 11 11 11 11 11 11 11 11 11 11 11 11 11 11 11 11 11 11 11 

12015
11 11 11 11 11 11 11 11 11 11 11 11 11 11 11 11 11 11 11 11 11 11 11 11 11 11 11 
11 0 0 0 0 0 0 0 0 0 0 0 0 0 0 0 0 11 11 0 0 0 0 0 0 0 11 
11 0 0 0 0 0 0 0 0 0 0 0 0 0 0 0 0 0 0 0 0 11 0 0 0 11 11 
11 0 0 0 0 11 0 11 0 0 11 0 0 11 0 0 0 0 11 0 0 0 0 0 0 11 11 
11 0 11 0 0 0 0 0 11 0 0 0 0 11 0 0 11 11 0 11 11 0 0 11 11 0 11 
11 0 0 11 0 0 0 0 0 11 0 0 0 0 11 11 0 0 0 11 0 0 0 0 0 0 11 
11 0 0 0 0 11 0 0 0 0 0 0 0 11 0 0 0 0 0 0 0 0 0 0 0 11 11 
11 0 0 11 0 0 0 0 15 11 0 0 0 0 0 0 0 0 11 0 11 11 0 0 0 0 11 
11 11 0 0 0 15 0 0 11 0 0 15 0 11 0 0 0 0 0 0 0 11 11 0 0 0 11 
11 0 0 0 0 0 11 11 0 11 11 0 11 11 15 0 0 0 0 0 0 0 0 15 0 11 11 
11 0 11 0 0 0 0 0 11 11 11 0 0 15 11 0 0 0 0 0 0 0 0 0 0 0 11 
11 0 0 0 0 0 11 0 11 0 0 0 0 0 0 0 0 0 0 0 0 0 0 0 0 0 11 
11 0 0 0 0 0 0 0 0 0 0 0 0 0 11 0 0 11 0 0 0 0 0 0 0 0 11 
11 0 0 0 0 0 11 11 0 0 11 0 0 0 11 0 11 11 0 11 0 11 0 0 0 0 11 
11 0 11 0 0 0 0 0 0 0 0 0 0 0 0 0 0 0 0 11 0 0 0 11 0 0 11 
11 0 0 0 11 0 0 0 0 11 11 0 0 11 0 0 11 0 0 0 0 0 0 0 0 0 11 
11 11 11 11 11 11 11 11 11 11 11 11 11 11 11 11 11 11 11 11 11 11 11 11 11 11 11 

12005
11 11 11 11 11 11 11 11 11 11 11 11 11 11 11 11 11 11 11 11 11 11 11 11 11 11 11 
11 0 0 0 0 0 0 0 0 0 0 0 0 0 0 0 0 11 11 0 0 0 0 0 0 0 11 
11 0 0 0 0 0 0 0 0 0 0 0 0 0 0 0 0 0 0 0 0 11 0 0 0 11 11 
11 0 0 0 0 11 0 11 0 0 11 0 0 11 0 0 0 0 11 0 0 0 0 0 0 11 11 
11 0 11 0 0 0 0 0 11 0 0 0 0 11 0 0 11 11 0 11 11 0 0 11 11 0 11 
11 0 0 11 0 0 0 0 0 11 0 0 0 0 11 11 0 0 0 11 0 0 0 0 0 0 11 
11 0 0 0 0 11 0 0 0 0 0 0 0 11 0 0 0 0 0 0 0 0 0 0 0 11 11 
11 0 0 11 0 0 15 0 0 11 0 0 0 0 0 0 0 0 11 0 11 11 0 0 0 0 11 
11 11 0 0 0 0 15 0 11 0 0 14 0 11 0 15 0 0 0 0 0 11 11 0 0 0 11 
11 0 0 0 0 0 11 11 0 11 11 0 11 11 0 0 0 0 0 0 0 0 0 11 0 11 11 
11 0 11 0 0 0 0 0 11 11 11 0 0 0 11 0 0 0 0 0 0 0 11 0 0 0 11 
11 0 0 0 0 0 11 0 11 0 0 0 0 0 0 0 0 0 0 0 0 0 0 0 0 0 11 
11 0 0 0 0 0 0 0 0 0 0 0 15 0 11 15 0 11 0 0 0 0 0 0 0 0 11 
11 0 0 0 0 0 11 11 0 0 11 0 0 0 11 0 11 11 0 11 0 11 0 0 0 0 11 
11 0 11 0 0 0 0 0 0 0 0 0 0 0 0 0 0 0 0 11 0 0 0 11 0 0 11 
11 0 0 0 11 0 0 0 0 11 11 0 0 11 0 0 11 0 0 0 0 0 0 0 0 0 11 
11 11 11 11 11 11 11 11 11 11 11 11 11 11 11 11 11 11 11 11 11 11 11 11 11 11 11 

