12439
11 11 11 11 11 11 11 11 11 11 11 11 11 11 11 11 11 11 11 11 11 11 11 11 11 11 11 11 11 11 
11 0 0 0 0 11 11 0 0 0 0 0 0 0 0 11 11 0 0 0 0 0 0 0 0 0 0 0 11 11 
11 0 11 0 0 0 0 0 0 0 0 0 0 0 0 0 11 0 0 0 0 0 0 0 0 0 0 0 11 11 
11 0 11 0 0 11 0 0 0 0 11 0 0 0 11 0 0 0 0 0 0 0 0 0 0 0 0 0 0 11 
11 0 0 11 0 0 0 11 0 11 11 0 0 0 0 0 11 0 0 0 0 0 0 0 0 0 0 0 0 11 
11 11 11 11 0 0 0 0 0 0 0 0 0 11 11 0 15 0 0 0 0 0 0 0 0 11 11 0 0 11 
11 0 11 0 0 0 0 11 11 0 0 0 11 0 0 15 0 11 0 11 15 0 0 0 0 11 11 0 0 11 
11 0 0 0 0 11 0 0 0 0 0 0 0 11 0 0 0 0 0 0 11 11 0 11 0 0 11 11 0 11 
11 0 0 0 0 0 0 15 0 0 0 0 11 0 11 11 0 0 11 11 0 0 0 0 0 11 0 0 0 11 
11 0 0 0 0 11 0 0 11 0 0 0 0 0 0 0 0 0 0 11 0 11 15 0 0 11 0 0 0 11 
11 0 0 0 0 0 0 0 0 11 0 0 0 0 11 0 0 0 11 0 0 0 0 11 0 0 0 0 0 11 
11 0 0 0 0 11 0 11 0 0 15 0 0 11 0 0 0 0 0 0 11 0 0 0 0 0 11 0 0 11 
11 0 11 0 0 0 0 11 11 11 0 0 11 0 0 0 0 0 11 0 0 0 11 0 0 0 0 11 11 11 
11 0 0 0 0 0 0 11 0 0 0 0 0 0 0 0 0 11 0 11 0 0 0 0 0 0 0 11 0 11 
11 0 0 0 0 0 0 0 11 0 0 0 0 0 0 0 11 0 0 0 0 0 0 0 0 0 0 0 0 11 
11 0 0 11 0 0 0 0 0 0 0 0 0 0 0 0 0 0 0 11 11 0 0 0 0 0 0 11 0 11 
11 11 11 11 11 11 11 11 11 11 11 11 11 11 11 11 11 11 11 11 11 11 11 11 11 11 11 11 11 11 

12436
11 11 11 11 11 11 11 11 11 11 11 11 11 11 11 11 11 11 11 11 11 11 11 11 11 11 11 11 11 11 
11 0 0 0 0 11 11 0 0 0 0 0 0 0 0 11 11 0 0 0 0 0 0 0 0 0 0 0 11 11 
11 0 11 0 0 0 0 0 0 0 0 0 0 0 0 0 11 0 0 0 0 0 0 0 0 0 0 0 11 11 
11 0 11 0 0 11 0 0 0 0 11 0 0 0 11 0 0 15 0 0 0 0 0 0 0 0 0 0 0 11 
11 0 0 11 0 0 0 11 0 11 11 0 0 0 0 0 11 0 0 0 0 0 0 0 0 0 0 0 0 11 
11 11 11 11 0 0 0 0 0 0 0 0 0 11 11 0 0 0 0 0 0 0 0 0 0 11 11 0 0 11 
11 0 11 0 0 0 0 11 11 0 0 0 11 0 0 15 0 11 0 11 0 0 0 0 0 11 11 0 0 11 
11 0 0 0 0 11 0 0 0 0 0 0 0 11 0 0 0 0 0 0 11 11 0 11 0 0 11 11 0 11 
11 0 0 0 0 0 0 0 0 0 0 0 11 0 11 11 0 0 11 11 0 0 0 0 15 11 0 0 0 11 
11 0 0 0 0 11 0 15 11 0 0 0 0 0 0 0 0 0 0 11 0 11 0 0 15 11 0 0 0 11 
11 0 0 0 0 0 0 0 0 11 0 0 0 0 11 0 0 0 11 0 0 0 0 11 0 0 0 0 0 11 
11 0 0 0 0 11 0 11 0 0 15 0 0 11 0 0 0 0 0 0 11 0 0 0 0 0 11 0 0 11 
11 0 11 0 0 0 0 11 11 11 0 0 11 0 0 0 0 0 11 0 0 0 11 0 0 0 0 11 11 11 
11 0 0 0 0 0 0 11 0 0 0 0 0 0 0 0 0 11 0 11 0 0 0 0 0 0 0 11 0 11 
11 0 0 0 0 0 0 0 11 0 0 0 0 0 0 0 11 0 0 0 0 0 0 0 0 0 0 0 0 11 
11 0 0 11 0 0 0 0 0 0 0 0 0 0 0 0 0 0 0 11 11 0 0 0 0 0 0 11 0 11 
11 11 11 11 11 11 11 11 11 11 11 11 11 11 11 11 11 11 11 11 11 11 11 11 11 11 11 11 11 11 

12333
11 11 11 11 11 11 11 11 11 11 11 11 11 11 11 11 11 11 11 11 11 11 11 11 11 11 11 11 11 11 
11 0 0 0 0 11 11 0 0 0 0 0 0 0 0 11 11 0 0 0 0 0 0 0 0 0 0 0 11 11 
11 0 11 0 0 0 0 0 0 0 0 0 0 0 0 0 11 0 0 0 0 0 0 0 0 0 0 0 11 11 
11 0 11 0 0 11 0 0 0 0 11 0 0 0 11 0 0 0 0 0 0 0 0 0 0 0 0 0 0 11 
11 0 0 11 0 0 0 11 0 11 11 0 0 0 0 0 11 0 0 0 0 0 0 0 0 0 0 0 0 11 
11 11 11 11 0 0 0 0 0 0 0 0 0 11 11 0 15 0 0 0 0 11 0 0 0 11 11 0 0 11 
11 0 11 0 0 0 0 11 11 0 0 0 11 0 0 0 0 11 14 11 0 0 0 0 0 11 11 0 0 11 
11 0 0 0 0 11 0 0 0 0 0 0 0 11 14 0 0 0 0 0 11 11 0 11 0 0 11 11 0 11 
11 0 0 0 0 14 0 15 0 0 0 0 11 0 11 11 0 0 11 11 0 0 0 0 15 11 0 0 0 11 
11 0 0 0 0 11 0 0 11 0 0 0 0 0 0 0 0 0 0 11 0 11 0 0 0 11 0 0 0 11 
11 0 0 0 0 0 0 0 0 11 0 0 0 0 11 0 0 0 11 0 0 0 0 11 0 0 0 0 0 11 
11 0 0 0 0 11 0 11 0 0 0 0 0 11 0 0 0 0 0 0 11 0 0 0 0 0 11 0 0 11 
11 0 11 0 0 0 0 11 11 11 0 0 11 0 0 0 0 15 11 0 0 0 11 0 0 0 0 11 11 11 
11 0 0 0 0 0 0 11 0 0 0 0 0 0 0 0 0 11 0 11 0 0 0 0 0 0 0 11 0 11 
11 0 0 0 0 0 0 0 11 0 0 0 0 0 0 0 11 0 0 0 0 0 0 0 0 0 0 0 0 11 
11 0 0 11 0 0 0 0 0 0 0 0 0 0 0 0 0 0 0 11 11 0 0 0 0 0 0 11 0 11 
11 11 11 11 11 11 11 11 11 11 11 11 11 11 11 11 11 11 11 11 11 11 11 11 11 11 11 11 11 11 

12333
11 11 11 11 11 11 11 11 11 11 11 11 11 11 11 11 11 11 11 11 11 11 11 11 11 11 11 11 11 11 
11 0 0 0 0 11 11 0 0 0 0 0 0 0 0 11 11 0 0 0 0 0 0 0 0 0 0 0 11 11 
11 0 11 0 0 0 0 0 0 0 0 0 0 0 0 0 11 0 0 0 0 0 0 0 0 0 0 0 11 11 
11 0 11 0 0 11 0 0 0 0 11 0 0 0 11 0 0 0 0 0 0 0 0 0 0 0 0 0 0 11 
11 0 0 11 0 0 0 11 0 11 11 0 0 0 0 0 11 0 0 0 0 0 0 0 0 0 0 0 0 11 
11 11 11 11 0 0 0 0 0 0 0 0 0 11 11 0 15 0 0 0 0 11 0 0 0 11 11 0 0 11 
11 0 11 0 0 0 0 11 11 0 0 0 11 0 0 0 0 11 14 11 0 0 0 0 0 11 11 0 0 11 
11 0 0 0 0 11 0 0 0 0 0 0 0 11 14 0 0 0 0 0 11 11 0 11 0 0 11 11 0 11 
11 0 0 0 0 14 0 15 0 0 0 0 11 0 11 11 0 0 11 11 0 0 0 0 15 11 0 0 0 11 
11 0 0 0 0 11 0 0 11 0 0 0 0 0 0 0 0 0 0 11 0 11 0 0 0 11 0 0 0 11 
11 0 0 0 0 0 0 0 0 11 0 0 0 0 11 0 0 0 11 0 0 0 0 11 0 0 0 0 0 11 
11 0 0 0 0 11 0 11 0 0 0 0 0 11 0 0 0 0 0 0 11 0 0 0 0 0 11 0 0 11 
11 0 11 0 0 0 0 11 11 11 0 0 11 0 0 0 0 15 11 0 0 0 11 0 0 0 0 11 11 11 
11 0 0 0 0 0 0 11 0 0 0 0 0 0 0 0 0 11 0 11 0 0 0 0 0 0 0 11 0 11 
11 0 0 0 0 0 0 0 11 0 0 0 0 0 0 0 11 0 0 0 0 0 0 0 0 0 0 0 0 11 
11 0 0 11 0 0 0 0 0 0 0 0 0 0 0 0 0 0 0 11 11 0 0 0 0 0 0 11 0 11 
11 11 11 11 11 11 11 11 11 11 11 11 11 11 11 11 11 11 11 11 11 11 11 11 11 11 11 11 11 11 

12333
11 11 11 11 11 11 11 11 11 11 11 11 11 11 11 11 11 11 11 11 11 11 11 11 11 11 11 11 11 11 
11 0 0 0 0 11 11 0 0 0 0 0 0 0 0 11 11 0 0 0 0 0 0 0 0 0 0 0 11 11 
11 0 11 0 0 0 0 0 0 0 0 0 0 0 0 0 11 0 0 0 0 0 0 0 0 0 0 0 11 11 
11 0 11 0 0 11 0 0 0 0 11 0 0 0 11 0 0 0 0 0 0 0 0 0 0 0 0 0 0 11 
11 0 0 11 0 0 0 11 0 11 11 0 0 0 0 0 11 0 0 0 0 0 0 0 0 0 0 0 0 11 
11 11 11 11 0 0 0 0 0 0 0 0 0 11 11 0 15 0 0 0 0 11 0 0 0 11 11 0 0 11 
11 0 11 0 0 0 0 11 11 0 0 0 11 0 0 0 0 11 14 11 0 0 0 0 0 11 11 0 0 11 
11 0 0 0 0 11 0 0 0 0 0 0 0 11 14 0 0 0 0 0 11 11 0 11 0 0 11 11 0 11 
11 0 0 0 0 14 0 15 0 0 0 0 11 0 11 11 0 0 11 11 0 0 0 0 15 11 0 0 0 11 
11 0 0 0 0 11 0 0 11 0 0 0 0 0 0 0 0 0 0 11 0 11 0 0 0 11 0 0 0 11 
11 0 0 0 0 0 0 0 0 11 0 0 0 0 11 0 0 0 11 0 0 0 0 11 0 0 0 0 0 11 
11 0 0 0 0 11 0 11 0 0 0 0 0 11 0 0 0 0 0 0 11 0 0 0 0 0 11 0 0 11 
11 0 11 0 0 0 0 11 11 11 0 0 11 0 0 0 0 15 11 0 0 0 11 0 0 0 0 11 11 11 
11 0 0 0 0 0 0 11 0 0 0 0 0 0 0 0 0 11 0 11 0 0 0 0 0 0 0 11 0 11 
11 0 0 0 0 0 0 0 11 0 0 0 0 0 0 0 11 0 0 0 0 0 0 0 0 0 0 0 0 11 
11 0 0 11 0 0 0 0 0 0 0 0 0 0 0 0 0 0 0 11 11 0 0 0 0 0 0 11 0 11 
11 11 11 11 11 11 11 11 11 11 11 11 11 11 11 11 11 11 11 11 11 11 11 11 11 11 11 11 11 11 

12418
11 11 11 11 11 11 11 11 11 11 11 11 11 11 11 11 11 11 11 11 11 11 11 11 11 11 11 11 11 11 
11 0 0 0 0 11 11 0 0 0 0 0 0 0 0 11 11 0 0 0 0 0 0 0 0 0 0 0 11 11 
11 0 11 0 0 0 0 0 0 0 0 0 0 0 0 0 11 0 0 0 0 0 0 0 0 0 0 0 11 11 
11 0 0 0 0 11 0 0 0 0 11 0 0 0 11 0 0 0 0 0 0 0 0 0 0 0 0 0 0 11 
11 0 0 11 0 0 0 11 0 11 11 0 0 0 0 0 11 0 0 0 0 0 0 0 0 0 0 0 0 11 
11 11 11 11 0 0 0 0 0 0 0 0 0 11 11 0 15 0 0 0 0 0 0 0 0 11 11 0 0 11 
11 0 11 0 0 0 0 11 11 0 0 0 11 0 0 15 0 11 0 11 0 0 0 0 0 11 11 0 0 11 
11 0 0 0 0 11 0 0 0 0 0 0 0 11 0 0 0 0 0 0 11 11 0 11 0 0 11 11 0 11 
11 0 0 0 0 0 0 0 0 0 11 0 11 0 11 11 0 0 11 11 0 0 15 0 11 11 0 0 0 11 
11 0 0 0 0 11 0 0 11 0 0 0 0 0 0 0 15 0 0 11 0 11 0 15 0 11 0 0 0 11 
11 0 0 0 0 0 0 0 15 11 0 0 0 0 11 0 0 0 11 0 0 0 0 11 0 0 0 0 0 11 
11 0 0 0 0 11 0 11 0 0 0 0 0 11 0 0 0 0 0 0 0 0 0 0 0 0 11 0 11 11 
11 0 11 0 0 0 0 11 11 11 0 0 11 0 0 0 0 0 11 0 0 0 11 0 0 0 0 11 11 11 
11 0 0 0 0 0 0 11 0 0 0 0 0 0 0 0 0 11 0 11 0 0 0 0 0 0 0 0 0 11 
11 0 0 0 0 0 0 0 11 0 0 0 0 0 0 0 11 0 0 0 0 0 0 0 0 0 0 0 0 11 
11 0 0 11 0 0 0 0 0 0 0 0 0 0 0 0 0 0 0 11 11 0 0 0 0 0 0 11 0 11 
11 11 11 11 11 11 11 11 11 11 11 11 11 11 11 11 11 11 11 11 11 11 11 11 11 11 11 11 11 11 

12418
11 11 11 11 11 11 11 11 11 11 11 11 11 11 11 11 11 11 11 11 11 11 11 11 11 11 11 11 11 11 
11 0 0 0 0 11 11 0 0 0 0 0 0 0 0 11 11 0 0 0 0 0 0 0 0 0 0 0 11 11 
11 0 11 0 0 0 0 0 0 0 0 0 0 0 0 0 11 0 0 0 0 0 0 0 0 0 0 0 11 11 
11 0 0 0 0 11 0 0 0 0 11 0 0 0 11 0 0 0 0 0 0 0 0 0 0 0 0 0 0 11 
11 0 0 11 0 0 0 11 0 11 11 0 0 0 0 0 11 0 0 0 0 0 0 0 0 0 0 0 0 11 
11 11 11 11 0 0 0 0 0 0 0 0 0 11 11 0 15 0 0 0 0 0 0 0 0 11 11 0 0 11 
11 0 11 0 0 0 0 11 11 0 0 0 11 0 0 15 0 11 0 11 0 0 0 0 0 11 11 0 0 11 
11 0 0 0 0 11 0 0 0 0 0 0 0 11 0 0 0 0 0 0 11 11 0 11 0 0 11 11 0 11 
11 0 0 0 0 0 0 0 0 0 11 0 11 0 11 11 0 0 11 11 0 0 15 0 11 11 0 0 0 11 
11 0 0 0 0 11 0 0 11 0 0 0 0 0 0 0 15 0 0 11 0 11 0 15 0 11 0 0 0 11 
11 0 0 0 0 0 0 0 15 11 0 0 0 0 11 0 0 0 11 0 0 0 0 11 0 0 0 0 0 11 
11 0 0 0 0 11 0 11 0 0 0 0 0 11 0 0 0 0 0 0 0 0 0 0 0 0 11 0 11 11 
11 0 11 0 0 0 0 11 11 11 0 0 11 0 0 0 0 0 11 0 0 0 11 0 0 0 0 11 11 11 
11 0 0 0 0 0 0 11 0 0 0 0 0 0 0 0 0 11 0 11 0 0 0 0 0 0 0 0 0 11 
11 0 0 0 0 0 0 0 11 0 0 0 0 0 0 0 11 0 0 0 0 0 0 0 0 0 0 0 0 11 
11 0 0 11 0 0 0 0 0 0 0 0 0 0 0 0 0 0 0 11 11 0 0 0 0 0 0 11 0 11 
11 11 11 11 11 11 11 11 11 11 11 11 11 11 11 11 11 11 11 11 11 11 11 11 11 11 11 11 11 11 

12418
11 11 11 11 11 11 11 11 11 11 11 11 11 11 11 11 11 11 11 11 11 11 11 11 11 11 11 11 11 11 
11 0 0 0 0 11 11 0 0 0 0 0 0 0 0 11 11 0 0 0 0 0 0 0 0 0 0 0 11 11 
11 0 11 0 0 0 0 0 0 0 0 0 0 0 0 0 11 0 0 0 0 0 0 0 0 0 0 0 11 11 
11 0 0 0 0 11 0 0 0 0 11 0 0 0 11 0 0 0 0 0 0 0 0 0 0 0 0 0 0 11 
11 0 0 11 0 0 0 11 0 11 11 0 0 0 0 0 11 0 0 0 0 0 0 0 0 0 0 0 0 11 
11 11 11 11 0 0 0 0 0 0 0 0 0 11 11 0 15 0 0 0 0 0 0 0 0 11 11 0 0 11 
11 0 11 0 0 0 0 11 11 0 0 0 11 0 0 15 0 11 0 11 0 0 0 0 0 11 11 0 0 11 
11 0 0 0 0 11 0 0 0 0 0 0 0 11 0 0 0 0 0 0 11 11 0 11 0 0 11 11 0 11 
11 0 0 0 0 0 0 0 0 0 11 0 11 0 11 11 0 0 11 11 0 0 15 0 11 11 0 0 0 11 
11 0 0 0 0 11 0 0 11 0 0 0 0 0 0 0 15 0 0 11 0 11 0 15 0 11 0 0 0 11 
11 0 0 0 0 0 0 0 15 11 0 0 0 0 11 0 0 0 11 0 0 0 0 11 0 0 0 0 0 11 
11 0 0 0 0 11 0 11 0 0 0 0 0 11 0 0 0 0 0 0 0 0 0 0 0 0 11 0 11 11 
11 0 11 0 0 0 0 11 11 11 0 0 11 0 0 0 0 0 11 0 0 0 11 0 0 0 0 11 11 11 
11 0 0 0 0 0 0 11 0 0 0 0 0 0 0 0 0 11 0 11 0 0 0 0 0 0 0 0 0 11 
11 0 0 0 0 0 0 0 11 0 0 0 0 0 0 0 11 0 0 0 0 0 0 0 0 0 0 0 0 11 
11 0 0 11 0 0 0 0 0 0 0 0 0 0 0 0 0 0 0 11 11 0 0 0 0 0 0 11 0 11 
11 11 11 11 11 11 11 11 11 11 11 11 11 11 11 11 11 11 11 11 11 11 11 11 11 11 11 11 11 11 

12414
11 11 11 11 11 11 11 11 11 11 11 11 11 11 11 11 11 11 11 11 11 11 11 11 11 11 11 11 11 11 
11 0 0 0 0 11 11 0 0 0 0 0 0 0 0 11 11 0 0 0 0 0 0 0 0 0 0 0 11 11 
11 0 11 0 0 0 0 0 0 0 0 0 0 0 0 0 11 0 0 0 0 0 0 0 0 0 0 0 11 11 
11 0 0 0 0 11 0 0 0 0 11 0 0 0 11 0 0 0 0 0 0 0 0 0 0 0 0 0 0 11 
11 0 0 11 0 0 0 11 0 11 11 0 0 0 0 0 11 0 0 0 0 0 0 0 0 0 0 0 0 11 
11 11 11 11 0 0 0 0 0 0 0 0 0 11 11 0 0 0 0 0 0 0 0 0 0 11 11 0 0 11 
11 0 11 0 0 0 0 11 11 0 0 0 11 0 15 0 0 11 0 11 15 0 0 0 0 11 11 0 0 11 
11 0 0 0 0 11 0 0 0 0 0 0 0 11 15 0 0 0 0 0 11 11 0 11 0 0 11 11 0 11 
11 0 0 0 0 0 0 0 0 0 11 0 11 0 11 11 0 0 11 11 0 0 0 0 11 11 0 0 0 11 
11 0 0 0 0 11 0 0 11 0 0 0 0 0 0 0 0 0 0 11 0 11 0 15 15 11 0 0 0 11 
11 0 0 0 0 0 0 0 0 11 0 0 0 0 11 0 0 0 11 0 0 0 0 11 0 0 0 0 0 11 
11 0 0 0 0 11 0 11 0 0 0 0 0 11 0 0 0 0 0 0 0 0 0 0 0 0 11 0 11 11 
11 0 11 0 0 0 0 11 11 11 0 0 11 0 0 0 0 0 11 0 0 0 11 0 0 0 0 11 11 11 
11 0 0 0 0 0 0 11 0 0 0 0 0 0 0 0 0 11 0 11 0 0 0 0 0 0 0 0 0 11 
11 0 0 0 0 0 0 0 11 0 15 0 0 0 0 0 11 0 0 0 0 0 0 0 0 0 0 0 0 11 
11 0 0 11 0 0 0 0 0 0 0 0 0 0 0 0 0 0 0 11 11 0 0 0 0 0 0 11 0 11 
11 11 11 11 11 11 11 11 11 11 11 11 11 11 11 11 11 11 11 11 11 11 11 11 11 11 11 11 11 11 

12414
11 11 11 11 11 11 11 11 11 11 11 11 11 11 11 11 11 11 11 11 11 11 11 11 11 11 11 11 11 11 
11 0 0 0 0 11 11 0 0 0 0 0 0 0 0 11 11 0 0 0 0 0 0 0 0 0 0 0 11 11 
11 0 11 0 0 0 0 0 0 0 0 0 0 0 0 0 11 0 0 0 0 0 0 0 0 0 0 0 11 11 
11 0 0 0 0 11 0 0 0 0 11 0 0 0 11 0 0 0 0 0 0 0 0 0 0 0 0 0 0 11 
11 0 0 11 0 0 0 11 0 11 11 0 0 0 0 0 11 0 0 0 0 0 0 0 0 0 0 0 0 11 
11 11 11 11 0 0 0 0 0 0 0 0 0 11 11 0 0 0 0 0 0 0 0 0 0 11 11 0 0 11 
11 0 11 0 0 0 0 11 11 0 0 0 11 0 15 0 0 11 0 11 15 0 0 0 0 11 11 0 0 11 
11 0 0 0 0 11 0 0 0 0 0 0 0 11 15 0 0 0 0 0 11 11 0 11 0 0 11 11 0 11 
11 0 0 0 0 0 0 0 0 0 11 0 11 0 11 11 0 0 11 11 0 0 0 0 11 11 0 0 0 11 
11 0 0 0 0 11 0 0 11 0 0 0 0 0 0 0 0 0 0 11 0 11 0 15 15 11 0 0 0 11 
11 0 0 0 0 0 0 0 0 11 0 0 0 0 11 0 0 0 11 0 0 0 0 11 0 0 0 0 0 11 
11 0 0 0 0 11 0 11 0 0 0 0 0 11 0 0 0 0 0 0 0 0 0 0 0 0 11 0 11 11 
11 0 11 0 0 0 0 11 11 11 0 0 11 0 0 0 0 0 11 0 0 0 11 0 0 0 0 11 11 11 
11 0 0 0 0 0 0 11 0 0 0 0 0 0 0 0 0 11 0 11 0 0 0 0 0 0 0 0 0 11 
11 0 0 0 0 0 0 0 11 0 15 0 0 0 0 0 11 0 0 0 0 0 0 0 0 0 0 0 0 11 
11 0 0 11 0 0 0 0 0 0 0 0 0 0 0 0 0 0 0 11 11 0 0 0 0 0 0 11 0 11 
11 11 11 11 11 11 11 11 11 11 11 11 11 11 11 11 11 11 11 11 11 11 11 11 11 11 11 11 11 11 

12432
11 11 11 11 11 11 11 11 11 11 11 11 11 11 11 11 11 11 11 11 11 11 11 11 11 11 11 11 11 11 
11 0 0 0 0 11 11 0 0 0 0 0 0 0 0 11 11 0 0 0 0 0 0 0 0 0 0 0 11 11 
11 0 11 0 0 11 0 0 0 0 0 0 0 0 0 0 11 0 0 0 0 0 0 0 0 0 0 0 11 11 
11 0 0 0 0 0 0 0 0 0 11 0 0 0 11 0 0 0 0 0 0 0 0 0 0 0 0 0 0 11 
11 0 0 11 0 0 0 11 0 11 11 0 0 0 0 0 11 0 0 0 0 0 0 0 0 0 0 0 0 11 
11 11 11 11 0 0 0 0 0 0 0 0 0 11 11 0 15 0 0 0 0 0 0 0 0 11 11 0 0 11 
11 0 11 0 0 0 0 11 11 0 0 0 11 0 0 0 15 11 0 11 0 0 0 0 0 11 11 0 0 11 
11 0 0 0 0 11 0 0 0 0 0 0 0 11 0 0 0 0 0 0 11 11 0 11 0 0 11 11 0 11 
11 0 0 0 0 0 0 0 15 0 0 0 11 0 11 11 0 0 11 11 0 0 0 0 11 11 0 0 0 11 
11 0 0 0 0 11 0 0 11 0 0 0 0 0 0 0 0 0 0 11 0 11 15 15 0 11 0 0 0 11 
11 0 0 0 0 0 0 0 0 11 0 0 0 0 11 0 0 0 11 0 0 0 0 11 0 0 0 0 0 11 
11 0 0 0 0 11 11 11 0 0 15 0 0 11 0 0 0 0 0 0 0 0 0 0 0 0 11 0 0 11 
11 0 11 0 0 0 0 11 11 11 0 0 11 0 0 0 0 0 11 0 0 0 11 0 0 0 0 11 11 11 
11 0 0 0 0 0 0 11 0 0 0 0 0 0 0 0 0 11 0 11 0 0 0 0 0 0 0 11 0 11 
11 0 0 0 0 0 0 0 11 0 0 0 0 0 0 0 11 0 0 0 0 0 0 0 0 0 0 0 0 11 
11 0 0 11 0 0 0 0 0 0 0 0 0 0 0 0 0 0 0 0 11 0 0 0 11 0 0 11 0 11 
11 11 11 11 11 11 11 11 11 11 11 11 11 11 11 11 11 11 11 11 11 11 11 11 11 11 11 11 11 11 

12432
11 11 11 11 11 11 11 11 11 11 11 11 11 11 11 11 11 11 11 11 11 11 11 11 11 11 11 11 11 11 
11 0 0 0 0 11 11 0 0 0 0 0 0 0 0 11 11 0 0 0 0 0 0 0 0 0 0 0 11 11 
11 0 11 0 0 11 0 0 0 0 0 0 0 0 0 0 11 0 0 0 0 0 0 0 0 0 0 0 11 11 
11 0 0 0 0 0 0 0 0 0 11 0 0 0 11 0 0 0 0 0 0 0 0 0 0 0 0 0 0 11 
11 0 0 11 0 0 0 11 0 11 11 0 0 0 0 0 11 0 0 0 0 0 0 0 0 0 0 0 0 11 
11 11 11 11 0 0 0 0 0 0 0 0 0 11 11 0 15 0 0 0 0 0 0 0 0 11 11 0 0 11 
11 0 11 0 0 0 0 11 11 0 0 0 11 0 0 0 15 11 0 11 0 0 0 0 0 11 11 0 0 11 
11 0 0 0 0 11 0 0 0 0 0 0 0 11 0 0 0 0 0 0 11 11 0 11 0 0 11 11 0 11 
11 0 0 0 0 0 0 0 15 0 0 0 11 0 11 11 0 0 11 11 0 0 0 0 11 11 0 0 0 11 
11 0 0 0 0 11 0 0 11 0 0 0 0 0 0 0 0 0 0 11 0 11 15 15 0 11 0 0 0 11 
11 0 0 0 0 0 0 0 0 11 0 0 0 0 11 0 0 0 11 0 0 0 0 11 0 0 0 0 0 11 
11 0 0 0 0 11 11 11 0 0 15 0 0 11 0 0 0 0 0 0 0 0 0 0 0 0 11 0 0 11 
11 0 11 0 0 0 0 11 11 11 0 0 11 0 0 0 0 0 11 0 0 0 11 0 0 0 0 11 11 11 
11 0 0 0 0 0 0 11 0 0 0 0 0 0 0 0 0 11 0 11 0 0 0 0 0 0 0 11 0 11 
11 0 0 0 0 0 0 0 11 0 0 0 0 0 0 0 11 0 0 0 0 0 0 0 0 0 0 0 0 11 
11 0 0 11 0 0 0 0 0 0 0 0 0 0 0 0 0 0 0 0 11 0 0 0 11 0 0 11 0 11 
11 11 11 11 11 11 11 11 11 11 11 11 11 11 11 11 11 11 11 11 11 11 11 11 11 11 11 11 11 11 

12432
11 11 11 11 11 11 11 11 11 11 11 11 11 11 11 11 11 11 11 11 11 11 11 11 11 11 11 11 11 11 
11 0 0 0 0 11 11 0 0 0 0 0 0 0 0 11 11 0 0 0 0 0 0 0 0 0 0 0 11 11 
11 0 11 0 0 11 0 0 0 0 0 0 0 0 0 0 11 0 0 0 0 0 0 0 0 0 0 0 11 11 
11 0 0 0 0 0 0 0 0 0 11 0 0 0 11 0 0 0 0 0 0 0 0 0 0 0 0 0 0 11 
11 0 0 11 0 0 0 11 0 11 11 0 0 0 0 0 11 0 0 0 0 0 0 0 0 0 0 0 0 11 
11 11 11 11 0 0 0 0 0 0 0 0 0 11 11 0 15 0 0 0 0 0 0 0 0 11 11 0 0 11 
11 0 11 0 0 0 0 11 11 0 0 0 11 0 0 0 15 11 0 11 0 0 0 0 0 11 11 0 0 11 
11 0 0 0 0 11 0 0 0 0 0 0 0 11 0 0 0 0 0 0 11 11 0 11 0 0 11 11 0 11 
11 0 0 0 0 0 0 0 15 0 0 0 11 0 11 11 0 0 11 11 0 0 0 0 11 11 0 0 0 11 
11 0 0 0 0 11 0 0 11 0 0 0 0 0 0 0 0 0 0 11 0 11 15 15 0 11 0 0 0 11 
11 0 0 0 0 0 0 0 0 11 0 0 0 0 11 0 0 0 11 0 0 0 0 11 0 0 0 0 0 11 
11 0 0 0 0 11 11 11 0 0 15 0 0 11 0 0 0 0 0 0 0 0 0 0 0 0 11 0 0 11 
11 0 11 0 0 0 0 11 11 11 0 0 11 0 0 0 0 0 11 0 0 0 11 0 0 0 0 11 11 11 
11 0 0 0 0 0 0 11 0 0 0 0 0 0 0 0 0 11 0 11 0 0 0 0 0 0 0 11 0 11 
11 0 0 0 0 0 0 0 11 0 0 0 0 0 0 0 11 0 0 0 0 0 0 0 0 0 0 0 0 11 
11 0 0 11 0 0 0 0 0 0 0 0 0 0 0 0 0 0 0 0 11 0 0 0 11 0 0 11 0 11 
11 11 11 11 11 11 11 11 11 11 11 11 11 11 11 11 11 11 11 11 11 11 11 11 11 11 11 11 11 11 

12408
11 11 11 11 11 11 11 11 11 11 11 11 11 11 11 11 11 11 11 11 11 11 11 11 11 11 11 11 11 11 
11 0 0 0 0 11 11 0 0 0 0 0 0 0 0 11 11 0 0 0 0 0 0 0 0 0 0 0 11 11 
11 0 11 0 0 11 0 0 0 0 0 0 0 0 0 0 11 0 0 0 0 0 0 0 0 0 0 0 11 11 
11 0 0 0 0 0 0 0 0 0 11 0 0 0 11 0 0 0 0 0 0 0 0 0 0 0 0 0 0 11 
11 0 0 11 0 0 0 11 0 11 11 0 0 0 0 0 11 0 0 0 0 0 0 0 0 0 0 0 0 11 
11 11 11 11 0 0 0 0 0 0 0 0 0 11 11 0 15 0 0 0 0 0 0 0 0 11 11 0 0 11 
11 0 11 0 0 0 0 11 11 0 0 0 11 0 0 0 0 11 0 11 0 0 0 0 0 11 11 0 0 11 
11 0 0 0 0 11 0 0 0 0 0 0 0 11 0 0 0 15 11 0 11 11 0 11 0 15 11 11 0 11 
11 0 0 0 0 0 0 0 0 0 0 15 11 0 11 11 0 0 11 11 0 0 0 0 11 11 0 0 0 11 
11 0 0 0 0 11 0 0 11 15 0 0 0 0 0 0 0 0 0 11 0 11 0 0 0 11 0 0 0 11 
11 0 0 0 0 0 0 0 0 11 0 0 0 0 11 0 0 0 11 0 0 0 0 11 0 0 0 0 0 11 
11 0 0 0 0 11 11 11 0 0 0 0 0 11 0 0 0 0 0 0 0 0 0 0 0 0 11 0 0 11 
11 0 11 0 0 0 0 11 11 11 0 0 11 0 0 0 0 0 11 0 0 0 11 0 0 0 0 11 11 11 
11 0 0 0 0 0 0 11 0 0 0 0 0 0 0 0 0 11 15 11 0 0 0 0 0 0 0 11 0 11 
11 0 0 0 0 0 0 0 11 0 0 0 0 0 0 0 11 0 0 0 0 0 0 0 0 0 0 0 0 11 
11 0 0 11 0 0 0 0 0 0 0 0 0 0 0 0 0 0 0 0 11 0 0 0 11 0 0 11 0 11 
11 11 11 11 11 11 11 11 11 11 11 11 11 11 11 11 11 11 11 11 11 11 11 11 11 11 11 11 11 11 

12408
11 11 11 11 11 11 11 11 11 11 11 11 11 11 11 11 11 11 11 11 11 11 11 11 11 11 11 11 11 11 
11 0 0 0 0 11 11 0 0 0 0 0 0 0 0 11 11 0 0 0 0 0 0 0 0 0 0 0 11 11 
11 0 11 0 0 11 0 0 0 0 0 0 0 0 0 0 11 0 0 0 0 0 0 0 0 0 0 0 11 11 
11 0 0 0 0 0 0 0 0 0 11 0 0 0 11 0 0 0 0 0 0 0 0 0 0 0 0 0 0 11 
11 0 0 11 0 0 0 11 0 11 11 0 0 0 0 0 11 0 0 0 0 0 0 0 0 0 0 0 0 11 
11 11 11 11 0 0 0 0 0 0 0 0 0 11 11 0 15 0 0 0 0 0 0 0 0 11 11 0 0 11 
11 0 11 0 0 0 0 11 11 0 0 0 11 0 0 0 0 11 0 11 0 0 0 0 0 11 11 0 0 11 
11 0 0 0 0 11 0 0 0 0 0 0 0 11 0 0 0 15 11 0 11 11 0 11 0 15 11 11 0 11 
11 0 0 0 0 0 0 0 0 0 0 15 11 0 11 11 0 0 11 11 0 0 0 0 11 11 0 0 0 11 
11 0 0 0 0 11 0 0 11 15 0 0 0 0 0 0 0 0 0 11 0 11 0 0 0 11 0 0 0 11 
11 0 0 0 0 0 0 0 0 11 0 0 0 0 11 0 0 0 11 0 0 0 0 11 0 0 0 0 0 11 
11 0 0 0 0 11 11 11 0 0 0 0 0 11 0 0 0 0 0 0 0 0 0 0 0 0 11 0 0 11 
11 0 11 0 0 0 0 11 11 11 0 0 11 0 0 0 0 0 11 0 0 0 11 0 0 0 0 11 11 11 
11 0 0 0 0 0 0 11 0 0 0 0 0 0 0 0 0 11 15 11 0 0 0 0 0 0 0 11 0 11 
11 0 0 0 0 0 0 0 11 0 0 0 0 0 0 0 11 0 0 0 0 0 0 0 0 0 0 0 0 11 
11 0 0 11 0 0 0 0 0 0 0 0 0 0 0 0 0 0 0 0 11 0 0 0 11 0 0 11 0 11 
11 11 11 11 11 11 11 11 11 11 11 11 11 11 11 11 11 11 11 11 11 11 11 11 11 11 11 11 11 11 

12428
11 11 11 11 11 11 11 11 11 11 11 11 11 11 11 11 11 11 11 11 11 11 11 11 11 11 11 11 11 11 
11 0 0 0 0 11 11 0 0 0 0 0 0 0 0 11 11 0 0 0 0 0 0 11 0 0 0 0 11 11 
11 0 11 0 0 0 0 0 0 0 0 0 0 0 0 0 11 0 0 0 0 0 0 0 0 0 0 0 11 11 
11 0 0 0 0 0 0 0 0 0 11 0 0 0 11 0 0 0 0 0 0 0 0 0 0 0 0 0 0 11 
11 0 0 11 0 0 0 11 0 11 11 0 0 0 0 0 11 0 0 0 0 0 0 0 0 0 0 0 0 11 
11 11 11 11 0 0 0 0 0 11 0 0 0 11 11 0 15 0 0 0 0 0 0 0 0 11 11 0 0 11 
11 0 11 0 0 0 0 11 11 0 0 0 11 0 0 15 0 11 0 11 0 0 0 0 0 11 11 0 0 11 
11 0 0 0 0 11 0 0 0 0 0 0 0 11 0 15 0 11 0 0 11 11 0 11 0 0 11 11 0 11 
11 0 0 0 0 0 0 0 0 0 11 0 11 0 11 11 0 0 11 11 0 15 0 0 15 11 0 0 0 11 
11 0 0 0 0 11 0 0 11 0 0 0 0 0 0 0 0 0 0 11 0 11 0 0 0 11 0 0 0 11 
11 0 0 0 0 0 0 0 0 11 0 0 0 0 11 0 0 0 11 0 0 0 0 11 0 0 0 0 0 11 
11 0 0 0 0 11 0 11 0 0 0 0 0 11 0 0 0 0 0 0 11 0 0 0 0 0 0 0 0 11 
11 0 11 0 0 0 0 11 11 11 0 0 11 0 0 0 0 0 11 0 0 0 11 0 0 0 0 11 11 11 
11 0 0 0 0 0 0 11 0 0 0 0 0 0 0 0 0 11 0 11 0 0 0 0 0 0 0 11 0 11 
11 0 0 0 0 0 0 0 11 0 15 0 0 0 0 0 0 0 0 0 0 0 0 0 0 0 0 0 0 11 
11 0 0 11 0 0 0 0 0 0 0 0 0 0 0 0 0 0 0 0 11 0 0 0 11 0 0 11 0 11 
11 11 11 11 11 11 11 11 11 11 11 11 11 11 11 11 11 11 11 11 11 11 11 11 11 11 11 11 11 11 

12428
11 11 11 11 11 11 11 11 11 11 11 11 11 11 11 11 11 11 11 11 11 11 11 11 11 11 11 11 11 11 
11 0 0 0 0 11 11 0 0 0 0 0 0 0 0 11 11 0 0 0 0 0 0 11 0 0 0 0 11 11 
11 0 11 0 0 0 0 0 0 0 0 0 0 0 0 0 11 0 0 0 0 0 0 0 0 0 0 0 11 11 
11 0 0 0 0 0 0 0 0 0 11 0 0 0 11 0 0 0 0 0 0 0 0 0 0 0 0 0 0 11 
11 0 0 11 0 0 0 11 0 11 11 0 0 0 0 0 11 0 0 0 0 0 0 0 0 0 0 0 0 11 
11 11 11 11 0 0 0 0 0 11 0 0 0 11 11 0 15 0 0 0 0 0 0 0 0 11 11 0 0 11 
11 0 11 0 0 0 0 11 11 0 0 0 11 0 0 15 0 11 0 11 0 0 0 0 0 11 11 0 0 11 
11 0 0 0 0 11 0 0 0 0 0 0 0 11 0 15 0 11 0 0 11 11 0 11 0 0 11 11 0 11 
11 0 0 0 0 0 0 0 0 0 11 0 11 0 11 11 0 0 11 11 0 15 0 0 15 11 0 0 0 11 
11 0 0 0 0 11 0 0 11 0 0 0 0 0 0 0 0 0 0 11 0 11 0 0 0 11 0 0 0 11 
11 0 0 0 0 0 0 0 0 11 0 0 0 0 11 0 0 0 11 0 0 0 0 11 0 0 0 0 0 11 
11 0 0 0 0 11 0 11 0 0 0 0 0 11 0 0 0 0 0 0 11 0 0 0 0 0 0 0 0 11 
11 0 11 0 0 0 0 11 11 11 0 0 11 0 0 0 0 0 11 0 0 0 11 0 0 0 0 11 11 11 
11 0 0 0 0 0 0 11 0 0 0 0 0 0 0 0 0 11 0 11 0 0 0 0 0 0 0 11 0 11 
11 0 0 0 0 0 0 0 11 0 15 0 0 0 0 0 0 0 0 0 0 0 0 0 0 0 0 0 0 11 
11 0 0 11 0 0 0 0 0 0 0 0 0 0 0 0 0 0 0 0 11 0 0 0 11 0 0 11 0 11 
11 11 11 11 11 11 11 11 11 11 11 11 11 11 11 11 11 11 11 11 11 11 11 11 11 11 11 11 11 11 

12428
11 11 11 11 11 11 11 11 11 11 11 11 11 11 11 11 11 11 11 11 11 11 11 11 11 11 11 11 11 11 
11 0 0 0 0 11 11 0 0 0 0 0 0 0 0 11 11 0 0 0 0 0 0 11 0 0 0 0 11 11 
11 0 11 0 0 0 0 0 0 0 0 0 0 0 0 0 11 0 0 0 0 0 0 0 0 0 0 0 11 11 
11 0 0 0 0 0 0 0 0 0 11 0 0 0 11 0 0 0 0 0 0 0 0 0 0 0 0 0 0 11 
11 0 0 11 0 0 0 11 0 11 11 0 0 0 0 0 11 0 0 0 0 0 0 0 0 0 0 0 0 11 
11 11 11 11 0 0 0 0 0 11 0 0 0 11 11 0 15 0 0 0 0 0 0 0 0 11 11 0 0 11 
11 0 11 0 0 0 0 11 11 0 0 0 11 0 0 15 0 11 0 11 0 0 0 0 0 11 11 0 0 11 
11 0 0 0 0 11 0 0 0 0 0 0 0 11 0 15 0 11 0 0 11 11 0 11 0 0 11 11 0 11 
11 0 0 0 0 0 0 0 0 0 11 0 11 0 11 11 0 0 11 11 0 15 0 0 15 11 0 0 0 11 
11 0 0 0 0 11 0 0 11 0 0 0 0 0 0 0 0 0 0 11 0 11 0 0 0 11 0 0 0 11 
11 0 0 0 0 0 0 0 0 11 0 0 0 0 11 0 0 0 11 0 0 0 0 11 0 0 0 0 0 11 
11 0 0 0 0 11 0 11 0 0 0 0 0 11 0 0 0 0 0 0 11 0 0 0 0 0 0 0 0 11 
11 0 11 0 0 0 0 11 11 11 0 0 11 0 0 0 0 0 11 0 0 0 11 0 0 0 0 11 11 11 
11 0 0 0 0 0 0 11 0 0 0 0 0 0 0 0 0 11 0 11 0 0 0 0 0 0 0 11 0 11 
11 0 0 0 0 0 0 0 11 0 15 0 0 0 0 0 0 0 0 0 0 0 0 0 0 0 0 0 0 11 
11 0 0 11 0 0 0 0 0 0 0 0 0 0 0 0 0 0 0 0 11 0 0 0 11 0 0 11 0 11 
11 11 11 11 11 11 11 11 11 11 11 11 11 11 11 11 11 11 11 11 11 11 11 11 11 11 11 11 11 11 

12427
11 11 11 11 11 11 11 11 11 11 11 11 11 11 11 11 11 11 11 11 11 11 11 11 11 11 11 11 11 11 
11 0 0 0 0 11 11 0 0 0 0 0 0 0 0 11 11 0 0 0 0 0 0 11 0 0 0 0 11 11 
11 0 11 0 0 0 0 0 0 0 0 11 0 0 0 0 11 0 0 0 0 0 0 0 0 0 0 0 11 11 
11 0 0 0 0 0 0 0 0 0 11 0 0 0 11 0 0 15 0 0 0 0 0 0 0 0 0 0 0 11 
11 0 0 11 0 0 0 11 0 11 11 0 0 0 0 0 11 0 0 0 0 0 0 0 0 0 0 0 0 11 
11 11 11 11 0 0 0 0 0 11 0 0 0 11 11 0 0 0 0 0 0 0 0 0 0 11 11 0 0 11 
11 0 11 0 0 0 0 11 11 0 0 0 11 0 0 0 0 11 0 11 0 0 0 0 0 11 11 0 0 11 
11 0 0 0 0 11 0 0 0 0 0 0 0 11 15 0 0 11 0 0 11 11 0 11 0 0 11 11 0 11 
11 0 0 0 0 0 0 0 0 0 11 0 11 0 11 11 0 0 11 11 0 15 0 0 15 11 0 0 0 11 
11 0 0 0 0 11 0 0 11 0 0 0 0 0 0 0 0 0 0 11 0 11 0 0 0 11 0 0 0 11 
11 0 0 0 0 0 0 15 0 11 0 0 0 0 11 0 0 0 11 0 0 0 0 11 0 0 0 0 0 11 
11 0 0 0 0 11 0 11 0 0 15 0 0 11 0 0 0 0 0 0 11 0 0 0 0 0 0 0 0 11 
11 0 11 0 0 0 0 11 11 11 0 0 11 0 0 0 0 0 11 0 0 0 11 0 0 0 0 11 11 11 
11 0 0 0 0 0 0 11 0 0 0 0 0 0 0 0 0 11 0 11 0 0 0 0 0 0 0 11 0 11 
11 0 0 0 0 0 0 0 11 0 0 0 0 0 0 0 0 0 0 0 0 0 0 0 0 0 0 0 0 11 
11 0 0 11 0 0 0 0 0 0 0 0 0 0 0 0 0 0 0 0 11 0 0 0 11 0 0 11 0 11 
11 11 11 11 11 11 11 11 11 11 11 11 11 11 11 11 11 11 11 11 11 11 11 11 11 11 11 11 11 11 

12427
11 11 11 11 11 11 11 11 11 11 11 11 11 11 11 11 11 11 11 11 11 11 11 11 11 11 11 11 11 11 
11 0 0 0 0 11 11 0 0 0 0 0 0 0 0 11 11 0 0 0 0 0 0 11 0 0 0 0 11 11 
11 0 11 0 0 0 0 0 0 0 0 11 0 0 0 0 11 0 0 0 0 0 0 0 0 0 0 0 11 11 
11 0 0 0 0 0 0 0 0 0 11 0 0 0 11 0 0 15 0 0 0 0 0 0 0 0 0 0 0 11 
11 0 0 11 0 0 0 11 0 11 11 0 0 0 0 0 11 0 0 0 0 0 0 0 0 0 0 0 0 11 
11 11 11 11 0 0 0 0 0 11 0 0 0 11 11 0 0 0 0 0 0 0 0 0 0 11 11 0 0 11 
11 0 11 0 0 0 0 11 11 0 0 0 11 0 0 0 0 11 0 11 0 0 0 0 0 11 11 0 0 11 
11 0 0 0 0 11 0 0 0 0 0 0 0 11 15 0 0 11 0 0 11 11 0 11 0 0 11 11 0 11 
11 0 0 0 0 0 0 0 0 0 11 0 11 0 11 11 0 0 11 11 0 15 0 0 15 11 0 0 0 11 
11 0 0 0 0 11 0 0 11 0 0 0 0 0 0 0 0 0 0 11 0 11 0 0 0 11 0 0 0 11 
11 0 0 0 0 0 0 15 0 11 0 0 0 0 11 0 0 0 11 0 0 0 0 11 0 0 0 0 0 11 
11 0 0 0 0 11 0 11 0 0 15 0 0 11 0 0 0 0 0 0 11 0 0 0 0 0 0 0 0 11 
11 0 11 0 0 0 0 11 11 11 0 0 11 0 0 0 0 0 11 0 0 0 11 0 0 0 0 11 11 11 
11 0 0 0 0 0 0 11 0 0 0 0 0 0 0 0 0 11 0 11 0 0 0 0 0 0 0 11 0 11 
11 0 0 0 0 0 0 0 11 0 0 0 0 0 0 0 0 0 0 0 0 0 0 0 0 0 0 0 0 11 
11 0 0 11 0 0 0 0 0 0 0 0 0 0 0 0 0 0 0 0 11 0 0 0 11 0 0 11 0 11 
11 11 11 11 11 11 11 11 11 11 11 11 11 11 11 11 11 11 11 11 11 11 11 11 11 11 11 11 11 11 

12420
11 11 11 11 11 11 11 11 11 11 11 11 11 11 11 11 11 11 11 11 11 11 11 11 11 11 11 11 11 11 
11 0 0 0 0 11 11 0 0 0 0 0 0 0 0 11 11 0 0 0 0 0 0 0 0 0 0 0 11 11 
11 0 11 0 0 11 0 0 0 0 0 0 0 0 0 0 11 0 0 0 0 0 0 0 0 0 0 0 11 11 
11 0 0 0 0 0 0 0 0 0 11 0 0 0 11 0 15 0 0 0 0 0 0 0 0 0 0 0 0 11 
11 0 0 11 0 0 0 11 0 11 11 0 0 0 0 0 11 0 0 0 0 0 0 0 0 0 0 0 0 11 
11 11 11 11 0 0 0 0 0 11 0 0 0 11 11 0 15 0 0 0 0 0 0 0 0 11 11 0 0 11 
11 0 11 0 0 0 0 11 0 0 0 0 11 0 0 0 0 11 0 11 0 0 0 0 15 11 11 0 0 11 
11 0 0 0 0 11 0 0 0 0 0 0 0 11 0 0 0 11 0 0 11 11 0 11 0 0 11 11 0 11 
11 0 0 0 0 0 0 0 0 0 0 0 11 0 11 11 0 0 11 11 0 15 0 13 11 11 0 0 0 11 
11 0 0 0 0 11 0 15 11 0 0 0 0 0 0 0 0 0 0 11 0 11 0 0 0 11 0 0 0 11 
11 0 0 0 0 0 0 0 0 11 0 0 0 0 11 0 0 0 11 0 0 0 0 11 0 0 0 0 0 11 
11 0 0 0 0 11 11 11 0 0 15 0 0 11 0 0 0 0 0 0 11 0 0 0 0 0 0 0 11 11 
11 0 11 0 0 0 0 11 11 11 0 0 11 0 0 0 0 0 11 0 0 0 11 0 0 0 0 11 11 11 
11 0 0 0 0 0 0 11 0 0 0 0 0 0 0 0 0 11 0 11 0 0 0 0 0 0 0 0 0 11 
11 0 0 0 0 0 0 0 11 0 0 0 0 0 0 0 0 0 0 0 0 0 0 0 0 0 0 0 0 11 
11 0 0 11 0 0 0 0 0 0 0 0 0 0 0 0 0 0 0 11 11 0 0 0 0 0 0 11 0 11 
11 11 11 11 11 11 11 11 11 11 11 11 11 11 11 11 11 11 11 11 11 11 11 11 11 11 11 11 11 11 

12420
11 11 11 11 11 11 11 11 11 11 11 11 11 11 11 11 11 11 11 11 11 11 11 11 11 11 11 11 11 11 
11 0 0 0 0 11 11 0 0 0 0 0 0 0 0 11 11 0 0 0 0 0 0 0 0 0 0 0 11 11 
11 0 11 0 0 11 0 0 0 0 0 0 0 0 0 0 11 0 0 0 0 0 0 0 0 0 0 0 11 11 
11 0 0 0 0 0 0 0 0 0 11 0 0 0 11 0 15 0 0 0 0 0 0 0 0 0 0 0 0 11 
11 0 0 11 0 0 0 11 0 11 11 0 0 0 0 0 11 0 0 0 0 0 0 0 0 0 0 0 0 11 
11 11 11 11 0 0 0 0 0 11 0 0 0 11 11 0 15 0 0 0 0 0 0 0 0 11 11 0 0 11 
11 0 11 0 0 0 0 11 0 0 0 0 11 0 0 0 0 11 0 11 0 0 0 0 15 11 11 0 0 11 
11 0 0 0 0 11 0 0 0 0 0 0 0 11 0 0 0 11 0 0 11 11 0 11 0 0 11 11 0 11 
11 0 0 0 0 0 0 0 0 0 0 0 11 0 11 11 0 0 11 11 0 15 0 13 11 11 0 0 0 11 
11 0 0 0 0 11 0 15 11 0 0 0 0 0 0 0 0 0 0 11 0 11 0 0 0 11 0 0 0 11 
11 0 0 0 0 0 0 0 0 11 0 0 0 0 11 0 0 0 11 0 0 0 0 11 0 0 0 0 0 11 
11 0 0 0 0 11 11 11 0 0 15 0 0 11 0 0 0 0 0 0 11 0 0 0 0 0 0 0 11 11 
11 0 11 0 0 0 0 11 11 11 0 0 11 0 0 0 0 0 11 0 0 0 11 0 0 0 0 11 11 11 
11 0 0 0 0 0 0 11 0 0 0 0 0 0 0 0 0 11 0 11 0 0 0 0 0 0 0 0 0 11 
11 0 0 0 0 0 0 0 11 0 0 0 0 0 0 0 0 0 0 0 0 0 0 0 0 0 0 0 0 11 
11 0 0 11 0 0 0 0 0 0 0 0 0 0 0 0 0 0 0 11 11 0 0 0 0 0 0 11 0 11 
11 11 11 11 11 11 11 11 11 11 11 11 11 11 11 11 11 11 11 11 11 11 11 11 11 11 11 11 11 11 

12420
11 11 11 11 11 11 11 11 11 11 11 11 11 11 11 11 11 11 11 11 11 11 11 11 11 11 11 11 11 11 
11 0 0 0 0 11 11 0 0 0 0 0 0 0 0 11 11 0 0 0 0 0 0 0 0 0 0 0 11 11 
11 0 11 0 0 11 0 0 0 0 0 0 0 0 0 0 11 0 0 0 0 0 0 0 0 0 0 0 11 11 
11 0 0 0 0 0 0 0 0 0 11 0 0 0 11 0 15 0 0 0 0 0 0 0 0 0 0 0 0 11 
11 0 0 11 0 0 0 11 0 11 11 0 0 0 0 0 11 0 0 0 0 0 0 0 0 0 0 0 0 11 
11 11 11 11 0 0 0 0 0 11 0 0 0 11 11 0 15 0 0 0 0 0 0 0 0 11 11 0 0 11 
11 0 11 0 0 0 0 11 0 0 0 0 11 0 0 0 0 11 0 11 0 0 0 0 15 11 11 0 0 11 
11 0 0 0 0 11 0 0 0 0 0 0 0 11 0 0 0 11 0 0 11 11 0 11 0 0 11 11 0 11 
11 0 0 0 0 0 0 0 0 0 0 0 11 0 11 11 0 0 11 11 0 15 0 13 11 11 0 0 0 11 
11 0 0 0 0 11 0 15 11 0 0 0 0 0 0 0 0 0 0 11 0 11 0 0 0 11 0 0 0 11 
11 0 0 0 0 0 0 0 0 11 0 0 0 0 11 0 0 0 11 0 0 0 0 11 0 0 0 0 0 11 
11 0 0 0 0 11 11 11 0 0 15 0 0 11 0 0 0 0 0 0 11 0 0 0 0 0 0 0 11 11 
11 0 11 0 0 0 0 11 11 11 0 0 11 0 0 0 0 0 11 0 0 0 11 0 0 0 0 11 11 11 
11 0 0 0 0 0 0 11 0 0 0 0 0 0 0 0 0 11 0 11 0 0 0 0 0 0 0 0 0 11 
11 0 0 0 0 0 0 0 11 0 0 0 0 0 0 0 0 0 0 0 0 0 0 0 0 0 0 0 0 11 
11 0 0 11 0 0 0 0 0 0 0 0 0 0 0 0 0 0 0 11 11 0 0 0 0 0 0 11 0 11 
11 11 11 11 11 11 11 11 11 11 11 11 11 11 11 11 11 11 11 11 11 11 11 11 11 11 11 11 11 11 

12416
11 11 11 11 11 11 11 11 11 11 11 11 11 11 11 11 11 11 11 11 11 11 11 11 11 11 11 11 11 11 
11 0 0 0 0 11 11 0 0 0 0 0 0 0 0 11 11 0 0 0 0 0 0 0 0 0 0 0 11 11 
11 0 11 0 0 11 0 0 0 0 0 0 0 0 0 0 11 0 0 0 0 0 0 0 0 0 0 0 11 11 
11 0 0 0 0 0 0 0 0 0 11 0 0 0 11 0 15 0 0 0 0 0 0 0 0 0 0 0 0 11 
11 0 0 11 0 0 0 11 0 11 11 0 0 0 0 0 11 0 0 0 0 0 0 0 0 0 0 0 0 11 
11 11 11 11 0 0 0 0 0 11 0 0 0 11 11 0 15 0 0 0 0 0 0 0 0 11 11 0 0 11 
11 0 11 0 0 0 0 11 0 0 0 0 11 0 0 15 0 11 0 11 0 0 0 0 15 11 11 0 0 11 
11 0 0 0 0 11 0 0 0 0 0 0 0 11 0 0 0 11 0 0 11 11 0 11 0 0 11 11 0 11 
11 0 0 0 0 0 0 0 0 0 0 0 11 0 11 11 0 0 11 11 0 0 0 0 11 11 15 0 0 11 
11 0 0 0 0 11 0 15 11 0 0 0 0 0 0 0 0 0 0 11 0 11 0 0 0 11 0 0 0 11 
11 0 0 0 0 0 0 0 0 11 0 0 0 0 11 0 0 0 11 0 0 0 0 11 0 0 0 0 0 11 
11 0 0 0 0 11 11 11 0 0 0 0 0 11 0 0 0 0 0 0 11 0 0 0 0 0 0 0 11 11 
11 0 11 0 0 0 0 11 11 11 0 0 11 0 0 0 0 0 11 0 0 0 11 0 0 0 0 11 11 11 
11 0 0 0 0 0 0 11 0 0 0 0 0 0 0 0 0 11 0 11 0 0 0 0 0 0 0 0 0 11 
11 0 0 0 0 0 0 0 11 0 0 15 0 0 0 0 0 0 0 0 0 0 0 0 0 0 0 0 0 11 
11 0 0 11 0 0 0 0 0 0 0 0 0 0 0 0 0 0 0 11 11 0 0 0 0 0 0 11 0 11 
11 11 11 11 11 11 11 11 11 11 11 11 11 11 11 11 11 11 11 11 11 11 11 11 11 11 11 11 11 11 

12412
11 11 11 11 11 11 11 11 11 11 11 11 11 11 11 11 11 11 11 11 11 11 11 11 11 11 11 11 11 11 
11 0 0 0 0 11 11 0 0 0 0 0 0 0 0 11 11 0 0 0 0 0 0 0 0 0 0 0 11 11 
11 0 11 0 0 11 0 0 0 0 0 0 0 0 0 0 11 0 0 0 0 0 0 0 0 0 0 0 11 11 
11 0 0 0 0 0 0 0 0 0 11 0 0 0 11 0 15 0 0 0 0 0 0 0 0 0 0 0 0 11 
11 0 0 11 0 0 0 11 0 11 11 0 0 0 0 0 11 0 0 0 11 0 0 0 0 0 0 0 0 11 
11 11 11 11 0 0 0 0 0 11 0 0 0 11 11 0 0 0 0 0 0 0 0 0 0 11 11 0 0 11 
11 0 11 0 0 0 0 11 0 0 0 0 11 0 0 0 0 11 0 11 0 0 0 0 0 11 11 0 0 11 
11 0 0 0 0 11 0 0 0 0 0 0 0 11 0 15 0 11 0 0 11 11 0 11 0 0 11 11 0 11 
11 0 0 0 0 0 15 0 0 0 0 0 11 0 11 11 0 0 11 11 0 15 0 0 11 11 0 0 0 11 
11 0 0 0 0 11 0 0 11 0 0 0 0 0 0 0 0 0 0 11 0 11 0 0 0 11 0 0 0 11 
11 0 0 0 0 0 0 0 0 11 0 0 0 0 11 0 0 0 11 0 0 0 11 11 0 0 0 0 0 11 
11 0 0 0 0 11 11 11 0 0 0 0 0 11 0 0 0 0 0 0 11 0 0 0 0 0 0 0 11 11 
11 0 11 0 0 0 0 11 11 11 0 0 11 0 0 0 0 0 11 0 0 0 11 0 0 0 0 11 11 11 
11 0 0 0 0 0 0 11 0 0 0 0 0 0 0 0 0 11 0 11 0 0 0 15 0 0 0 0 0 11 
11 0 0 0 0 0 0 0 11 0 0 15 0 0 0 0 0 0 0 0 0 0 0 0 0 0 0 0 0 11 
11 0 0 11 0 0 0 0 0 0 0 0 0 0 0 0 0 0 0 11 11 0 0 0 0 0 0 11 0 11 
11 11 11 11 11 11 11 11 11 11 11 11 11 11 11 11 11 11 11 11 11 11 11 11 11 11 11 11 11 11 

12418
11 11 11 11 11 11 11 11 11 11 11 11 11 11 11 11 11 11 11 11 11 11 11 11 11 11 11 11 11 11 
11 0 0 0 0 11 11 0 0 0 0 0 0 0 0 11 11 0 0 0 0 0 0 11 0 0 0 0 11 11 
11 0 11 0 0 0 0 0 0 0 0 0 0 0 0 0 11 0 0 0 0 0 0 0 0 0 0 0 11 11 
11 0 0 0 0 0 0 0 0 0 11 0 0 0 11 0 0 0 0 0 0 0 0 0 0 0 0 0 0 11 
11 0 0 11 0 0 0 11 0 11 11 0 0 0 0 0 11 0 0 0 0 0 0 0 0 0 0 0 0 11 
11 11 11 11 0 0 0 0 0 11 0 0 0 11 11 0 15 0 0 0 0 0 0 0 0 11 11 0 0 11 
11 0 11 0 0 0 0 11 11 0 0 0 11 0 0 15 0 11 0 11 15 0 0 0 0 11 11 0 0 11 
11 0 0 0 0 11 0 0 0 0 0 0 0 11 0 0 0 0 0 0 11 11 0 11 0 13 11 11 0 11 
11 0 0 0 0 0 0 0 0 0 0 0 11 0 11 11 0 0 11 11 0 0 0 0 0 11 0 0 0 11 
11 0 0 0 0 11 15 0 11 0 0 0 0 0 0 0 0 0 0 11 0 11 0 0 0 11 0 0 0 11 
11 0 0 0 0 0 0 0 0 11 0 0 0 0 11 0 0 0 11 0 0 0 0 11 0 0 0 0 0 11 
11 0 0 0 0 11 0 11 0 0 0 0 0 11 0 0 0 0 0 0 11 0 0 0 0 0 0 0 11 11 
11 0 11 0 0 0 0 11 11 11 0 0 11 0 0 0 0 15 11 0 0 11 11 0 0 0 0 11 11 11 
11 0 0 0 0 0 0 11 0 0 0 0 0 0 0 0 0 11 0 11 0 0 0 0 0 0 0 11 0 11 
11 0 0 0 0 0 0 0 11 0 0 0 0 0 0 0 11 0 0 0 0 0 0 0 0 0 11 0 0 11 
11 0 0 11 0 0 0 0 0 0 0 0 0 0 0 0 0 0 0 11 11 0 0 0 0 0 0 11 0 11 
11 11 11 11 11 11 11 11 11 11 11 11 11 11 11 11 11 11 11 11 11 11 11 11 11 11 11 11 11 11 

12418
11 11 11 11 11 11 11 11 11 11 11 11 11 11 11 11 11 11 11 11 11 11 11 11 11 11 11 11 11 11 
11 0 0 0 0 11 11 0 0 0 0 0 0 0 0 11 11 0 0 0 0 0 0 11 0 0 0 0 11 11 
11 0 11 0 0 0 0 0 0 0 0 0 0 0 0 0 11 0 0 0 0 0 0 0 0 0 0 0 11 11 
11 0 0 0 0 0 0 0 0 0 11 0 0 0 11 0 0 0 0 0 0 0 0 0 0 0 0 0 0 11 
11 0 0 11 0 0 0 11 0 11 11 0 0 0 0 0 11 0 0 0 0 0 0 0 0 0 0 0 0 11 
11 11 11 11 0 0 0 0 0 11 0 0 0 11 11 0 15 0 0 0 0 0 0 0 0 11 11 0 0 11 
11 0 11 0 0 0 0 11 11 0 0 0 11 0 0 15 0 11 0 11 15 0 0 0 0 11 11 0 0 11 
11 0 0 0 0 11 0 0 0 0 0 0 0 11 0 0 0 0 0 0 11 11 0 11 0 13 11 11 0 11 
11 0 0 0 0 0 0 0 0 0 0 0 11 0 11 11 0 0 11 11 0 0 0 0 0 11 0 0 0 11 
11 0 0 0 0 11 15 0 11 0 0 0 0 0 0 0 0 0 0 11 0 11 0 0 0 11 0 0 0 11 
11 0 0 0 0 0 0 0 0 11 0 0 0 0 11 0 0 0 11 0 0 0 0 11 0 0 0 0 0 11 
11 0 0 0 0 11 0 11 0 0 0 0 0 11 0 0 0 0 0 0 11 0 0 0 0 0 0 0 11 11 
11 0 11 0 0 0 0 11 11 11 0 0 11 0 0 0 0 15 11 0 0 11 11 0 0 0 0 11 11 11 
11 0 0 0 0 0 0 11 0 0 0 0 0 0 0 0 0 11 0 11 0 0 0 0 0 0 0 11 0 11 
11 0 0 0 0 0 0 0 11 0 0 0 0 0 0 0 11 0 0 0 0 0 0 0 0 0 11 0 0 11 
11 0 0 11 0 0 0 0 0 0 0 0 0 0 0 0 0 0 0 11 11 0 0 0 0 0 0 11 0 11 
11 11 11 11 11 11 11 11 11 11 11 11 11 11 11 11 11 11 11 11 11 11 11 11 11 11 11 11 11 11 

12418
11 11 11 11 11 11 11 11 11 11 11 11 11 11 11 11 11 11 11 11 11 11 11 11 11 11 11 11 11 11 
11 0 0 0 0 11 11 0 0 0 0 0 0 0 0 11 11 0 0 0 0 0 0 11 0 0 0 0 11 11 
11 0 11 0 0 0 0 0 0 0 0 0 0 0 0 0 11 0 0 0 0 0 0 0 0 0 0 0 11 11 
11 0 0 0 0 0 0 0 0 0 11 0 0 0 11 0 0 0 0 0 0 0 0 0 0 0 0 0 0 11 
11 0 0 11 0 0 0 11 0 11 11 0 0 0 0 0 11 0 0 0 0 0 0 0 0 0 0 0 0 11 
11 11 11 11 0 0 0 0 0 11 0 0 0 11 11 0 15 0 0 0 0 0 0 0 0 11 11 0 0 11 
11 0 11 0 0 0 0 11 11 0 0 0 11 0 0 15 0 11 0 11 15 0 0 0 0 11 11 0 0 11 
11 0 0 0 0 11 0 0 0 0 0 0 0 11 0 0 0 0 0 0 11 11 0 11 0 13 11 11 0 11 
11 0 0 0 0 0 0 0 0 0 0 0 11 0 11 11 0 0 11 11 0 0 0 0 0 11 0 0 0 11 
11 0 0 0 0 11 15 0 11 0 0 0 0 0 0 0 0 0 0 11 0 11 0 0 0 11 0 0 0 11 
11 0 0 0 0 0 0 0 0 11 0 0 0 0 11 0 0 0 11 0 0 0 0 11 0 0 0 0 0 11 
11 0 0 0 0 11 0 11 0 0 0 0 0 11 0 0 0 0 0 0 11 0 0 0 0 0 0 0 11 11 
11 0 11 0 0 0 0 11 11 11 0 0 11 0 0 0 0 15 11 0 0 11 11 0 0 0 0 11 11 11 
11 0 0 0 0 0 0 11 0 0 0 0 0 0 0 0 0 11 0 11 0 0 0 0 0 0 0 11 0 11 
11 0 0 0 0 0 0 0 11 0 0 0 0 0 0 0 11 0 0 0 0 0 0 0 0 0 11 0 0 11 
11 0 0 11 0 0 0 0 0 0 0 0 0 0 0 0 0 0 0 11 11 0 0 0 0 0 0 11 0 11 
11 11 11 11 11 11 11 11 11 11 11 11 11 11 11 11 11 11 11 11 11 11 11 11 11 11 11 11 11 11 

12407
11 11 11 11 11 11 11 11 11 11 11 11 11 11 11 11 11 11 11 11 11 11 11 11 11 11 11 11 11 11 
11 0 0 0 0 11 11 0 0 0 0 0 0 0 0 11 11 0 0 0 0 0 0 11 0 0 0 0 11 11 
11 0 11 0 0 0 0 0 0 0 0 0 0 0 0 0 11 0 0 0 0 0 0 0 0 0 0 0 11 11 
11 0 0 0 0 0 0 0 0 0 11 0 0 0 11 0 0 0 0 0 0 0 0 0 0 0 0 0 0 11 
11 0 0 11 0 0 0 11 0 11 11 0 0 0 0 0 11 0 0 0 0 0 0 0 0 0 0 0 0 11 
11 11 11 11 0 0 0 0 0 11 0 0 0 11 11 0 15 0 0 0 0 0 0 0 0 11 11 0 0 11 
11 0 11 0 0 0 0 11 11 0 0 0 11 0 0 0 0 11 0 11 0 0 0 0 0 11 11 0 0 11 
11 0 0 0 0 11 0 0 0 0 0 0 0 11 0 0 0 0 0 0 11 11 0 11 0 0 11 11 0 11 
11 0 0 0 0 0 0 0 0 0 0 15 11 0 11 11 0 0 11 11 0 0 0 0 0 11 0 0 15 11 
11 0 0 0 0 11 0 0 11 0 0 0 0 15 0 0 0 0 0 11 0 11 0 0 15 11 0 0 0 11 
11 0 0 0 0 0 0 0 0 11 0 0 0 0 11 0 0 0 11 0 0 0 0 11 0 0 0 0 0 11 
11 0 0 0 0 11 0 11 0 0 15 0 0 11 0 0 0 0 0 0 11 0 0 0 0 0 0 0 11 11 
11 0 11 0 0 0 0 11 11 11 0 0 11 0 0 0 0 0 11 0 0 0 11 0 0 0 0 11 11 11 
11 0 0 0 0 0 0 11 0 0 0 0 0 0 0 0 0 11 0 11 0 0 0 0 0 0 0 11 0 11 
11 0 0 0 0 0 0 0 11 0 0 0 0 0 0 0 11 0 0 0 0 0 0 0 0 0 0 0 0 11 
11 0 0 11 0 0 0 0 0 0 0 0 0 0 0 0 0 0 0 11 11 0 0 0 0 0 0 11 0 11 
11 11 11 11 11 11 11 11 11 11 11 11 11 11 11 11 11 11 11 11 11 11 11 11 11 11 11 11 11 11 

12403
11 11 11 11 11 11 11 11 11 11 11 11 11 11 11 11 11 11 11 11 11 11 11 11 11 11 11 11 11 11 
11 0 0 0 0 11 11 0 0 0 0 0 0 0 0 11 11 0 0 0 0 0 0 11 0 0 0 0 11 11 
11 0 11 0 0 0 0 0 0 0 0 0 0 0 0 0 11 0 0 0 0 0 0 0 0 0 0 0 11 11 
11 0 0 0 0 0 0 0 0 0 11 0 0 0 11 0 0 0 0 0 0 0 0 0 0 0 0 0 0 11 
11 0 0 11 0 0 0 11 0 11 11 0 0 0 0 0 11 0 0 0 0 0 0 0 0 0 0 0 0 11 
11 11 11 11 0 0 0 0 0 11 0 0 0 11 11 0 15 0 0 0 0 0 0 0 0 11 11 0 0 11 
11 0 11 0 0 0 0 11 11 0 11 0 11 0 0 0 15 11 0 11 0 0 0 0 0 11 11 0 0 11 
11 0 0 0 0 11 0 0 0 0 0 0 0 11 0 0 0 0 0 0 11 11 0 11 0 0 11 11 0 11 
11 0 0 0 0 0 0 0 0 0 0 0 11 0 11 11 0 0 11 11 0 0 0 14 0 11 0 0 0 11 
11 0 0 0 0 11 0 0 11 0 0 0 0 0 0 0 0 0 0 11 0 11 0 0 15 11 0 0 0 11 
11 0 0 0 0 0 0 0 15 11 0 0 0 0 11 0 0 0 11 0 0 0 0 11 0 0 0 0 0 11 
11 0 0 0 0 11 0 11 0 0 0 0 0 11 0 0 0 0 0 0 11 0 0 0 0 0 0 0 11 11 
11 0 11 0 0 0 0 11 11 11 0 0 11 0 0 0 0 15 11 0 0 0 11 0 0 0 0 11 11 11 
11 0 0 0 0 0 0 11 0 0 0 0 0 0 0 0 0 11 0 11 0 0 0 0 0 0 0 11 0 11 
11 0 0 0 0 0 0 0 11 0 0 0 0 0 0 0 11 0 0 0 0 0 0 0 0 0 0 0 0 11 
11 0 0 11 0 0 0 0 0 0 0 0 0 0 0 0 0 0 0 11 11 0 0 0 0 0 0 11 0 11 
11 11 11 11 11 11 11 11 11 11 11 11 11 11 11 11 11 11 11 11 11 11 11 11 11 11 11 11 11 11 

