12973
11 11 11 11 11 11 11 11 11 11 11 11 11 11 11 11 11 11 11 11 11 11 11 11 11 11 11 11 11 11 11 11 
11 11 0 11 0 0 11 0 0 0 0 0 0 0 0 0 0 0 0 11 0 0 0 0 0 0 0 0 0 0 0 11 
11 0 0 0 0 0 0 0 0 0 0 0 0 11 11 0 0 0 0 0 0 0 0 0 0 0 0 0 0 0 11 11 
11 11 0 0 0 0 11 0 0 11 0 0 11 0 0 0 0 0 11 0 0 0 0 0 0 0 0 11 0 0 0 11 
11 0 0 0 0 0 0 0 0 11 0 0 0 0 11 0 0 0 0 0 0 0 0 11 11 0 0 11 0 11 11 11 
11 0 0 0 0 0 11 0 11 0 0 0 0 11 0 0 0 0 0 0 0 0 11 11 0 0 0 0 0 0 0 11 
11 0 11 0 0 0 11 11 0 0 0 11 0 0 0 0 0 0 0 0 0 0 0 11 0 0 0 0 11 11 0 11 
11 0 0 0 11 0 0 0 0 0 0 11 0 11 0 0 0 15 0 0 0 0 11 0 15 11 0 0 0 0 0 11 
11 0 0 11 0 0 0 0 11 0 0 0 11 11 0 0 0 0 0 0 0 0 15 11 15 11 15 0 0 0 11 11 
11 11 11 0 0 0 0 11 0 0 0 0 11 11 0 0 0 15 0 0 11 0 11 11 0 0 11 0 0 0 0 11 
11 0 0 11 11 0 11 0 0 0 0 0 0 0 0 0 0 0 0 11 0 0 0 0 0 0 11 0 0 0 0 11 
11 11 0 11 0 0 0 11 0 11 0 0 0 0 0 11 0 11 0 0 0 0 0 0 0 0 0 0 0 0 0 11 
11 0 0 0 0 0 0 0 0 0 11 0 0 0 0 0 0 0 0 0 0 0 0 0 0 0 0 0 0 0 0 11 
11 0 0 11 0 0 0 11 0 11 0 0 0 11 11 0 11 0 11 11 11 0 0 0 0 11 0 11 0 0 0 11 
11 0 0 0 0 0 0 0 0 11 11 11 0 0 0 0 0 0 0 0 0 0 0 0 0 0 0 0 0 0 0 11 
11 0 0 0 0 11 0 0 0 11 11 0 0 0 11 0 0 0 0 0 0 0 0 0 0 0 0 0 0 11 0 11 
11 11 11 11 11 11 11 11 11 11 11 11 11 11 11 11 11 11 11 11 11 11 11 11 11 11 11 11 11 11 11 11 

12973
11 11 11 11 11 11 11 11 11 11 11 11 11 11 11 11 11 11 11 11 11 11 11 11 11 11 11 11 11 11 11 11 
11 11 0 11 0 0 11 0 0 0 0 0 0 0 0 0 0 0 0 11 0 0 0 0 0 0 0 0 0 0 0 11 
11 0 0 0 0 0 0 0 0 0 0 0 0 11 11 0 0 0 0 0 0 0 0 0 0 0 0 0 0 0 11 11 
11 11 0 0 0 0 11 0 0 11 0 0 11 0 0 0 0 0 11 0 0 0 0 0 0 0 0 11 0 0 0 11 
11 0 0 0 0 0 0 0 0 11 0 0 0 0 11 0 0 0 0 0 0 0 0 11 11 0 0 11 0 11 11 11 
11 0 0 0 0 0 11 0 11 0 0 0 0 11 0 0 0 0 0 0 0 0 11 11 0 0 0 0 0 0 0 11 
11 0 11 0 0 0 11 11 0 0 0 11 0 0 0 0 0 0 0 0 0 0 0 11 0 0 0 0 11 11 0 11 
11 0 0 0 11 0 0 0 0 0 0 11 0 11 0 0 0 15 0 0 0 0 11 0 15 11 0 0 0 0 0 11 
11 0 0 11 0 0 0 0 11 0 0 0 11 11 0 0 0 0 0 0 0 0 15 11 15 11 15 0 0 0 11 11 
11 11 11 0 0 0 0 11 0 0 0 0 11 11 0 0 0 15 0 0 11 0 11 11 0 0 11 0 0 0 0 11 
11 0 0 11 11 0 11 0 0 0 0 0 0 0 0 0 0 0 0 11 0 0 0 0 0 0 11 0 0 0 0 11 
11 11 0 11 0 0 0 11 0 11 0 0 0 0 0 11 0 11 0 0 0 0 0 0 0 0 0 0 0 0 0 11 
11 0 0 0 0 0 0 0 0 0 11 0 0 0 0 0 0 0 0 0 0 0 0 0 0 0 0 0 0 0 0 11 
11 0 0 11 0 0 0 11 0 11 0 0 0 11 11 0 11 0 11 11 11 0 0 0 0 11 0 11 0 0 0 11 
11 0 0 0 0 0 0 0 0 11 11 11 0 0 0 0 0 0 0 0 0 0 0 0 0 0 0 0 0 0 0 11 
11 0 0 0 0 11 0 0 0 11 11 0 0 0 11 0 0 0 0 0 0 0 0 0 0 0 0 0 0 11 0 11 
11 11 11 11 11 11 11 11 11 11 11 11 11 11 11 11 11 11 11 11 11 11 11 11 11 11 11 11 11 11 11 11 

12973
11 11 11 11 11 11 11 11 11 11 11 11 11 11 11 11 11 11 11 11 11 11 11 11 11 11 11 11 11 11 11 11 
11 11 0 11 0 0 11 0 0 0 0 0 0 0 0 0 0 0 0 11 0 0 0 0 0 0 0 0 0 0 0 11 
11 0 0 0 0 0 0 0 0 0 0 0 0 11 11 0 0 0 0 0 0 0 0 0 0 0 0 0 0 0 11 11 
11 11 0 0 0 0 11 0 0 11 0 0 11 0 0 0 0 0 11 0 0 0 0 0 0 0 0 11 0 0 0 11 
11 0 0 0 0 0 0 0 0 11 0 0 0 0 11 0 0 0 0 0 0 0 0 11 11 0 0 11 0 11 11 11 
11 0 0 0 0 0 11 0 11 0 0 0 0 11 0 0 0 0 0 0 0 0 11 11 0 0 0 0 0 0 0 11 
11 0 11 0 0 0 11 11 0 0 0 11 0 0 0 0 0 0 0 0 0 0 0 11 0 0 0 0 11 11 0 11 
11 0 0 0 11 0 0 0 0 0 0 11 0 11 0 0 0 15 0 0 0 0 11 0 15 11 0 0 0 0 0 11 
11 0 0 11 0 0 0 0 11 0 0 0 11 11 0 0 0 0 0 0 0 0 15 11 15 11 15 0 0 0 11 11 
11 11 11 0 0 0 0 11 0 0 0 0 11 11 0 0 0 15 0 0 11 0 11 11 0 0 11 0 0 0 0 11 
11 0 0 11 11 0 11 0 0 0 0 0 0 0 0 0 0 0 0 11 0 0 0 0 0 0 11 0 0 0 0 11 
11 11 0 11 0 0 0 11 0 11 0 0 0 0 0 11 0 11 0 0 0 0 0 0 0 0 0 0 0 0 0 11 
11 0 0 0 0 0 0 0 0 0 11 0 0 0 0 0 0 0 0 0 0 0 0 0 0 0 0 0 0 0 0 11 
11 0 0 11 0 0 0 11 0 11 0 0 0 11 11 0 11 0 11 11 11 0 0 0 0 11 0 11 0 0 0 11 
11 0 0 0 0 0 0 0 0 11 11 11 0 0 0 0 0 0 0 0 0 0 0 0 0 0 0 0 0 0 0 11 
11 0 0 0 0 11 0 0 0 11 11 0 0 0 11 0 0 0 0 0 0 0 0 0 0 0 0 0 0 11 0 11 
11 11 11 11 11 11 11 11 11 11 11 11 11 11 11 11 11 11 11 11 11 11 11 11 11 11 11 11 11 11 11 11 

12963
11 11 11 11 11 11 11 11 11 11 11 11 11 11 11 11 11 11 11 11 11 11 11 11 11 11 11 11 11 11 11 11 
11 11 0 11 0 0 11 0 0 0 0 0 0 0 0 0 0 0 0 11 0 0 0 0 0 0 0 0 0 0 0 11 
11 0 0 0 0 0 0 0 0 0 0 0 0 11 11 0 0 0 0 0 0 0 0 0 0 0 0 0 0 0 11 11 
11 11 0 0 0 0 11 0 0 11 0 0 11 0 0 0 0 0 11 0 0 0 0 0 0 0 0 11 0 0 0 11 
11 0 0 0 0 0 0 0 0 11 0 0 0 0 11 0 15 0 0 0 0 0 0 11 11 0 0 11 0 11 11 11 
11 0 0 0 0 0 11 0 11 0 0 0 0 11 0 0 0 0 0 0 0 0 11 11 0 0 0 0 0 0 0 11 
11 0 11 0 0 0 11 11 0 0 0 11 0 0 0 0 0 0 0 0 0 0 0 11 0 0 0 0 11 11 0 11 
11 0 0 0 11 0 0 0 0 0 0 11 0 11 0 0 0 0 0 0 0 0 11 0 15 11 0 0 0 0 0 11 
11 0 0 11 0 0 0 0 11 0 0 0 11 11 0 0 0 0 0 0 0 15 15 11 15 11 0 0 0 0 11 11 
11 11 11 0 0 0 0 11 0 0 0 0 11 11 0 0 0 0 0 0 11 0 11 11 0 15 11 0 0 0 0 11 
11 0 0 11 11 0 11 0 0 0 0 0 0 0 0 0 0 0 0 11 0 0 0 0 0 0 11 0 0 0 0 11 
11 11 0 11 0 0 0 11 0 11 0 0 0 0 0 11 0 11 0 0 0 0 0 0 0 0 0 0 0 0 0 11 
11 0 0 0 0 0 0 0 0 0 11 0 0 0 0 0 0 0 0 0 0 0 0 0 0 0 0 0 0 0 0 11 
11 0 0 11 0 0 0 11 0 11 0 0 0 11 11 0 11 0 11 11 11 0 0 0 0 11 0 11 0 0 0 11 
11 0 0 0 0 0 0 0 0 11 11 11 0 0 0 0 0 0 0 0 0 0 0 0 0 0 0 0 0 0 0 11 
11 0 0 0 0 11 0 0 0 11 11 0 0 0 11 0 0 0 0 0 0 0 0 0 0 0 0 0 0 11 0 11 
11 11 11 11 11 11 11 11 11 11 11 11 11 11 11 11 11 11 11 11 11 11 11 11 11 11 11 11 11 11 11 11 

12963
11 11 11 11 11 11 11 11 11 11 11 11 11 11 11 11 11 11 11 11 11 11 11 11 11 11 11 11 11 11 11 11 
11 11 0 11 0 0 11 0 0 0 0 0 0 0 0 0 0 0 0 11 0 0 0 0 0 0 0 0 0 0 0 11 
11 0 0 0 0 0 0 0 0 0 0 0 0 11 11 0 0 0 0 0 0 0 0 0 0 0 0 0 0 0 11 11 
11 11 0 0 0 0 11 0 0 11 0 0 11 0 0 0 0 0 11 0 0 0 0 0 0 0 0 11 0 0 0 11 
11 0 0 0 0 0 0 0 0 11 0 0 0 0 11 0 15 0 0 0 0 0 0 11 11 0 0 11 0 11 11 11 
11 0 0 0 0 0 11 0 11 0 0 0 0 11 0 0 0 0 0 0 0 0 11 11 0 0 0 0 0 0 0 11 
11 0 11 0 0 0 11 11 0 0 0 11 0 0 0 0 0 0 0 0 0 0 0 11 0 0 0 0 11 11 0 11 
11 0 0 0 11 0 0 0 0 0 0 11 0 11 0 0 0 0 0 0 0 0 11 0 15 11 0 0 0 0 0 11 
11 0 0 11 0 0 0 0 11 0 0 0 11 11 0 0 0 0 0 0 0 15 15 11 15 11 0 0 0 0 11 11 
11 11 11 0 0 0 0 11 0 0 0 0 11 11 0 0 0 0 0 0 11 0 11 11 0 15 11 0 0 0 0 11 
11 0 0 11 11 0 11 0 0 0 0 0 0 0 0 0 0 0 0 11 0 0 0 0 0 0 11 0 0 0 0 11 
11 11 0 11 0 0 0 11 0 11 0 0 0 0 0 11 0 11 0 0 0 0 0 0 0 0 0 0 0 0 0 11 
11 0 0 0 0 0 0 0 0 0 11 0 0 0 0 0 0 0 0 0 0 0 0 0 0 0 0 0 0 0 0 11 
11 0 0 11 0 0 0 11 0 11 0 0 0 11 11 0 11 0 11 11 11 0 0 0 0 11 0 11 0 0 0 11 
11 0 0 0 0 0 0 0 0 11 11 11 0 0 0 0 0 0 0 0 0 0 0 0 0 0 0 0 0 0 0 11 
11 0 0 0 0 11 0 0 0 11 11 0 0 0 11 0 0 0 0 0 0 0 0 0 0 0 0 0 0 11 0 11 
11 11 11 11 11 11 11 11 11 11 11 11 11 11 11 11 11 11 11 11 11 11 11 11 11 11 11 11 11 11 11 11 

12913
11 11 11 11 11 11 11 11 11 11 11 11 11 11 11 11 11 11 11 11 11 11 11 11 11 11 11 11 11 11 11 11 
11 11 0 11 0 0 11 0 0 0 0 0 0 0 0 0 0 0 0 11 0 0 0 0 0 0 0 0 0 0 0 11 
11 0 0 0 0 0 0 0 0 0 0 0 0 11 11 0 0 0 0 0 0 0 0 0 0 0 0 0 0 0 11 11 
11 11 0 0 0 0 11 0 0 11 0 0 11 0 0 0 0 0 11 0 0 0 0 0 0 0 11 11 0 0 0 11 
11 0 0 0 0 0 0 0 0 0 0 0 0 0 11 0 0 0 0 0 0 0 0 11 11 0 0 11 0 11 11 11 
11 0 0 0 0 0 11 0 11 0 0 0 0 11 0 0 0 0 0 0 0 0 11 11 0 14 15 0 0 0 0 11 
11 0 11 0 0 0 11 11 0 0 0 11 0 0 0 0 0 0 0 0 0 0 0 11 0 0 0 0 11 11 0 11 
11 0 0 0 11 0 0 0 0 0 0 11 0 11 0 0 0 15 0 0 0 0 11 0 15 11 0 0 0 0 0 11 
11 0 0 11 0 0 0 0 11 0 0 0 11 11 12 0 0 0 0 0 0 0 0 11 0 11 0 0 0 0 11 11 
11 11 11 0 0 0 0 11 0 0 0 0 11 11 0 0 0 0 0 0 11 0 11 11 0 0 11 0 0 0 0 11 
11 0 0 11 0 0 11 0 0 0 0 0 0 0 0 0 0 0 0 11 0 0 0 15 0 0 11 0 0 0 0 11 
11 11 0 0 0 0 0 11 11 11 0 0 0 0 0 11 0 11 0 0 0 0 0 0 0 0 0 0 0 11 0 11 
11 0 0 0 0 0 0 0 0 0 11 0 0 0 0 0 0 0 0 0 0 0 0 0 0 0 0 0 0 0 0 11 
11 0 0 11 0 0 0 11 0 11 11 0 0 11 11 0 11 0 11 11 11 0 0 15 0 11 0 11 0 0 0 11 
11 0 0 0 0 0 0 0 0 0 11 0 0 0 0 0 0 0 0 0 0 0 0 0 0 0 0 0 0 0 0 11 
11 0 11 0 0 11 0 0 0 11 11 0 0 0 11 0 0 0 0 0 0 0 0 0 0 0 0 0 0 11 0 11 
11 11 11 11 11 11 11 11 11 11 11 11 11 11 11 11 11 11 11 11 11 11 11 11 11 11 11 11 11 11 11 11 

12913
11 11 11 11 11 11 11 11 11 11 11 11 11 11 11 11 11 11 11 11 11 11 11 11 11 11 11 11 11 11 11 11 
11 11 0 11 0 0 11 0 0 0 0 0 0 0 0 0 0 0 0 11 0 0 0 0 0 0 0 0 0 0 0 11 
11 0 0 0 0 0 0 0 0 0 0 0 0 11 11 0 0 0 0 0 0 0 0 0 0 0 0 0 0 0 11 11 
11 11 0 0 0 0 11 0 0 11 0 0 11 0 0 0 0 0 11 0 0 0 0 0 0 0 11 11 0 0 0 11 
11 0 0 0 0 0 0 0 0 0 0 0 0 0 11 0 0 0 0 0 0 0 0 11 11 0 0 11 0 11 11 11 
11 0 0 0 0 0 11 0 11 0 0 0 0 11 0 0 0 0 0 0 0 0 11 11 0 14 15 0 0 0 0 11 
11 0 11 0 0 0 11 11 0 0 0 11 0 0 0 0 0 0 0 0 0 0 0 11 0 0 0 0 11 11 0 11 
11 0 0 0 11 0 0 0 0 0 0 11 0 11 0 0 0 15 0 0 0 0 11 0 15 11 0 0 0 0 0 11 
11 0 0 11 0 0 0 0 11 0 0 0 11 11 12 0 0 0 0 0 0 0 0 11 0 11 0 0 0 0 11 11 
11 11 11 0 0 0 0 11 0 0 0 0 11 11 0 0 0 0 0 0 11 0 11 11 0 0 11 0 0 0 0 11 
11 0 0 11 0 0 11 0 0 0 0 0 0 0 0 0 0 0 0 11 0 0 0 15 0 0 11 0 0 0 0 11 
11 11 0 0 0 0 0 11 11 11 0 0 0 0 0 11 0 11 0 0 0 0 0 0 0 0 0 0 0 11 0 11 
11 0 0 0 0 0 0 0 0 0 11 0 0 0 0 0 0 0 0 0 0 0 0 0 0 0 0 0 0 0 0 11 
11 0 0 11 0 0 0 11 0 11 11 0 0 11 11 0 11 0 11 11 11 0 0 15 0 11 0 11 0 0 0 11 
11 0 0 0 0 0 0 0 0 0 11 0 0 0 0 0 0 0 0 0 0 0 0 0 0 0 0 0 0 0 0 11 
11 0 11 0 0 11 0 0 0 11 11 0 0 0 11 0 0 0 0 0 0 0 0 0 0 0 0 0 0 11 0 11 
11 11 11 11 11 11 11 11 11 11 11 11 11 11 11 11 11 11 11 11 11 11 11 11 11 11 11 11 11 11 11 11 

12913
11 11 11 11 11 11 11 11 11 11 11 11 11 11 11 11 11 11 11 11 11 11 11 11 11 11 11 11 11 11 11 11 
11 11 0 11 0 0 11 0 0 0 0 0 0 0 0 0 0 0 0 11 0 0 0 0 0 0 0 0 0 0 0 11 
11 0 0 0 0 0 0 0 0 0 0 0 0 11 11 0 0 0 0 0 0 0 0 0 0 0 0 0 0 0 11 11 
11 11 0 0 0 0 11 0 0 11 0 0 11 0 0 0 0 0 11 0 0 0 0 0 0 0 11 11 0 0 0 11 
11 0 0 0 0 0 0 0 0 0 0 0 0 0 11 0 0 0 0 0 0 0 0 11 11 0 0 11 0 11 11 11 
11 0 0 0 0 0 11 0 11 0 0 0 0 11 0 0 0 0 0 0 0 0 11 11 0 14 15 0 0 0 0 11 
11 0 11 0 0 0 11 11 0 0 0 11 0 0 0 0 0 0 0 0 0 0 0 11 0 0 0 0 11 11 0 11 
11 0 0 0 11 0 0 0 0 0 0 11 0 11 0 0 0 15 0 0 0 0 11 0 15 11 0 0 0 0 0 11 
11 0 0 11 0 0 0 0 11 0 0 0 11 11 12 0 0 0 0 0 0 0 0 11 0 11 0 0 0 0 11 11 
11 11 11 0 0 0 0 11 0 0 0 0 11 11 0 0 0 0 0 0 11 0 11 11 0 0 11 0 0 0 0 11 
11 0 0 11 0 0 11 0 0 0 0 0 0 0 0 0 0 0 0 11 0 0 0 15 0 0 11 0 0 0 0 11 
11 11 0 0 0 0 0 11 11 11 0 0 0 0 0 11 0 11 0 0 0 0 0 0 0 0 0 0 0 11 0 11 
11 0 0 0 0 0 0 0 0 0 11 0 0 0 0 0 0 0 0 0 0 0 0 0 0 0 0 0 0 0 0 11 
11 0 0 11 0 0 0 11 0 11 11 0 0 11 11 0 11 0 11 11 11 0 0 15 0 11 0 11 0 0 0 11 
11 0 0 0 0 0 0 0 0 0 11 0 0 0 0 0 0 0 0 0 0 0 0 0 0 0 0 0 0 0 0 11 
11 0 11 0 0 11 0 0 0 11 11 0 0 0 11 0 0 0 0 0 0 0 0 0 0 0 0 0 0 11 0 11 
11 11 11 11 11 11 11 11 11 11 11 11 11 11 11 11 11 11 11 11 11 11 11 11 11 11 11 11 11 11 11 11 

12902
11 11 11 11 11 11 11 11 11 11 11 11 11 11 11 11 11 11 11 11 11 11 11 11 11 11 11 11 11 11 11 11 
11 11 0 11 0 0 11 0 0 0 0 0 0 0 0 0 0 0 0 11 0 0 0 0 0 0 0 0 0 0 0 11 
11 0 0 0 0 0 0 0 0 0 0 0 0 11 11 0 0 0 0 0 0 0 0 0 0 0 0 0 0 0 11 11 
11 11 0 0 0 0 11 0 0 11 0 0 11 0 0 0 0 0 11 0 0 0 15 0 14 0 11 11 0 0 0 11 
11 0 0 0 0 0 0 0 0 0 0 0 0 0 11 0 0 0 0 0 0 0 0 11 11 0 0 11 0 11 11 11 
11 0 0 0 0 0 11 0 11 0 0 0 0 11 0 0 0 0 0 0 0 0 11 11 0 0 0 0 0 0 0 11 
11 0 11 0 0 0 11 11 0 0 0 11 0 0 0 0 0 0 0 0 0 0 0 11 0 0 0 0 11 11 0 11 
11 0 0 0 11 0 0 0 0 0 0 11 0 11 0 0 0 15 0 0 0 0 11 0 0 11 0 0 0 0 0 11 
11 0 0 11 0 0 0 0 11 0 0 0 11 11 0 0 0 0 0 0 0 0 0 11 0 11 0 0 0 0 11 11 
11 11 11 0 0 0 0 11 0 0 0 0 11 11 0 0 0 0 0 0 11 0 11 11 0 0 11 0 0 0 0 11 
11 0 0 11 0 0 11 0 0 0 0 0 0 0 0 0 0 0 0 11 0 0 0 0 0 0 11 0 0 0 0 11 
11 11 0 0 0 0 0 11 11 11 0 0 0 0 0 11 0 11 0 0 0 0 15 15 0 0 0 0 0 11 0 11 
11 0 0 0 0 0 0 0 0 0 11 0 0 0 0 0 0 0 0 0 0 0 0 0 0 0 0 0 0 0 0 11 
11 0 0 11 0 0 0 11 0 11 11 0 0 11 11 0 11 0 11 11 11 0 0 15 0 11 0 11 0 0 0 11 
11 0 0 0 0 0 0 0 0 0 11 0 0 0 0 0 0 0 0 0 0 0 0 0 0 0 0 0 0 0 0 11 
11 0 11 0 0 11 0 0 0 11 11 0 0 0 11 0 0 0 0 0 0 0 0 0 0 0 0 0 0 11 0 11 
11 11 11 11 11 11 11 11 11 11 11 11 11 11 11 11 11 11 11 11 11 11 11 11 11 11 11 11 11 11 11 11 

12902
11 11 11 11 11 11 11 11 11 11 11 11 11 11 11 11 11 11 11 11 11 11 11 11 11 11 11 11 11 11 11 11 
11 11 0 11 0 0 11 0 0 0 0 0 0 0 0 0 0 0 0 11 0 0 0 0 0 0 0 0 0 0 0 11 
11 0 0 0 0 0 0 0 0 0 0 0 0 11 11 0 0 0 0 0 0 0 0 0 0 0 0 0 0 0 11 11 
11 11 0 0 0 0 11 0 0 11 0 0 11 0 0 0 0 0 11 0 0 0 15 0 14 0 11 11 0 0 0 11 
11 0 0 0 0 0 0 0 0 0 0 0 0 0 11 0 0 0 0 0 0 0 0 11 11 0 0 11 0 11 11 11 
11 0 0 0 0 0 11 0 11 0 0 0 0 11 0 0 0 0 0 0 0 0 11 11 0 0 0 0 0 0 0 11 
11 0 11 0 0 0 11 11 0 0 0 11 0 0 0 0 0 0 0 0 0 0 0 11 0 0 0 0 11 11 0 11 
11 0 0 0 11 0 0 0 0 0 0 11 0 11 0 0 0 15 0 0 0 0 11 0 0 11 0 0 0 0 0 11 
11 0 0 11 0 0 0 0 11 0 0 0 11 11 0 0 0 0 0 0 0 0 0 11 0 11 0 0 0 0 11 11 
11 11 11 0 0 0 0 11 0 0 0 0 11 11 0 0 0 0 0 0 11 0 11 11 0 0 11 0 0 0 0 11 
11 0 0 11 0 0 11 0 0 0 0 0 0 0 0 0 0 0 0 11 0 0 0 0 0 0 11 0 0 0 0 11 
11 11 0 0 0 0 0 11 11 11 0 0 0 0 0 11 0 11 0 0 0 0 15 15 0 0 0 0 0 11 0 11 
11 0 0 0 0 0 0 0 0 0 11 0 0 0 0 0 0 0 0 0 0 0 0 0 0 0 0 0 0 0 0 11 
11 0 0 11 0 0 0 11 0 11 11 0 0 11 11 0 11 0 11 11 11 0 0 15 0 11 0 11 0 0 0 11 
11 0 0 0 0 0 0 0 0 0 11 0 0 0 0 0 0 0 0 0 0 0 0 0 0 0 0 0 0 0 0 11 
11 0 11 0 0 11 0 0 0 11 11 0 0 0 11 0 0 0 0 0 0 0 0 0 0 0 0 0 0 11 0 11 
11 11 11 11 11 11 11 11 11 11 11 11 11 11 11 11 11 11 11 11 11 11 11 11 11 11 11 11 11 11 11 11 

12977
11 11 11 11 11 11 11 11 11 11 11 11 11 11 11 11 11 11 11 11 11 11 11 11 11 11 11 11 11 11 11 11 
11 11 0 11 0 0 11 0 0 0 0 0 0 0 0 0 0 0 0 11 0 0 0 0 0 0 0 0 0 0 0 11 
11 0 0 0 0 0 0 0 0 0 0 0 0 11 11 0 0 0 0 0 0 0 0 0 0 0 0 0 0 0 11 11 
11 11 0 0 0 0 11 0 0 11 0 0 11 0 0 0 0 0 11 0 0 0 0 0 0 0 0 11 0 0 0 11 
11 0 11 0 0 0 0 0 0 11 0 0 0 0 11 0 0 0 0 0 0 0 0 11 11 0 0 11 0 11 11 11 
11 0 0 0 0 0 11 0 11 0 0 0 0 11 0 0 0 0 0 0 0 0 11 11 0 0 0 0 0 0 0 11 
11 0 11 0 0 0 11 11 0 0 0 11 0 0 0 0 0 0 15 0 0 0 0 11 0 0 0 0 11 11 0 11 
11 0 0 0 11 0 0 0 0 0 0 11 0 11 0 0 0 0 0 0 0 0 11 0 15 11 15 0 0 0 0 11 
11 0 0 11 0 0 0 0 11 0 0 0 11 11 0 0 0 0 0 0 0 0 0 11 15 11 0 0 0 0 11 11 
11 11 11 0 0 0 0 11 0 0 0 0 11 11 0 0 0 0 0 0 11 0 11 0 0 15 11 0 0 0 0 11 
11 0 0 11 0 0 11 0 0 0 0 0 0 0 0 0 0 0 0 11 0 0 0 0 0 0 11 0 0 0 0 11 
11 11 0 0 0 0 0 11 0 11 0 0 0 0 0 11 15 11 0 0 0 0 0 0 0 0 0 0 0 11 0 11 
11 0 0 0 0 0 0 0 0 0 11 0 0 0 0 0 0 0 0 0 0 0 0 0 0 0 0 0 0 0 0 11 
11 0 0 11 0 0 0 11 0 11 11 0 0 11 11 0 11 0 11 11 11 0 0 0 0 11 0 11 0 0 0 11 
11 0 0 0 0 0 0 0 0 0 11 11 0 0 0 0 0 0 0 0 0 0 0 0 0 0 0 0 0 0 0 11 
11 0 11 0 0 11 0 0 0 11 11 0 0 0 11 0 0 0 0 0 0 0 0 0 0 0 0 0 0 11 0 11 
11 11 11 11 11 11 11 11 11 11 11 11 11 11 11 11 11 11 11 11 11 11 11 11 11 11 11 11 11 11 11 11 

12954
11 11 11 11 11 11 11 11 11 11 11 11 11 11 11 11 11 11 11 11 11 11 11 11 11 11 11 11 11 11 11 11 
11 11 0 11 0 0 11 0 0 0 0 0 0 0 0 0 0 0 0 11 0 0 0 0 0 0 0 0 0 0 0 11 
11 0 0 0 0 0 0 0 0 0 0 0 0 11 11 0 0 0 0 0 0 0 0 0 0 0 0 0 0 0 11 11 
11 11 0 0 0 0 11 0 0 11 0 0 11 0 0 0 0 0 11 0 0 0 0 0 0 0 0 11 0 0 0 11 
11 0 11 0 0 0 0 0 0 11 0 0 0 0 11 0 0 0 0 0 0 0 0 11 11 0 0 11 0 11 11 11 
11 0 0 0 0 0 11 0 11 0 0 0 0 11 0 0 0 0 0 0 0 0 11 11 0 0 0 0 0 0 0 11 
11 0 11 0 0 0 11 11 0 0 0 11 0 0 0 0 0 0 0 0 0 0 0 11 15 0 0 0 11 11 0 11 
11 0 0 0 11 0 0 0 0 0 0 11 0 11 0 0 0 15 0 0 0 0 11 0 15 11 0 0 0 0 0 11 
11 0 0 11 0 0 0 0 11 0 0 0 11 11 0 0 0 0 0 0 0 0 0 11 0 11 0 0 0 0 11 11 
11 11 11 0 0 0 0 11 0 0 0 0 11 11 0 0 0 0 0 0 11 0 11 0 0 0 11 0 0 0 0 11 
11 0 0 11 0 0 11 0 0 0 0 0 0 0 0 0 0 0 0 11 0 0 15 0 0 0 11 0 0 0 0 11 
11 11 0 0 0 0 0 11 0 11 0 0 0 0 0 11 0 11 0 0 0 0 15 0 0 0 0 0 0 11 0 11 
11 0 0 0 0 0 0 0 0 0 11 0 0 0 0 0 0 0 0 0 0 0 0 0 0 0 0 0 0 0 0 11 
11 0 0 11 0 0 0 11 0 11 11 0 0 11 11 0 11 0 11 11 11 0 0 0 0 11 0 11 0 0 0 11 
11 0 0 0 0 0 0 0 0 0 11 11 0 0 0 0 0 0 0 0 0 0 15 0 0 0 0 0 0 0 0 11 
11 0 11 0 0 11 0 0 0 11 11 0 0 0 11 0 0 0 0 0 0 0 0 0 0 0 0 0 0 11 0 11 
11 11 11 11 11 11 11 11 11 11 11 11 11 11 11 11 11 11 11 11 11 11 11 11 11 11 11 11 11 11 11 11 

12954
11 11 11 11 11 11 11 11 11 11 11 11 11 11 11 11 11 11 11 11 11 11 11 11 11 11 11 11 11 11 11 11 
11 11 0 11 0 0 11 0 0 0 0 0 0 0 0 0 0 0 0 11 0 0 0 0 0 0 0 0 0 0 0 11 
11 0 0 0 0 0 0 0 0 0 0 0 0 11 11 0 0 0 0 0 0 0 0 0 0 0 0 0 0 0 11 11 
11 11 0 0 0 0 11 0 0 11 0 0 11 0 0 0 0 0 11 0 0 0 0 0 0 0 0 11 0 0 0 11 
11 0 11 0 0 0 0 0 0 11 0 0 0 0 11 0 0 0 0 0 0 0 0 11 11 0 0 11 0 11 11 11 
11 0 0 0 0 0 11 0 11 0 0 0 0 11 0 0 0 0 0 0 0 0 11 11 0 0 0 0 0 0 0 11 
11 0 11 0 0 0 11 11 0 0 0 11 0 0 0 0 0 0 0 0 0 0 0 11 15 0 0 0 11 11 0 11 
11 0 0 0 11 0 0 0 0 0 0 11 0 11 0 0 0 15 0 0 0 0 11 0 15 11 0 0 0 0 0 11 
11 0 0 11 0 0 0 0 11 0 0 0 11 11 0 0 0 0 0 0 0 0 0 11 0 11 0 0 0 0 11 11 
11 11 11 0 0 0 0 11 0 0 0 0 11 11 0 0 0 0 0 0 11 0 11 0 0 0 11 0 0 0 0 11 
11 0 0 11 0 0 11 0 0 0 0 0 0 0 0 0 0 0 0 11 0 0 15 0 0 0 11 0 0 0 0 11 
11 11 0 0 0 0 0 11 0 11 0 0 0 0 0 11 0 11 0 0 0 0 15 0 0 0 0 0 0 11 0 11 
11 0 0 0 0 0 0 0 0 0 11 0 0 0 0 0 0 0 0 0 0 0 0 0 0 0 0 0 0 0 0 11 
11 0 0 11 0 0 0 11 0 11 11 0 0 11 11 0 11 0 11 11 11 0 0 0 0 11 0 11 0 0 0 11 
11 0 0 0 0 0 0 0 0 0 11 11 0 0 0 0 0 0 0 0 0 0 15 0 0 0 0 0 0 0 0 11 
11 0 11 0 0 11 0 0 0 11 11 0 0 0 11 0 0 0 0 0 0 0 0 0 0 0 0 0 0 11 0 11 
11 11 11 11 11 11 11 11 11 11 11 11 11 11 11 11 11 11 11 11 11 11 11 11 11 11 11 11 11 11 11 11 

12954
11 11 11 11 11 11 11 11 11 11 11 11 11 11 11 11 11 11 11 11 11 11 11 11 11 11 11 11 11 11 11 11 
11 11 0 11 0 0 11 0 0 0 0 0 0 0 0 0 0 0 0 11 0 0 0 0 0 0 0 0 0 0 0 11 
11 0 0 0 0 0 0 0 0 0 0 0 0 11 11 0 0 0 0 0 0 0 0 0 0 0 0 0 0 0 11 11 
11 11 0 0 0 0 11 0 0 11 0 0 11 0 0 0 0 0 11 0 0 0 0 0 0 0 0 11 0 0 0 11 
11 0 11 0 0 0 0 0 0 11 0 0 0 0 11 0 0 0 0 0 0 0 0 11 11 0 0 11 0 11 11 11 
11 0 0 0 0 0 11 0 11 0 0 0 0 11 0 0 0 0 0 0 0 0 11 11 0 0 0 0 0 0 0 11 
11 0 11 0 0 0 11 11 0 0 0 11 0 0 0 0 0 0 0 0 0 0 0 11 15 0 0 0 11 11 0 11 
11 0 0 0 11 0 0 0 0 0 0 11 0 11 0 0 0 15 0 0 0 0 11 0 15 11 0 0 0 0 0 11 
11 0 0 11 0 0 0 0 11 0 0 0 11 11 0 0 0 0 0 0 0 0 0 11 0 11 0 0 0 0 11 11 
11 11 11 0 0 0 0 11 0 0 0 0 11 11 0 0 0 0 0 0 11 0 11 0 0 0 11 0 0 0 0 11 
11 0 0 11 0 0 11 0 0 0 0 0 0 0 0 0 0 0 0 11 0 0 15 0 0 0 11 0 0 0 0 11 
11 11 0 0 0 0 0 11 0 11 0 0 0 0 0 11 0 11 0 0 0 0 15 0 0 0 0 0 0 11 0 11 
11 0 0 0 0 0 0 0 0 0 11 0 0 0 0 0 0 0 0 0 0 0 0 0 0 0 0 0 0 0 0 11 
11 0 0 11 0 0 0 11 0 11 11 0 0 11 11 0 11 0 11 11 11 0 0 0 0 11 0 11 0 0 0 11 
11 0 0 0 0 0 0 0 0 0 11 11 0 0 0 0 0 0 0 0 0 0 15 0 0 0 0 0 0 0 0 11 
11 0 11 0 0 11 0 0 0 11 11 0 0 0 11 0 0 0 0 0 0 0 0 0 0 0 0 0 0 11 0 11 
11 11 11 11 11 11 11 11 11 11 11 11 11 11 11 11 11 11 11 11 11 11 11 11 11 11 11 11 11 11 11 11 

12953
11 11 11 11 11 11 11 11 11 11 11 11 11 11 11 11 11 11 11 11 11 11 11 11 11 11 11 11 11 11 11 11 
11 11 0 11 0 0 11 0 0 0 0 0 0 0 0 0 0 0 0 11 0 0 0 0 0 0 0 0 0 0 0 11 
11 0 0 0 0 0 0 0 0 0 0 0 0 11 11 0 0 0 0 0 0 0 0 0 0 0 0 0 0 0 11 11 
11 11 0 0 0 0 11 0 0 11 0 0 11 0 0 0 0 0 11 0 0 0 0 0 0 0 0 11 0 0 0 11 
11 0 11 0 0 0 0 0 0 11 0 0 0 0 11 0 0 0 0 0 0 0 0 11 11 0 0 11 0 11 11 11 
11 0 0 0 0 0 11 0 11 0 0 0 0 11 0 0 0 0 0 0 0 0 11 11 0 0 0 0 0 0 0 11 
11 0 11 0 0 0 11 11 0 0 0 11 0 0 0 0 0 0 0 0 0 0 0 11 15 0 0 0 11 11 0 11 
11 0 0 0 11 0 0 0 0 0 0 11 0 11 0 0 0 15 0 0 0 0 11 0 15 11 0 0 0 0 0 11 
11 0 0 11 0 0 0 0 11 0 0 0 11 11 0 0 0 0 0 0 0 0 0 11 0 11 0 0 0 0 11 11 
11 11 11 0 0 0 0 11 0 0 0 0 11 11 0 0 0 0 0 0 11 0 11 0 0 0 11 0 0 0 0 11 
11 0 0 11 0 0 11 0 0 0 0 0 0 0 0 0 0 0 0 11 0 0 0 0 0 0 11 0 0 0 0 11 
11 11 0 0 0 0 0 11 0 11 0 0 0 0 0 11 0 11 0 0 0 0 15 15 0 0 0 0 0 11 0 11 
11 0 0 0 0 0 0 0 0 0 11 0 0 0 0 0 0 0 0 0 0 0 0 0 0 0 0 0 0 0 0 11 
11 0 0 11 0 0 0 11 0 11 11 0 0 11 11 0 11 0 11 11 11 0 0 15 0 11 0 11 0 0 0 11 
11 0 0 0 0 0 0 0 0 0 11 11 0 0 0 0 0 0 0 0 0 0 0 0 0 0 0 0 0 0 0 11 
11 0 11 0 0 11 0 0 0 11 11 0 0 0 11 0 0 0 0 0 0 0 0 0 0 0 0 0 0 11 0 11 
11 11 11 11 11 11 11 11 11 11 11 11 11 11 11 11 11 11 11 11 11 11 11 11 11 11 11 11 11 11 11 11 

12954
11 11 11 11 11 11 11 11 11 11 11 11 11 11 11 11 11 11 11 11 11 11 11 11 11 11 11 11 11 11 11 11 
11 11 0 11 0 0 11 0 0 0 0 0 0 0 0 0 0 0 0 11 0 0 0 0 0 0 0 0 0 0 0 11 
11 0 0 0 0 0 0 0 0 0 0 0 0 11 11 0 0 0 0 0 0 0 0 0 0 0 0 0 0 0 11 11 
11 11 0 0 0 0 11 0 0 11 0 0 11 0 0 0 0 0 11 0 0 0 0 0 0 0 11 11 0 0 0 11 
11 0 11 0 0 0 0 0 0 11 0 0 0 0 11 0 0 0 0 0 0 0 0 0 11 0 0 11 0 11 11 11 
11 0 0 0 0 0 11 0 11 0 0 0 0 11 0 0 0 0 0 0 0 0 11 11 0 0 0 0 0 0 0 11 
11 0 11 0 0 0 11 11 0 0 0 11 0 0 0 0 0 0 0 0 0 0 0 11 15 0 0 0 11 11 0 11 
11 0 0 0 11 0 0 0 0 0 0 11 0 11 0 0 0 15 0 0 0 0 11 0 0 11 0 0 0 0 0 11 
11 0 0 11 0 0 0 0 11 0 0 0 11 11 0 0 0 0 0 0 0 15 0 11 15 11 0 0 0 0 11 11 
11 11 11 0 0 0 0 11 0 0 0 0 11 11 0 0 0 0 0 0 11 0 11 11 0 0 11 0 0 0 0 11 
11 0 0 11 11 0 11 0 0 0 0 0 0 0 0 0 0 0 0 11 0 0 0 0 0 0 11 0 0 0 0 11 
11 11 0 11 0 0 0 11 0 11 0 0 0 0 0 11 0 11 0 0 0 0 0 0 0 0 0 0 0 0 0 11 
11 0 0 0 0 0 0 0 0 0 11 0 0 0 0 0 0 0 0 0 0 0 15 0 0 0 0 0 0 0 0 11 
11 0 0 11 0 0 0 11 0 11 11 0 0 11 11 0 11 0 11 11 11 0 0 0 0 11 0 11 0 0 0 11 
11 0 0 0 0 0 0 0 0 0 11 11 0 0 0 0 0 0 0 0 0 0 15 0 0 0 0 0 0 0 0 11 
11 0 0 0 0 0 0 0 0 11 11 0 0 0 11 0 0 0 0 0 0 0 0 0 0 0 0 0 0 11 0 11 
11 11 11 11 11 11 11 11 11 11 11 11 11 11 11 11 11 11 11 11 11 11 11 11 11 11 11 11 11 11 11 11 

12945
11 11 11 11 11 11 11 11 11 11 11 11 11 11 11 11 11 11 11 11 11 11 11 11 11 11 11 11 11 11 11 11 
11 11 0 11 0 0 11 0 0 0 0 0 0 0 0 0 0 0 0 11 0 0 0 0 0 0 0 0 0 0 0 11 
11 0 0 0 0 0 0 0 0 0 0 0 0 11 11 0 0 0 0 0 0 0 0 0 0 0 0 0 0 0 11 11 
11 11 0 0 0 0 11 0 0 11 0 0 11 0 0 0 0 0 11 0 0 0 0 0 0 0 11 11 0 0 0 11 
11 0 11 0 0 0 0 0 0 11 0 0 0 0 11 0 0 0 0 0 0 0 0 0 11 0 0 11 0 11 11 11 
11 0 0 0 0 0 11 0 11 0 0 0 0 11 0 0 0 0 0 0 0 0 11 11 0 0 0 0 0 0 0 11 
11 0 11 0 0 0 11 11 0 0 0 11 0 0 0 0 0 0 0 0 0 0 0 11 0 0 0 0 11 11 0 11 
11 0 0 0 11 0 0 0 0 0 0 11 0 11 0 0 0 15 0 0 0 0 11 0 15 11 15 0 0 0 0 11 
11 0 0 11 0 0 0 0 11 0 0 0 11 11 0 0 0 0 0 0 0 0 15 11 0 11 15 0 0 0 11 11 
11 11 11 0 0 0 0 11 0 0 0 0 11 11 0 0 0 0 0 0 11 0 11 11 0 0 11 0 0 0 0 11 
11 0 0 11 11 0 11 0 0 0 0 0 0 0 0 0 0 0 0 11 0 14 0 0 0 0 11 0 0 0 0 11 
11 11 0 11 0 0 0 11 0 11 0 0 0 0 0 11 0 11 0 0 0 0 0 0 0 0 0 0 0 0 0 11 
11 0 0 0 0 0 0 0 0 0 11 0 0 0 0 0 0 0 0 0 0 0 0 0 0 0 0 0 0 0 0 11 
11 0 0 11 0 0 0 11 0 11 11 0 0 11 11 0 11 0 11 11 11 0 0 0 0 11 0 11 0 0 0 11 
11 0 0 0 0 0 0 0 0 0 11 11 0 0 0 0 0 0 0 0 0 0 0 0 0 0 0 0 0 0 0 11 
11 0 0 0 0 0 0 0 0 11 11 0 0 0 11 0 0 0 0 0 0 0 0 0 0 0 0 0 0 11 0 11 
11 11 11 11 11 11 11 11 11 11 11 11 11 11 11 11 11 11 11 11 11 11 11 11 11 11 11 11 11 11 11 11 

12940
11 11 11 11 11 11 11 11 11 11 11 11 11 11 11 11 11 11 11 11 11 11 11 11 11 11 11 11 11 11 11 11 
11 11 0 11 0 0 11 0 0 0 0 0 0 0 0 0 0 0 0 11 0 0 0 0 0 0 0 0 0 0 0 11 
11 0 0 0 0 0 0 0 0 0 0 0 0 11 11 0 0 0 0 0 0 0 0 0 0 0 0 0 0 0 11 11 
11 11 0 0 0 0 11 0 0 11 0 0 11 0 0 0 0 0 11 0 0 0 0 0 0 0 11 11 0 0 0 11 
11 0 11 0 0 0 0 0 0 11 0 0 0 0 11 0 0 0 0 0 0 0 0 0 11 0 0 11 0 11 11 11 
11 0 0 0 0 0 11 0 11 0 0 0 0 11 0 0 0 0 0 0 0 0 11 11 0 0 0 0 0 0 0 11 
11 0 11 0 0 0 11 11 0 0 0 11 0 0 0 0 0 14 0 0 0 0 0 11 0 0 0 0 11 11 0 11 
11 0 0 0 11 0 0 0 0 0 0 11 0 11 0 0 0 15 0 0 0 0 11 0 15 11 0 0 0 0 0 11 
11 0 0 11 0 0 0 0 11 0 0 0 11 11 0 0 0 0 0 0 0 0 15 11 15 11 15 0 0 0 11 11 
11 11 11 0 0 0 0 11 0 0 0 0 11 11 0 0 0 0 0 0 11 0 11 11 0 0 11 0 0 0 0 11 
11 0 0 11 11 0 11 0 0 0 0 0 0 0 0 0 0 0 0 11 0 0 0 0 0 0 11 0 0 0 0 11 
11 11 0 11 0 0 0 11 0 11 0 0 0 0 0 11 0 11 0 0 0 0 0 0 0 0 0 0 0 0 0 11 
11 0 0 0 0 0 0 0 0 0 11 0 0 0 0 0 0 0 0 0 0 0 0 0 0 0 0 0 0 0 0 11 
11 0 0 11 0 0 0 11 0 11 11 0 0 11 11 0 11 0 11 11 11 15 0 0 0 11 0 11 0 0 0 11 
11 0 0 0 0 0 0 0 0 0 11 11 0 0 0 0 0 0 0 0 0 0 0 0 0 0 0 0 0 0 0 11 
11 0 0 0 0 0 0 0 0 11 11 0 0 0 11 0 0 0 0 0 0 0 0 0 0 0 0 0 0 11 0 11 
11 11 11 11 11 11 11 11 11 11 11 11 11 11 11 11 11 11 11 11 11 11 11 11 11 11 11 11 11 11 11 11 

12940
11 11 11 11 11 11 11 11 11 11 11 11 11 11 11 11 11 11 11 11 11 11 11 11 11 11 11 11 11 11 11 11 
11 11 0 11 0 0 11 0 0 0 0 0 0 0 0 0 0 0 0 11 0 0 0 0 0 0 0 0 0 0 0 11 
11 0 0 0 0 0 0 0 0 0 0 0 0 11 11 0 0 0 0 0 0 0 0 0 0 0 0 0 0 0 11 11 
11 11 0 0 0 0 11 0 0 11 0 0 11 0 0 0 0 0 11 0 0 0 0 0 0 0 11 11 0 0 0 11 
11 0 11 0 0 0 0 0 0 11 0 0 0 0 11 0 0 0 0 0 0 0 0 0 11 0 0 11 0 11 11 11 
11 0 0 0 0 0 11 0 11 0 0 0 0 11 0 0 0 0 0 0 0 0 11 11 0 0 0 0 0 0 0 11 
11 0 11 0 0 0 11 11 0 0 0 11 0 0 0 0 0 14 0 0 0 0 0 11 0 0 0 0 11 11 0 11 
11 0 0 0 11 0 0 0 0 0 0 11 0 11 0 0 0 15 0 0 0 0 11 0 15 11 0 0 0 0 0 11 
11 0 0 11 0 0 0 0 11 0 0 0 11 11 0 0 0 0 0 0 0 0 15 11 15 11 15 0 0 0 11 11 
11 11 11 0 0 0 0 11 0 0 0 0 11 11 0 0 0 0 0 0 11 0 11 11 0 0 11 0 0 0 0 11 
11 0 0 11 11 0 11 0 0 0 0 0 0 0 0 0 0 0 0 11 0 0 0 0 0 0 11 0 0 0 0 11 
11 11 0 11 0 0 0 11 0 11 0 0 0 0 0 11 0 11 0 0 0 0 0 0 0 0 0 0 0 0 0 11 
11 0 0 0 0 0 0 0 0 0 11 0 0 0 0 0 0 0 0 0 0 0 0 0 0 0 0 0 0 0 0 11 
11 0 0 11 0 0 0 11 0 11 11 0 0 11 11 0 11 0 11 11 11 15 0 0 0 11 0 11 0 0 0 11 
11 0 0 0 0 0 0 0 0 0 11 11 0 0 0 0 0 0 0 0 0 0 0 0 0 0 0 0 0 0 0 11 
11 0 0 0 0 0 0 0 0 11 11 0 0 0 11 0 0 0 0 0 0 0 0 0 0 0 0 0 0 11 0 11 
11 11 11 11 11 11 11 11 11 11 11 11 11 11 11 11 11 11 11 11 11 11 11 11 11 11 11 11 11 11 11 11 

12940
11 11 11 11 11 11 11 11 11 11 11 11 11 11 11 11 11 11 11 11 11 11 11 11 11 11 11 11 11 11 11 11 
11 11 0 11 0 0 11 0 0 0 0 0 0 0 0 0 0 0 0 11 0 0 0 0 0 0 0 0 0 0 0 11 
11 0 0 0 0 0 0 0 0 0 0 0 0 11 11 0 0 0 0 0 0 0 0 0 0 0 0 0 0 0 11 11 
11 11 0 0 0 0 11 0 0 11 0 0 11 0 0 0 0 0 11 0 0 0 0 0 0 0 11 11 0 0 0 11 
11 0 11 0 0 0 0 0 0 11 0 0 0 0 11 0 0 0 0 0 0 0 0 0 11 0 0 11 0 11 11 11 
11 0 0 0 0 0 11 0 11 0 0 0 0 11 0 0 0 0 0 0 0 0 11 11 0 0 0 0 0 0 0 11 
11 0 11 0 0 0 11 11 0 0 0 11 0 0 0 0 0 14 0 0 0 0 0 11 0 0 0 0 11 11 0 11 
11 0 0 0 11 0 0 0 0 0 0 11 0 11 0 0 0 15 0 0 0 0 11 0 15 11 0 0 0 0 0 11 
11 0 0 11 0 0 0 0 11 0 0 0 11 11 0 0 0 0 0 0 0 0 15 11 15 11 15 0 0 0 11 11 
11 11 11 0 0 0 0 11 0 0 0 0 11 11 0 0 0 0 0 0 11 0 11 11 0 0 11 0 0 0 0 11 
11 0 0 11 11 0 11 0 0 0 0 0 0 0 0 0 0 0 0 11 0 0 0 0 0 0 11 0 0 0 0 11 
11 11 0 11 0 0 0 11 0 11 0 0 0 0 0 11 0 11 0 0 0 0 0 0 0 0 0 0 0 0 0 11 
11 0 0 0 0 0 0 0 0 0 11 0 0 0 0 0 0 0 0 0 0 0 0 0 0 0 0 0 0 0 0 11 
11 0 0 11 0 0 0 11 0 11 11 0 0 11 11 0 11 0 11 11 11 15 0 0 0 11 0 11 0 0 0 11 
11 0 0 0 0 0 0 0 0 0 11 11 0 0 0 0 0 0 0 0 0 0 0 0 0 0 0 0 0 0 0 11 
11 0 0 0 0 0 0 0 0 11 11 0 0 0 11 0 0 0 0 0 0 0 0 0 0 0 0 0 0 11 0 11 
11 11 11 11 11 11 11 11 11 11 11 11 11 11 11 11 11 11 11 11 11 11 11 11 11 11 11 11 11 11 11 11 

12954
11 11 11 11 11 11 11 11 11 11 11 11 11 11 11 11 11 11 11 11 11 11 11 11 11 11 11 11 11 11 11 11 
11 11 0 11 0 0 11 0 0 0 0 0 0 0 0 0 0 0 0 11 0 0 0 0 0 0 0 0 0 0 0 11 
11 0 0 0 0 0 0 0 0 0 0 0 0 11 11 0 0 0 0 0 0 0 0 0 0 0 0 0 0 0 11 11 
11 11 0 0 0 0 11 0 0 11 0 0 11 0 0 0 0 0 11 0 0 0 0 0 0 0 0 11 0 0 0 11 
11 0 0 0 0 0 0 0 0 0 0 0 0 0 11 0 0 0 0 0 0 0 0 11 11 0 0 11 0 11 11 11 
11 0 0 0 0 0 11 0 11 0 0 0 0 11 0 0 0 0 0 0 0 0 11 11 0 0 0 0 0 0 0 11 
11 0 11 0 0 0 11 11 0 0 0 11 0 0 0 0 0 0 0 0 0 0 0 11 0 15 0 0 11 11 0 11 
11 0 0 0 11 0 0 0 0 0 0 11 0 11 0 0 0 15 0 0 0 0 11 0 15 11 0 0 0 0 0 11 
11 0 0 11 0 0 0 0 11 0 0 0 11 11 0 0 0 0 0 0 0 0 0 11 15 11 0 0 0 0 11 11 
11 11 11 0 0 0 0 11 0 0 0 0 11 11 0 0 0 0 0 0 11 0 11 11 0 0 11 0 0 0 0 11 
11 0 0 11 11 0 11 0 0 0 0 0 0 0 0 0 0 0 0 11 0 0 15 0 0 0 11 0 0 0 0 11 
11 11 0 11 0 0 0 11 0 11 0 0 0 0 0 11 0 11 0 0 0 0 0 15 0 0 0 0 0 0 0 11 
11 0 0 0 0 0 0 0 0 0 11 0 0 0 0 11 0 0 0 11 0 0 0 0 0 0 0 0 0 0 0 11 
11 0 0 11 0 0 0 11 0 11 11 0 0 11 11 0 11 0 11 11 11 0 0 0 0 11 0 11 0 0 0 11 
11 0 0 0 0 0 0 0 0 0 11 0 0 0 0 0 0 0 0 0 0 0 0 0 0 0 0 0 11 0 0 11 
11 0 0 0 0 0 0 0 0 11 11 0 0 0 11 0 0 0 0 0 0 0 0 0 0 0 0 0 0 11 0 11 
11 11 11 11 11 11 11 11 11 11 11 11 11 11 11 11 11 11 11 11 11 11 11 11 11 11 11 11 11 11 11 11 

12917
11 11 11 11 11 11 11 11 11 11 11 11 11 11 11 11 11 11 11 11 11 11 11 11 11 11 11 11 11 11 11 11 
11 11 0 11 0 0 11 0 0 0 0 0 0 0 0 0 0 0 0 11 0 0 0 0 0 0 0 0 0 0 0 11 
11 0 0 0 0 0 0 0 0 0 0 0 0 11 11 0 0 0 0 0 0 0 0 0 11 0 0 0 0 0 11 11 
11 11 0 0 0 0 11 0 0 11 0 0 11 0 0 0 0 0 11 0 0 0 0 0 0 0 0 11 0 0 0 11 
11 0 0 0 0 0 0 0 0 0 0 0 0 0 11 0 0 0 0 0 0 0 0 11 11 0 0 11 0 11 11 11 
11 0 0 0 0 0 11 0 11 0 0 0 0 11 0 0 0 0 0 0 0 0 11 11 0 0 0 0 0 0 0 11 
11 0 11 0 0 0 11 11 0 0 0 11 0 0 0 0 15 0 0 0 0 0 0 11 0 0 0 15 11 11 0 11 
11 0 0 0 11 0 0 0 0 0 0 11 0 11 0 0 0 0 0 0 0 0 11 0 15 11 0 0 0 0 0 11 
11 0 0 11 0 0 0 0 11 0 0 0 11 11 0 0 0 0 0 0 0 0 0 11 0 11 15 0 0 0 11 11 
11 11 11 0 0 0 0 11 0 0 0 0 11 11 0 0 0 0 0 0 11 0 11 11 0 0 11 0 0 0 0 11 
11 0 0 11 11 0 11 0 0 0 0 0 0 0 0 0 0 0 0 11 0 0 0 15 0 0 11 0 0 0 0 11 
11 11 0 11 0 0 0 11 0 11 0 0 0 0 0 11 0 11 0 0 0 0 0 0 0 0 0 0 0 0 0 11 
11 0 0 0 0 0 0 0 0 0 11 0 0 0 0 11 0 0 0 11 0 0 0 0 0 0 0 0 13 0 0 11 
11 0 0 11 0 0 0 11 0 11 11 0 0 11 11 0 11 0 11 11 11 0 0 0 0 11 0 11 0 0 0 11 
11 0 0 0 0 0 0 0 0 0 11 0 0 0 0 0 0 0 0 0 0 0 0 0 0 0 0 0 11 0 0 11 
11 0 0 0 0 0 0 0 0 11 11 0 0 0 11 0 0 0 0 0 0 0 0 0 0 0 0 0 0 11 0 11 
11 11 11 11 11 11 11 11 11 11 11 11 11 11 11 11 11 11 11 11 11 11 11 11 11 11 11 11 11 11 11 11 

12885
11 11 11 11 11 11 11 11 11 11 11 11 11 11 11 11 11 11 11 11 11 11 11 11 11 11 11 11 11 11 11 11 
11 11 0 11 0 0 11 0 0 0 0 0 0 0 0 0 0 0 0 11 0 0 0 0 0 0 11 0 0 0 0 11 
11 0 0 0 0 0 0 0 0 0 0 0 0 11 11 0 0 0 0 0 0 0 0 13 0 0 0 0 0 0 11 11 
11 11 0 0 0 0 11 0 0 11 0 0 11 0 0 0 0 0 11 0 0 0 0 0 0 0 0 11 0 0 0 11 
11 0 0 0 0 0 0 0 0 0 0 0 0 0 11 0 0 0 0 0 0 0 0 11 11 0 0 11 0 11 11 11 
11 0 0 0 0 0 11 0 11 0 0 0 0 11 0 0 0 0 0 0 0 0 11 11 0 0 0 0 0 0 0 11 
11 0 11 0 0 0 11 11 0 0 0 11 0 0 0 0 0 0 0 0 0 0 0 11 0 0 0 0 11 11 0 11 
11 0 0 0 11 0 0 0 0 0 0 11 0 11 0 0 0 15 0 0 0 0 11 0 15 11 0 0 0 0 0 11 
11 0 0 11 0 0 0 0 11 0 0 0 11 11 0 0 0 0 0 0 0 0 15 11 15 11 0 0 0 0 11 11 
11 11 11 0 0 0 0 11 0 0 0 0 11 11 0 0 0 0 0 0 11 0 11 11 0 0 11 0 0 0 0 11 
11 0 0 11 11 0 11 0 0 0 0 0 0 0 0 0 0 0 0 11 0 0 0 0 0 0 11 0 0 0 0 11 
11 11 0 11 0 0 0 11 0 11 0 0 0 0 0 11 0 11 0 0 0 0 0 0 11 0 0 0 0 0 0 11 
11 0 0 0 0 0 0 0 0 0 11 0 0 0 0 11 0 0 0 11 0 0 0 0 13 0 0 0 0 0 0 11 
11 0 0 11 0 0 0 11 0 11 11 0 0 11 11 0 11 0 11 11 11 0 14 0 0 11 0 11 0 0 0 11 
11 0 0 0 0 0 0 0 0 0 11 0 0 0 0 0 0 0 0 0 0 0 0 0 0 0 0 0 11 0 0 11 
11 0 0 0 0 0 0 0 0 11 11 0 0 0 11 0 0 0 0 0 0 0 0 0 0 0 0 0 0 11 0 11 
11 11 11 11 11 11 11 11 11 11 11 11 11 11 11 11 11 11 11 11 11 11 11 11 11 11 11 11 11 11 11 11 

12882
11 11 11 11 11 11 11 11 11 11 11 11 11 11 11 11 11 11 11 11 11 11 11 11 11 11 11 11 11 11 11 11 
11 11 0 11 0 0 11 0 0 0 0 0 0 0 0 0 0 0 0 11 0 0 0 0 0 0 0 0 0 0 0 11 
11 0 0 0 0 0 0 0 0 0 0 0 0 11 11 0 0 0 0 0 0 0 0 0 0 0 0 0 0 0 11 11 
11 11 0 0 0 0 11 0 0 11 0 0 11 0 0 0 0 0 11 0 0 0 0 0 0 0 0 11 0 0 0 11 
11 0 0 0 0 0 0 0 0 0 0 0 0 0 11 0 0 0 0 0 0 0 0 11 11 0 0 11 0 11 11 11 
11 0 0 0 0 0 11 0 11 0 0 0 0 11 0 0 0 0 0 0 0 0 11 11 0 0 0 0 0 0 0 11 
11 0 11 0 0 0 11 11 0 0 0 11 0 0 0 0 0 0 0 0 0 0 15 11 0 0 0 15 11 11 0 11 
11 0 0 0 11 0 0 0 0 0 0 11 0 11 0 0 0 15 0 0 0 0 11 0 0 11 0 0 0 0 0 11 
11 0 0 11 0 0 0 0 11 0 0 0 11 11 0 0 0 0 0 0 0 0 0 11 0 11 0 0 0 0 11 11 
11 11 11 0 0 0 0 11 0 0 0 0 11 11 0 13 0 0 0 0 11 0 11 11 0 0 11 0 0 0 0 11 
11 0 0 11 11 0 11 0 0 0 0 0 0 0 0 0 0 0 0 11 0 0 0 0 12 0 11 0 15 0 0 11 
11 11 0 11 0 0 0 11 0 11 0 0 0 0 0 11 0 11 0 0 0 0 15 12 0 11 0 0 0 0 0 11 
11 0 0 0 0 0 0 0 0 0 11 0 0 0 0 11 0 0 0 11 0 11 0 0 0 11 0 0 0 0 0 11 
11 0 0 11 0 0 0 11 0 11 11 0 0 11 11 0 11 0 11 11 11 0 0 0 0 11 0 11 0 0 0 11 
11 0 0 0 0 0 0 0 0 0 11 0 0 0 0 0 0 0 0 0 0 0 0 0 0 0 0 0 11 0 0 11 
11 0 0 0 0 0 0 0 0 11 11 0 0 0 11 0 0 0 0 0 0 0 0 0 0 0 0 0 0 11 0 11 
11 11 11 11 11 11 11 11 11 11 11 11 11 11 11 11 11 11 11 11 11 11 11 11 11 11 11 11 11 11 11 11 

12882
11 11 11 11 11 11 11 11 11 11 11 11 11 11 11 11 11 11 11 11 11 11 11 11 11 11 11 11 11 11 11 11 
11 11 0 11 0 0 11 0 0 0 0 0 0 0 0 0 0 0 0 11 0 0 0 0 0 0 0 0 0 0 0 11 
11 0 0 0 0 0 0 0 0 0 0 0 0 11 11 0 0 0 0 0 0 0 0 0 0 0 0 0 0 0 11 11 
11 11 0 0 0 0 11 0 0 11 0 0 11 0 0 0 0 0 11 0 0 0 0 0 0 0 0 11 0 0 0 11 
11 0 0 0 0 0 0 0 0 0 0 0 0 0 11 0 0 0 0 0 0 0 0 11 11 0 0 11 0 11 11 11 
11 0 0 0 0 0 11 0 11 0 0 0 0 11 0 0 0 0 0 0 0 0 11 11 0 0 0 0 0 0 0 11 
11 0 11 0 0 0 11 11 0 0 0 11 0 0 0 0 0 0 0 0 0 0 15 11 0 0 0 15 11 11 0 11 
11 0 0 0 11 0 0 0 0 0 0 11 0 11 0 0 0 15 0 0 0 0 11 0 0 11 0 0 0 0 0 11 
11 0 0 11 0 0 0 0 11 0 0 0 11 11 0 0 0 0 0 0 0 0 0 11 0 11 0 0 0 0 11 11 
11 11 11 0 0 0 0 11 0 0 0 0 11 11 0 13 0 0 0 0 11 0 11 11 0 0 11 0 0 0 0 11 
11 0 0 11 11 0 11 0 0 0 0 0 0 0 0 0 0 0 0 11 0 0 0 0 12 0 11 0 15 0 0 11 
11 11 0 11 0 0 0 11 0 11 0 0 0 0 0 11 0 11 0 0 0 0 15 12 0 11 0 0 0 0 0 11 
11 0 0 0 0 0 0 0 0 0 11 0 0 0 0 11 0 0 0 11 0 11 0 0 0 11 0 0 0 0 0 11 
11 0 0 11 0 0 0 11 0 11 11 0 0 11 11 0 11 0 11 11 11 0 0 0 0 11 0 11 0 0 0 11 
11 0 0 0 0 0 0 0 0 0 11 0 0 0 0 0 0 0 0 0 0 0 0 0 0 0 0 0 11 0 0 11 
11 0 0 0 0 0 0 0 0 11 11 0 0 0 11 0 0 0 0 0 0 0 0 0 0 0 0 0 0 11 0 11 
11 11 11 11 11 11 11 11 11 11 11 11 11 11 11 11 11 11 11 11 11 11 11 11 11 11 11 11 11 11 11 11 

12977
11 11 11 11 11 11 11 11 11 11 11 11 11 11 11 11 11 11 11 11 11 11 11 11 11 11 11 11 11 11 11 11 
11 11 0 11 0 0 11 0 0 0 0 0 0 0 0 0 0 0 0 11 0 0 0 0 0 0 0 0 0 0 0 11 
11 0 0 0 0 0 0 0 0 0 0 0 0 11 11 0 0 0 0 0 0 0 0 0 0 0 0 0 0 0 11 11 
11 11 0 0 0 0 11 0 0 11 0 0 11 0 0 0 0 0 11 0 0 0 0 0 0 0 11 11 0 0 0 11 
11 0 0 0 0 0 0 0 0 11 0 0 0 0 11 0 0 0 0 0 0 0 0 0 11 0 0 11 0 11 11 11 
11 0 0 0 0 0 11 0 11 0 0 0 0 11 0 0 0 0 0 0 0 0 11 11 0 0 0 0 0 0 0 11 
11 0 11 0 0 0 11 11 0 0 0 11 0 0 0 0 0 0 15 0 0 0 0 11 0 0 0 0 11 11 0 11 
11 0 0 0 11 0 0 0 0 0 0 11 0 11 0 0 0 0 0 0 0 0 11 0 15 11 15 0 0 0 0 11 
11 0 0 11 0 0 0 0 11 0 0 0 11 11 0 0 0 0 0 0 0 0 0 11 15 11 15 0 0 0 11 11 
11 11 11 0 0 0 0 11 0 0 0 0 11 11 0 0 0 0 0 0 11 0 11 0 0 0 11 0 0 0 0 11 
11 0 0 11 11 0 11 0 0 0 0 0 0 0 0 0 0 0 0 11 0 0 0 0 0 0 11 0 0 0 0 11 
11 11 0 0 0 0 0 11 0 11 0 0 0 0 0 11 15 11 0 0 0 0 0 0 0 0 0 0 0 11 0 11 
11 0 0 0 0 0 0 0 0 0 11 0 0 0 0 11 0 0 0 11 0 0 0 0 0 0 0 0 0 0 0 11 
11 0 0 11 0 0 0 11 0 11 0 0 0 11 11 0 11 0 11 11 0 0 0 0 0 11 0 11 0 0 0 11 
11 0 0 0 0 0 0 0 0 0 11 11 0 0 0 0 0 0 0 0 0 0 0 0 0 0 0 0 0 0 0 11 
11 0 11 0 0 11 0 0 0 11 11 0 0 0 11 0 0 0 0 0 0 0 0 0 0 0 0 0 0 11 0 11 
11 11 11 11 11 11 11 11 11 11 11 11 11 11 11 11 11 11 11 11 11 11 11 11 11 11 11 11 11 11 11 11 

12962
11 11 11 11 11 11 11 11 11 11 11 11 11 11 11 11 11 11 11 11 11 11 11 11 11 11 11 11 11 11 11 11 
11 11 0 11 0 0 11 0 0 0 0 0 0 0 0 0 0 0 0 11 0 0 0 0 0 0 0 0 0 0 0 11 
11 0 0 0 0 0 0 0 0 0 0 0 0 11 11 0 0 0 0 0 0 0 0 0 0 0 0 0 0 0 11 11 
11 11 0 0 0 0 11 0 0 11 0 0 11 0 0 0 0 0 11 0 0 0 0 0 0 0 11 11 0 0 0 11 
11 0 0 0 0 0 0 0 0 11 0 0 0 0 11 0 0 0 0 0 0 0 0 0 11 0 0 11 0 11 11 11 
11 0 0 0 0 0 11 0 11 0 0 0 0 11 0 0 0 0 0 0 0 0 11 11 0 0 0 0 0 0 0 11 
11 0 11 0 0 0 11 11 0 0 0 11 0 0 0 0 0 0 0 0 0 0 0 11 0 0 0 0 11 11 0 11 
11 0 0 0 11 0 0 0 0 0 0 11 0 11 0 0 0 15 0 0 0 15 11 0 15 11 0 0 0 0 0 11 
11 0 0 11 0 0 0 0 11 0 0 0 11 11 0 0 0 0 0 0 0 0 0 11 15 11 0 0 0 0 11 11 
11 11 11 0 0 0 0 11 0 0 0 0 11 11 0 0 0 15 0 0 11 0 11 0 0 0 11 0 0 15 0 11 
11 0 0 11 11 0 11 0 0 0 0 0 0 0 0 0 0 0 0 11 0 0 0 0 0 0 11 0 0 0 0 11 
11 11 0 0 0 0 0 11 0 11 0 0 0 0 0 11 0 11 0 0 0 0 0 0 0 0 0 0 0 11 0 11 
11 0 0 0 0 0 0 0 0 0 11 0 0 0 0 11 0 0 0 11 0 0 0 0 0 0 0 0 0 0 0 11 
11 0 0 11 0 0 0 11 0 11 0 0 0 11 11 0 11 0 11 11 0 0 0 0 0 11 0 11 0 0 0 11 
11 0 0 0 0 0 0 0 0 0 11 11 0 0 0 0 0 0 0 0 0 0 0 0 0 0 0 0 0 0 0 11 
11 0 11 0 0 11 0 0 0 11 11 0 0 0 11 0 0 0 0 0 0 0 0 0 0 0 0 0 0 11 0 11 
11 11 11 11 11 11 11 11 11 11 11 11 11 11 11 11 11 11 11 11 11 11 11 11 11 11 11 11 11 11 11 11 

12962
11 11 11 11 11 11 11 11 11 11 11 11 11 11 11 11 11 11 11 11 11 11 11 11 11 11 11 11 11 11 11 11 
11 11 0 11 0 0 11 0 0 0 0 0 0 0 0 0 0 0 0 11 0 0 0 0 0 0 0 0 0 0 0 11 
11 0 0 0 0 0 0 0 0 0 0 0 0 11 11 0 0 0 0 0 0 0 0 0 0 0 0 0 0 0 11 11 
11 11 0 0 0 0 11 0 0 11 0 0 11 0 0 0 0 0 11 0 0 0 0 0 0 0 11 11 0 0 0 11 
11 0 0 0 0 0 0 0 0 11 0 0 0 0 11 0 0 0 0 0 0 0 0 0 11 0 0 11 0 11 11 11 
11 0 0 0 0 0 11 0 11 0 0 0 0 11 0 0 0 0 0 0 0 0 11 11 0 0 0 0 0 0 0 11 
11 0 11 0 0 0 11 11 0 0 0 11 0 0 0 0 0 0 0 0 0 0 0 11 0 0 0 0 11 11 0 11 
11 0 0 0 11 0 0 0 0 0 0 11 0 11 0 0 0 15 0 0 0 15 11 0 15 11 0 0 0 0 0 11 
11 0 0 11 0 0 0 0 11 0 0 0 11 11 0 0 0 0 0 0 0 0 0 11 15 11 0 0 0 0 11 11 
11 11 11 0 0 0 0 11 0 0 0 0 11 11 0 0 0 15 0 0 11 0 11 0 0 0 11 0 0 15 0 11 
11 0 0 11 11 0 11 0 0 0 0 0 0 0 0 0 0 0 0 11 0 0 0 0 0 0 11 0 0 0 0 11 
11 11 0 0 0 0 0 11 0 11 0 0 0 0 0 11 0 11 0 0 0 0 0 0 0 0 0 0 0 11 0 11 
11 0 0 0 0 0 0 0 0 0 11 0 0 0 0 11 0 0 0 11 0 0 0 0 0 0 0 0 0 0 0 11 
11 0 0 11 0 0 0 11 0 11 0 0 0 11 11 0 11 0 11 11 0 0 0 0 0 11 0 11 0 0 0 11 
11 0 0 0 0 0 0 0 0 0 11 11 0 0 0 0 0 0 0 0 0 0 0 0 0 0 0 0 0 0 0 11 
11 0 11 0 0 11 0 0 0 11 11 0 0 0 11 0 0 0 0 0 0 0 0 0 0 0 0 0 0 11 0 11 
11 11 11 11 11 11 11 11 11 11 11 11 11 11 11 11 11 11 11 11 11 11 11 11 11 11 11 11 11 11 11 11 

12962
11 11 11 11 11 11 11 11 11 11 11 11 11 11 11 11 11 11 11 11 11 11 11 11 11 11 11 11 11 11 11 11 
11 11 0 11 0 0 11 0 0 0 0 0 0 0 0 0 0 0 0 11 0 0 0 0 0 0 0 0 0 0 0 11 
11 0 0 0 0 0 0 0 0 0 0 0 0 11 11 0 0 0 0 0 0 0 0 0 0 0 0 0 0 0 11 11 
11 11 0 0 0 0 11 0 0 11 0 0 11 0 0 0 0 0 11 0 0 0 0 0 0 0 11 11 0 0 0 11 
11 0 0 0 0 0 0 0 0 11 0 0 0 0 11 0 0 0 0 0 0 0 0 0 11 0 0 11 0 11 11 11 
11 0 0 0 0 0 11 0 11 0 0 0 0 11 0 0 0 0 0 0 0 0 11 11 0 0 0 0 0 0 0 11 
11 0 11 0 0 0 11 11 0 0 0 11 0 0 0 0 0 0 0 0 0 0 0 11 0 0 0 0 11 11 0 11 
11 0 0 0 11 0 0 0 0 0 0 11 0 11 0 0 0 15 0 0 0 15 11 0 15 11 0 0 0 0 0 11 
11 0 0 11 0 0 0 0 11 0 0 0 11 11 0 0 0 0 0 0 0 0 0 11 15 11 0 0 0 0 11 11 
11 11 11 0 0 0 0 11 0 0 0 0 11 11 0 0 0 15 0 0 11 0 11 0 0 0 11 0 0 15 0 11 
11 0 0 11 11 0 11 0 0 0 0 0 0 0 0 0 0 0 0 11 0 0 0 0 0 0 11 0 0 0 0 11 
11 11 0 0 0 0 0 11 0 11 0 0 0 0 0 11 0 11 0 0 0 0 0 0 0 0 0 0 0 11 0 11 
11 0 0 0 0 0 0 0 0 0 11 0 0 0 0 11 0 0 0 11 0 0 0 0 0 0 0 0 0 0 0 11 
11 0 0 11 0 0 0 11 0 11 0 0 0 11 11 0 11 0 11 11 0 0 0 0 0 11 0 11 0 0 0 11 
11 0 0 0 0 0 0 0 0 0 11 11 0 0 0 0 0 0 0 0 0 0 0 0 0 0 0 0 0 0 0 11 
11 0 11 0 0 11 0 0 0 11 11 0 0 0 11 0 0 0 0 0 0 0 0 0 0 0 0 0 0 11 0 11 
11 11 11 11 11 11 11 11 11 11 11 11 11 11 11 11 11 11 11 11 11 11 11 11 11 11 11 11 11 11 11 11 

12926
11 11 11 11 11 11 11 11 11 11 11 11 11 11 11 11 11 11 11 11 11 11 11 11 11 11 11 11 11 11 11 11 
11 11 0 11 0 0 11 0 0 0 0 0 0 0 0 0 0 0 0 11 0 0 0 0 12 0 0 0 0 0 0 11 
11 0 0 0 0 0 0 0 0 0 0 0 0 11 11 0 0 0 0 0 0 0 0 0 0 0 0 0 0 0 11 11 
11 11 0 0 0 0 11 0 0 11 0 0 11 0 0 0 0 0 11 0 0 0 0 0 0 0 11 11 0 0 0 11 
11 0 0 0 0 0 0 0 0 11 0 0 0 0 11 0 0 0 0 0 0 0 0 0 11 0 0 11 0 11 11 11 
11 0 0 0 0 0 11 0 11 0 0 0 0 11 0 0 0 0 0 0 0 0 11 11 0 0 0 0 0 0 0 11 
11 0 11 0 0 0 11 11 0 0 0 11 0 0 0 0 0 0 0 0 0 0 15 11 0 0 0 0 11 11 0 11 
11 0 0 0 11 0 0 0 0 0 0 11 0 11 0 0 0 15 0 0 0 0 11 0 0 11 0 0 0 0 0 11 
11 0 0 11 0 0 0 0 11 0 0 0 11 11 0 0 0 0 0 0 0 0 0 11 15 11 15 0 0 0 11 11 
11 11 11 0 0 0 0 11 0 0 0 0 11 11 0 0 0 0 0 0 11 0 11 0 0 0 11 0 0 0 0 11 
11 0 0 11 11 0 11 0 0 0 0 0 0 0 0 0 0 0 0 11 0 0 15 0 0 0 11 0 0 0 0 11 
11 11 0 0 0 0 0 11 0 11 0 0 0 0 0 11 0 11 0 0 0 0 0 0 0 0 0 0 0 11 0 11 
11 0 0 0 0 0 0 0 0 0 11 0 0 0 0 11 0 0 0 11 0 0 0 0 0 0 0 0 0 0 0 11 
11 0 0 11 0 0 0 11 0 11 0 0 0 11 11 0 11 0 11 11 0 0 0 0 0 11 0 11 0 0 0 11 
11 0 0 0 0 0 0 0 0 0 11 11 0 0 0 0 0 0 0 0 0 0 0 0 0 0 0 0 0 0 0 11 
11 0 11 0 0 11 0 0 0 11 11 0 0 0 11 0 0 0 0 12 0 0 0 0 0 0 0 0 0 11 0 11 
11 11 11 11 11 11 11 11 11 11 11 11 11 11 11 11 11 11 11 11 11 11 11 11 11 11 11 11 11 11 11 11 

