13134
11 11 11 11 11 11 11 11 11 11 11 11 11 11 11 11 11 11 11 11 11 11 11 11 11 11 11 11 11 11 11 11 
11 0 0 0 0 11 0 0 0 0 0 0 0 11 0 0 11 11 0 0 0 0 0 11 0 0 0 11 0 0 11 11 
11 11 0 11 11 0 0 11 0 0 0 11 0 0 11 0 0 0 0 0 0 0 11 0 0 0 11 0 0 0 0 11 
11 0 11 0 0 0 0 0 0 0 0 0 11 0 0 11 0 0 0 0 11 0 11 0 0 11 0 0 0 0 0 11 
11 0 0 0 0 11 11 0 0 0 0 0 0 0 11 0 0 0 0 0 0 0 11 0 0 0 0 0 0 0 0 11 
11 0 0 0 0 0 0 11 0 0 0 0 0 15 0 11 0 0 0 0 0 0 0 11 11 0 11 0 0 0 0 11 
11 11 11 0 0 0 0 0 0 0 0 0 0 0 0 11 0 0 0 0 0 0 0 0 11 0 0 0 0 11 0 11 
11 0 0 0 0 11 11 0 0 0 0 0 11 0 0 11 0 0 0 0 0 0 0 11 11 0 11 0 0 0 0 11 
11 11 0 0 0 0 0 0 0 0 0 0 11 11 0 0 0 0 0 0 11 11 11 0 11 0 0 0 0 0 0 11 
11 0 11 0 0 0 0 11 0 0 0 0 0 0 0 0 0 0 0 0 11 0 11 0 0 0 0 0 11 0 0 11 
11 0 11 0 0 0 0 11 0 0 0 0 0 11 0 0 0 0 0 15 0 0 11 0 0 11 0 0 0 0 0 11 
11 0 0 11 0 0 0 11 0 0 0 0 0 0 11 11 0 0 0 0 0 0 0 11 0 0 0 0 0 0 0 11 
11 0 11 0 0 0 15 11 0 11 0 0 0 0 0 11 11 0 0 0 0 0 0 0 0 0 15 0 11 0 0 11 
11 0 0 0 11 11 11 11 0 0 11 15 0 0 0 11 0 0 0 0 0 0 0 0 0 0 11 0 0 0 0 11 
11 0 0 0 0 0 15 0 0 0 11 0 0 0 0 11 0 0 11 0 0 0 0 0 0 11 0 0 0 0 0 11 
11 0 0 0 0 0 0 11 11 11 11 0 11 0 0 0 0 11 0 0 0 0 0 0 11 0 0 0 0 11 0 11 
11 0 0 0 0 0 0 0 0 0 0 0 0 11 0 11 0 11 0 0 0 0 0 0 0 0 11 0 15 0 0 11 
11 0 0 0 11 0 0 11 0 0 0 0 0 0 0 0 0 0 0 0 11 0 11 0 0 0 11 0 0 0 0 11 
11 0 0 0 0 11 0 0 11 0 0 0 0 11 0 0 0 0 0 0 0 0 0 0 0 0 0 0 0 0 0 11 
11 11 11 11 11 11 11 11 11 11 11 11 11 11 11 11 11 11 11 11 11 11 11 11 11 11 11 11 11 11 11 11 

13102
11 11 11 11 11 11 11 11 11 11 11 11 11 11 11 11 11 11 11 11 11 11 11 11 11 11 11 11 11 11 11 11 
11 0 0 0 0 11 0 0 0 0 0 0 0 11 0 0 11 11 0 0 0 0 0 11 0 0 0 11 0 0 11 11 
11 11 0 11 11 0 0 11 0 0 0 11 0 0 11 0 0 0 0 0 0 0 11 0 0 0 11 0 0 0 0 11 
11 0 11 0 0 0 0 0 0 0 0 0 11 0 0 11 0 0 0 0 11 0 11 0 0 11 0 0 0 0 0 11 
11 0 0 0 0 11 11 0 0 0 0 0 0 0 11 0 0 0 0 0 0 0 11 0 0 0 0 0 0 0 0 11 
11 0 0 0 0 0 0 11 0 0 0 0 0 0 0 11 0 0 0 0 0 0 0 11 11 0 11 0 0 0 0 11 
11 11 11 0 0 0 0 0 0 0 0 0 0 0 0 11 0 0 0 0 0 0 13 0 11 0 0 0 0 11 0 11 
11 0 0 0 0 11 11 0 0 0 0 0 11 0 15 11 0 0 0 0 0 0 0 11 11 0 11 0 0 0 0 11 
11 11 0 0 0 0 0 0 0 0 0 0 11 11 0 0 0 0 0 0 11 11 11 0 11 0 0 0 0 0 0 11 
11 0 11 0 0 0 0 11 0 0 0 0 0 0 0 0 0 0 0 0 11 0 11 0 0 0 0 0 11 0 0 11 
11 0 11 0 0 0 0 11 0 15 0 15 0 11 0 0 0 0 0 0 0 0 11 0 0 11 0 0 0 0 0 11 
11 0 0 11 0 0 0 11 15 0 0 0 0 0 11 11 0 0 0 0 0 0 0 11 15 0 0 0 0 0 0 11 
11 0 11 0 0 0 0 11 0 11 0 0 0 0 0 11 11 0 0 0 0 0 0 0 0 0 0 0 11 0 0 11 
11 0 0 0 11 11 11 11 0 0 11 0 0 0 0 11 0 0 0 0 0 0 0 0 15 15 11 0 0 0 0 11 
11 0 0 0 0 0 0 0 0 0 11 0 0 0 0 11 0 0 11 0 0 0 0 0 0 11 0 0 0 0 0 11 
11 0 0 0 0 0 0 11 11 11 11 0 11 0 0 0 0 11 0 0 0 0 0 0 11 0 0 0 0 11 0 11 
11 0 0 0 0 0 0 0 0 0 0 0 0 11 0 11 0 11 0 0 0 0 0 0 0 0 11 0 0 0 0 11 
11 0 0 0 11 0 0 11 0 0 0 0 0 0 0 0 0 0 0 0 11 0 11 0 0 0 11 0 0 0 0 11 
11 0 0 0 0 11 0 0 11 0 0 0 0 11 0 0 0 0 0 0 0 0 0 0 0 0 0 0 0 0 0 11 
11 11 11 11 11 11 11 11 11 11 11 11 11 11 11 11 11 11 11 11 11 11 11 11 11 11 11 11 11 11 11 11 

13082
11 11 11 11 11 11 11 11 11 11 11 11 11 11 11 11 11 11 11 11 11 11 11 11 11 11 11 11 11 11 11 11 
11 0 0 0 0 11 0 0 0 0 0 0 0 11 0 0 11 11 0 0 0 0 0 11 0 0 0 11 0 0 11 11 
11 11 0 11 11 0 0 11 0 0 0 11 0 0 11 0 0 0 0 0 0 0 11 0 0 0 11 0 0 0 0 11 
11 0 11 0 0 0 0 0 0 0 0 0 11 0 0 11 0 0 0 0 11 0 11 0 0 11 0 0 0 0 0 11 
11 0 0 0 0 11 11 0 0 0 0 0 0 0 11 0 0 0 0 0 0 0 11 0 0 0 0 0 0 0 0 11 
11 0 0 0 0 0 0 11 0 0 0 0 0 0 0 11 0 0 0 0 0 0 0 11 11 0 11 0 0 0 0 11 
11 11 11 0 0 0 0 0 0 0 0 0 0 0 0 11 0 0 0 0 0 0 0 0 11 0 0 0 0 11 0 11 
11 0 0 0 0 11 11 0 0 0 0 0 11 0 0 11 0 0 0 0 0 14 0 11 11 0 11 0 0 0 0 11 
11 11 0 0 0 0 0 0 0 0 0 0 11 11 0 0 0 0 14 0 11 11 11 0 11 0 0 0 0 0 0 11 
11 0 11 0 0 0 0 11 0 0 0 0 0 15 0 0 0 0 0 0 11 0 11 0 0 0 0 0 11 0 0 11 
11 0 11 0 0 0 0 11 0 0 0 0 0 11 0 0 0 0 0 0 0 0 11 0 0 11 0 0 0 0 0 11 
11 0 0 11 0 0 0 11 0 0 0 0 0 0 11 11 0 0 0 0 0 0 0 11 0 0 0 0 0 0 0 11 
11 0 11 0 0 0 0 11 15 11 0 0 0 0 0 11 11 0 0 0 0 0 0 0 0 15 0 0 11 0 0 11 
11 0 0 0 11 11 11 11 0 0 11 0 0 0 0 11 0 0 0 0 0 0 0 0 0 15 11 0 0 0 0 11 
11 0 0 0 0 0 15 0 0 0 11 0 0 0 0 11 0 0 11 0 0 0 0 0 0 11 0 0 0 0 0 11 
11 0 0 0 0 0 0 11 11 11 11 0 11 0 0 0 0 11 0 0 0 0 0 0 11 0 0 0 0 11 0 11 
11 0 0 0 0 0 0 0 0 0 0 0 0 11 0 11 0 11 0 0 0 0 0 0 0 0 11 0 0 0 0 11 
11 0 0 0 11 0 0 11 0 0 0 0 0 0 0 0 0 0 0 0 11 0 11 0 0 0 11 0 0 0 0 11 
11 0 0 0 0 11 0 0 11 0 0 0 0 11 0 0 0 0 0 0 0 0 0 0 0 0 0 0 0 0 0 11 
11 11 11 11 11 11 11 11 11 11 11 11 11 11 11 11 11 11 11 11 11 11 11 11 11 11 11 11 11 11 11 11 

13082
11 11 11 11 11 11 11 11 11 11 11 11 11 11 11 11 11 11 11 11 11 11 11 11 11 11 11 11 11 11 11 11 
11 0 0 0 0 11 0 0 0 0 0 0 0 11 0 0 11 11 0 0 0 0 0 11 0 0 0 11 0 0 11 11 
11 11 0 11 11 0 0 11 0 0 0 11 0 0 11 0 0 0 0 0 0 0 11 0 0 0 11 0 0 0 0 11 
11 0 11 0 0 0 0 0 0 0 0 0 11 0 0 11 0 0 0 0 11 0 11 0 0 11 0 0 0 0 0 11 
11 0 0 0 0 11 11 0 0 0 0 0 0 0 11 0 0 0 0 0 0 0 11 0 0 0 0 0 0 0 0 11 
11 0 0 0 0 0 0 11 0 0 0 0 0 0 0 11 0 0 0 0 0 0 0 11 11 0 11 0 0 0 0 11 
11 11 11 0 0 0 0 0 0 0 0 0 0 0 0 11 0 0 0 0 0 0 0 0 11 0 0 0 0 11 0 11 
11 0 0 0 0 11 11 0 0 0 0 0 11 0 0 11 0 0 0 0 0 14 0 11 11 0 11 0 0 0 0 11 
11 11 0 0 0 0 0 0 0 0 0 0 11 11 0 0 0 0 14 0 11 11 11 0 11 0 0 0 0 0 0 11 
11 0 11 0 0 0 0 11 0 0 0 0 0 15 0 0 0 0 0 0 11 0 11 0 0 0 0 0 11 0 0 11 
11 0 11 0 0 0 0 11 0 0 0 0 0 11 0 0 0 0 0 0 0 0 11 0 0 11 0 0 0 0 0 11 
11 0 0 11 0 0 0 11 0 0 0 0 0 0 11 11 0 0 0 0 0 0 0 11 0 0 0 0 0 0 0 11 
11 0 11 0 0 0 0 11 15 11 0 0 0 0 0 11 11 0 0 0 0 0 0 0 0 15 0 0 11 0 0 11 
11 0 0 0 11 11 11 11 0 0 11 0 0 0 0 11 0 0 0 0 0 0 0 0 0 15 11 0 0 0 0 11 
11 0 0 0 0 0 15 0 0 0 11 0 0 0 0 11 0 0 11 0 0 0 0 0 0 11 0 0 0 0 0 11 
11 0 0 0 0 0 0 11 11 11 11 0 11 0 0 0 0 11 0 0 0 0 0 0 11 0 0 0 0 11 0 11 
11 0 0 0 0 0 0 0 0 0 0 0 0 11 0 11 0 11 0 0 0 0 0 0 0 0 11 0 0 0 0 11 
11 0 0 0 11 0 0 11 0 0 0 0 0 0 0 0 0 0 0 0 11 0 11 0 0 0 11 0 0 0 0 11 
11 0 0 0 0 11 0 0 11 0 0 0 0 11 0 0 0 0 0 0 0 0 0 0 0 0 0 0 0 0 0 11 
11 11 11 11 11 11 11 11 11 11 11 11 11 11 11 11 11 11 11 11 11 11 11 11 11 11 11 11 11 11 11 11 

13082
11 11 11 11 11 11 11 11 11 11 11 11 11 11 11 11 11 11 11 11 11 11 11 11 11 11 11 11 11 11 11 11 
11 0 0 0 0 11 0 0 0 0 0 0 0 11 0 0 11 11 0 0 0 0 0 11 0 0 0 11 0 0 11 11 
11 11 0 11 11 0 0 11 0 0 0 11 0 0 11 0 0 0 0 0 0 0 11 0 0 0 11 0 0 0 0 11 
11 0 11 0 0 0 0 0 0 0 0 0 11 0 0 11 0 0 0 0 11 0 11 0 0 11 0 0 0 0 0 11 
11 0 0 0 0 11 11 0 0 0 0 0 0 0 11 0 0 0 0 0 0 0 11 0 0 0 0 0 0 0 0 11 
11 0 0 0 0 0 0 11 0 0 0 0 0 0 0 11 0 0 0 0 0 0 0 11 11 0 11 0 0 0 0 11 
11 11 11 0 0 0 0 0 0 0 0 0 0 0 0 11 0 0 0 0 0 0 0 0 11 0 0 0 0 11 0 11 
11 0 0 0 0 11 11 0 0 0 0 0 11 0 0 11 0 0 0 0 0 14 0 11 11 0 11 0 0 0 0 11 
11 11 0 0 0 0 0 0 0 0 0 0 11 11 0 0 0 0 14 0 11 11 11 0 11 0 0 0 0 0 0 11 
11 0 11 0 0 0 0 11 0 0 0 0 0 15 0 0 0 0 0 0 11 0 11 0 0 0 0 0 11 0 0 11 
11 0 11 0 0 0 0 11 0 0 0 0 0 11 0 0 0 0 0 0 0 0 11 0 0 11 0 0 0 0 0 11 
11 0 0 11 0 0 0 11 0 0 0 0 0 0 11 11 0 0 0 0 0 0 0 11 0 0 0 0 0 0 0 11 
11 0 11 0 0 0 0 11 15 11 0 0 0 0 0 11 11 0 0 0 0 0 0 0 0 15 0 0 11 0 0 11 
11 0 0 0 11 11 11 11 0 0 11 0 0 0 0 11 0 0 0 0 0 0 0 0 0 15 11 0 0 0 0 11 
11 0 0 0 0 0 15 0 0 0 11 0 0 0 0 11 0 0 11 0 0 0 0 0 0 11 0 0 0 0 0 11 
11 0 0 0 0 0 0 11 11 11 11 0 11 0 0 0 0 11 0 0 0 0 0 0 11 0 0 0 0 11 0 11 
11 0 0 0 0 0 0 0 0 0 0 0 0 11 0 11 0 11 0 0 0 0 0 0 0 0 11 0 0 0 0 11 
11 0 0 0 11 0 0 11 0 0 0 0 0 0 0 0 0 0 0 0 11 0 11 0 0 0 11 0 0 0 0 11 
11 0 0 0 0 11 0 0 11 0 0 0 0 11 0 0 0 0 0 0 0 0 0 0 0 0 0 0 0 0 0 11 
11 11 11 11 11 11 11 11 11 11 11 11 11 11 11 11 11 11 11 11 11 11 11 11 11 11 11 11 11 11 11 11 

13161
11 11 11 11 11 11 11 11 11 11 11 11 11 11 11 11 11 11 11 11 11 11 11 11 11 11 11 11 11 11 11 11 
11 0 0 0 0 11 0 0 0 0 0 0 0 11 0 0 11 11 0 0 0 0 0 11 0 0 0 11 0 0 0 11 
11 11 11 11 11 0 0 11 0 0 0 11 0 0 11 0 0 0 0 0 0 0 11 0 0 0 11 0 0 0 0 11 
11 0 11 0 0 0 0 0 0 0 0 0 11 0 0 11 0 0 0 0 11 0 11 0 0 11 0 0 0 0 0 11 
11 0 0 0 0 11 11 0 0 0 0 0 0 0 11 0 0 0 0 0 0 0 0 0 0 0 0 0 0 0 0 11 
11 0 0 0 0 0 0 11 0 0 0 0 0 15 11 11 0 0 0 0 0 0 0 11 11 0 11 0 0 0 0 11 
11 11 0 0 0 0 0 0 0 0 0 0 0 0 0 11 0 0 0 0 0 0 0 0 11 0 0 0 0 11 0 11 
11 0 0 0 0 11 11 11 0 0 0 0 11 0 0 11 0 0 0 0 0 15 0 11 11 0 11 0 0 0 0 11 
11 11 0 0 0 0 0 0 0 0 0 0 11 11 0 0 0 0 0 0 11 11 11 0 11 0 0 0 0 0 0 11 
11 0 11 0 0 0 0 11 0 0 0 0 0 0 0 0 0 0 0 0 11 0 11 0 0 0 0 11 11 0 0 11 
11 0 11 0 0 0 0 11 0 0 0 0 0 11 0 0 0 0 0 0 0 0 11 0 0 11 0 0 0 11 0 11 
11 0 0 11 0 0 0 11 0 0 0 0 0 0 11 11 0 0 0 0 0 0 0 11 0 0 0 0 0 0 0 11 
11 0 11 0 0 0 15 11 15 11 0 0 0 0 0 11 11 0 0 0 0 0 0 15 0 15 0 0 11 0 0 11 
11 0 0 0 11 11 11 11 0 12 11 0 0 0 0 11 0 0 0 0 0 0 0 0 0 0 11 0 0 0 0 11 
11 0 0 0 0 0 0 0 0 0 11 0 0 0 0 11 0 0 11 0 0 0 0 0 0 11 0 0 0 0 0 11 
11 0 0 0 0 0 0 11 11 11 11 0 11 0 0 0 0 11 0 0 0 0 0 0 11 0 0 0 0 11 0 11 
11 0 0 0 0 0 0 0 0 0 0 0 0 11 0 11 0 0 0 0 0 0 0 0 0 0 11 0 0 0 0 11 
11 0 0 0 11 0 0 11 0 0 0 0 0 0 0 0 0 0 0 0 11 0 11 0 0 0 11 0 0 0 0 11 
11 0 0 0 0 11 0 0 0 0 0 0 0 11 0 0 0 0 0 0 0 0 0 0 0 0 0 0 0 0 0 11 
11 11 11 11 11 11 11 11 11 11 11 11 11 11 11 11 11 11 11 11 11 11 11 11 11 11 11 11 11 11 11 11 

13161
11 11 11 11 11 11 11 11 11 11 11 11 11 11 11 11 11 11 11 11 11 11 11 11 11 11 11 11 11 11 11 11 
11 0 0 0 0 11 0 0 0 0 0 0 0 11 0 0 11 11 0 0 0 0 0 11 0 0 0 11 0 0 0 11 
11 11 11 11 11 0 0 11 0 0 0 11 0 0 11 0 0 0 0 0 0 0 11 0 0 0 11 0 0 0 0 11 
11 0 11 0 0 0 0 0 0 0 0 0 11 0 0 11 0 0 0 0 11 0 11 0 0 11 0 0 0 0 0 11 
11 0 0 0 0 11 11 0 0 0 0 0 0 0 11 0 0 0 0 0 0 0 0 0 0 0 0 0 0 0 0 11 
11 0 0 0 0 0 0 11 0 0 0 0 0 15 11 11 0 0 0 0 0 0 0 11 11 0 11 0 0 0 0 11 
11 11 0 0 0 0 0 0 0 0 0 0 0 0 0 11 0 0 0 0 0 0 0 0 11 0 0 0 0 11 0 11 
11 0 0 0 0 11 11 11 0 0 0 0 11 0 0 11 0 0 0 0 0 15 0 11 11 0 11 0 0 0 0 11 
11 11 0 0 0 0 0 0 0 0 0 0 11 11 0 0 0 0 0 0 11 11 11 0 11 0 0 0 0 0 0 11 
11 0 11 0 0 0 0 11 0 0 0 0 0 0 0 0 0 0 0 0 11 0 11 0 0 0 0 11 11 0 0 11 
11 0 11 0 0 0 0 11 0 0 0 0 0 11 0 0 0 0 0 0 0 0 11 0 0 11 0 0 0 11 0 11 
11 0 0 11 0 0 0 11 0 0 0 0 0 0 11 11 0 0 0 0 0 0 0 11 0 0 0 0 0 0 0 11 
11 0 11 0 0 0 15 11 15 11 0 0 0 0 0 11 11 0 0 0 0 0 0 15 0 15 0 0 11 0 0 11 
11 0 0 0 11 11 11 11 0 12 11 0 0 0 0 11 0 0 0 0 0 0 0 0 0 0 11 0 0 0 0 11 
11 0 0 0 0 0 0 0 0 0 11 0 0 0 0 11 0 0 11 0 0 0 0 0 0 11 0 0 0 0 0 11 
11 0 0 0 0 0 0 11 11 11 11 0 11 0 0 0 0 11 0 0 0 0 0 0 11 0 0 0 0 11 0 11 
11 0 0 0 0 0 0 0 0 0 0 0 0 11 0 11 0 0 0 0 0 0 0 0 0 0 11 0 0 0 0 11 
11 0 0 0 11 0 0 11 0 0 0 0 0 0 0 0 0 0 0 0 11 0 11 0 0 0 11 0 0 0 0 11 
11 0 0 0 0 11 0 0 0 0 0 0 0 11 0 0 0 0 0 0 0 0 0 0 0 0 0 0 0 0 0 11 
11 11 11 11 11 11 11 11 11 11 11 11 11 11 11 11 11 11 11 11 11 11 11 11 11 11 11 11 11 11 11 11 

13161
11 11 11 11 11 11 11 11 11 11 11 11 11 11 11 11 11 11 11 11 11 11 11 11 11 11 11 11 11 11 11 11 
11 0 0 0 0 11 0 0 0 0 0 0 0 11 0 0 11 11 0 0 0 0 0 11 0 0 0 11 0 0 0 11 
11 11 11 11 11 0 0 11 0 0 0 11 0 0 11 0 0 0 0 0 0 0 11 0 0 0 11 0 0 0 0 11 
11 0 11 0 0 0 0 0 0 0 0 0 11 0 0 11 0 0 0 0 11 0 11 0 0 11 0 0 0 0 0 11 
11 0 0 0 0 11 11 0 0 0 0 0 0 0 11 0 0 0 0 0 0 0 0 0 0 0 0 0 0 0 0 11 
11 0 0 0 0 0 0 11 0 0 0 0 0 15 11 11 0 0 0 0 0 0 0 11 11 0 11 0 0 0 0 11 
11 11 0 0 0 0 0 0 0 0 0 0 0 0 0 11 0 0 0 0 0 0 0 0 11 0 0 0 0 11 0 11 
11 0 0 0 0 11 11 11 0 0 0 0 11 0 0 11 0 0 0 0 0 15 0 11 11 0 11 0 0 0 0 11 
11 11 0 0 0 0 0 0 0 0 0 0 11 11 0 0 0 0 0 0 11 11 11 0 11 0 0 0 0 0 0 11 
11 0 11 0 0 0 0 11 0 0 0 0 0 0 0 0 0 0 0 0 11 0 11 0 0 0 0 11 11 0 0 11 
11 0 11 0 0 0 0 11 0 0 0 0 0 11 0 0 0 0 0 0 0 0 11 0 0 11 0 0 0 11 0 11 
11 0 0 11 0 0 0 11 0 0 0 0 0 0 11 11 0 0 0 0 0 0 0 11 0 0 0 0 0 0 0 11 
11 0 11 0 0 0 15 11 15 11 0 0 0 0 0 11 11 0 0 0 0 0 0 15 0 15 0 0 11 0 0 11 
11 0 0 0 11 11 11 11 0 12 11 0 0 0 0 11 0 0 0 0 0 0 0 0 0 0 11 0 0 0 0 11 
11 0 0 0 0 0 0 0 0 0 11 0 0 0 0 11 0 0 11 0 0 0 0 0 0 11 0 0 0 0 0 11 
11 0 0 0 0 0 0 11 11 11 11 0 11 0 0 0 0 11 0 0 0 0 0 0 11 0 0 0 0 11 0 11 
11 0 0 0 0 0 0 0 0 0 0 0 0 11 0 11 0 0 0 0 0 0 0 0 0 0 11 0 0 0 0 11 
11 0 0 0 11 0 0 11 0 0 0 0 0 0 0 0 0 0 0 0 11 0 11 0 0 0 11 0 0 0 0 11 
11 0 0 0 0 11 0 0 0 0 0 0 0 11 0 0 0 0 0 0 0 0 0 0 0 0 0 0 0 0 0 11 
11 11 11 11 11 11 11 11 11 11 11 11 11 11 11 11 11 11 11 11 11 11 11 11 11 11 11 11 11 11 11 11 

13157
11 11 11 11 11 11 11 11 11 11 11 11 11 11 11 11 11 11 11 11 11 11 11 11 11 11 11 11 11 11 11 11 
11 0 0 0 0 11 0 0 0 0 0 0 0 11 0 0 11 11 0 0 0 0 0 11 0 0 0 11 0 0 0 11 
11 11 11 11 11 0 0 11 0 0 0 11 0 0 11 0 0 0 0 0 0 0 11 0 0 0 11 0 0 0 0 11 
11 0 11 0 0 0 0 0 0 0 0 0 11 0 0 11 0 0 0 0 11 0 11 0 0 11 0 0 0 0 0 11 
11 0 0 0 0 11 11 0 0 0 0 0 0 0 11 0 0 0 0 0 0 0 0 0 0 0 0 0 0 0 0 11 
11 0 0 0 0 0 0 11 0 0 0 0 15 0 11 11 0 0 0 0 0 0 0 11 11 0 11 0 0 0 0 11 
11 11 0 0 0 0 0 0 0 0 0 0 0 0 0 11 0 0 0 0 0 0 0 0 11 0 0 0 0 11 0 11 
11 0 0 0 0 11 11 11 0 0 0 0 11 0 0 11 0 0 0 0 0 0 0 11 11 0 11 0 0 0 0 11 
11 11 0 0 0 0 0 0 0 0 0 0 11 11 0 0 0 0 0 0 11 11 11 0 11 0 0 0 0 0 0 11 
11 0 11 0 0 0 0 11 0 0 0 0 0 0 0 0 0 0 15 0 11 0 11 0 0 0 0 11 11 0 0 11 
11 0 11 0 0 0 0 11 0 0 0 0 0 11 0 0 0 0 0 0 0 0 11 0 0 11 0 0 0 11 0 11 
11 0 0 11 0 0 0 11 15 15 0 0 0 0 11 11 0 0 0 0 0 0 0 11 0 0 0 0 0 0 0 11 
11 0 11 0 0 0 0 11 0 11 0 0 0 0 0 11 11 0 0 0 0 0 0 0 0 0 0 0 11 15 0 11 
11 0 0 0 11 11 11 11 0 0 11 0 0 0 0 11 0 0 0 0 0 0 0 0 0 0 11 0 0 0 0 11 
11 0 0 0 0 0 0 0 12 0 11 0 0 0 0 11 0 0 11 0 0 0 0 0 0 11 0 0 0 0 15 11 
11 0 0 0 0 0 0 11 11 11 11 0 11 0 0 0 0 11 0 0 0 0 0 0 11 0 0 0 0 11 0 11 
11 0 0 0 0 0 0 0 0 0 0 0 0 11 0 11 0 0 0 0 0 0 0 0 0 0 11 0 0 0 0 11 
11 0 0 0 11 0 0 11 0 0 0 0 0 0 0 0 0 0 0 0 11 0 11 0 0 0 11 0 0 0 0 11 
11 0 0 0 0 11 0 0 0 0 0 0 0 11 0 0 0 0 0 0 0 0 0 0 0 0 0 0 0 0 0 11 
11 11 11 11 11 11 11 11 11 11 11 11 11 11 11 11 11 11 11 11 11 11 11 11 11 11 11 11 11 11 11 11 

13157
11 11 11 11 11 11 11 11 11 11 11 11 11 11 11 11 11 11 11 11 11 11 11 11 11 11 11 11 11 11 11 11 
11 0 0 0 0 11 0 0 0 0 0 0 0 11 0 0 11 11 0 0 0 0 0 11 0 0 0 11 0 0 0 11 
11 11 11 11 11 0 0 11 0 0 0 11 0 0 11 0 0 0 0 0 0 0 11 0 0 0 11 0 0 0 0 11 
11 0 11 0 0 0 0 0 0 0 0 0 11 0 0 11 0 0 0 0 11 0 11 0 0 11 0 0 0 0 0 11 
11 0 0 0 0 11 11 0 0 0 0 0 0 0 11 0 0 0 0 0 0 0 0 0 0 0 0 0 0 0 0 11 
11 0 0 0 0 0 0 11 0 0 0 0 15 0 11 11 0 0 0 0 0 0 0 11 11 0 11 0 0 0 0 11 
11 11 0 0 0 0 0 0 0 0 0 0 0 0 0 11 0 0 0 0 0 0 0 0 11 0 0 0 0 11 0 11 
11 0 0 0 0 11 11 11 0 0 0 0 11 0 0 11 0 0 0 0 0 0 0 11 11 0 11 0 0 0 0 11 
11 11 0 0 0 0 0 0 0 0 0 0 11 11 0 0 0 0 0 0 11 11 11 0 11 0 0 0 0 0 0 11 
11 0 11 0 0 0 0 11 0 0 0 0 0 0 0 0 0 0 15 0 11 0 11 0 0 0 0 11 11 0 0 11 
11 0 11 0 0 0 0 11 0 0 0 0 0 11 0 0 0 0 0 0 0 0 11 0 0 11 0 0 0 11 0 11 
11 0 0 11 0 0 0 11 15 15 0 0 0 0 11 11 0 0 0 0 0 0 0 11 0 0 0 0 0 0 0 11 
11 0 11 0 0 0 0 11 0 11 0 0 0 0 0 11 11 0 0 0 0 0 0 0 0 0 0 0 11 15 0 11 
11 0 0 0 11 11 11 11 0 0 11 0 0 0 0 11 0 0 0 0 0 0 0 0 0 0 11 0 0 0 0 11 
11 0 0 0 0 0 0 0 12 0 11 0 0 0 0 11 0 0 11 0 0 0 0 0 0 11 0 0 0 0 15 11 
11 0 0 0 0 0 0 11 11 11 11 0 11 0 0 0 0 11 0 0 0 0 0 0 11 0 0 0 0 11 0 11 
11 0 0 0 0 0 0 0 0 0 0 0 0 11 0 11 0 0 0 0 0 0 0 0 0 0 11 0 0 0 0 11 
11 0 0 0 11 0 0 11 0 0 0 0 0 0 0 0 0 0 0 0 11 0 11 0 0 0 11 0 0 0 0 11 
11 0 0 0 0 11 0 0 0 0 0 0 0 11 0 0 0 0 0 0 0 0 0 0 0 0 0 0 0 0 0 11 
11 11 11 11 11 11 11 11 11 11 11 11 11 11 11 11 11 11 11 11 11 11 11 11 11 11 11 11 11 11 11 11 

13176
11 11 11 11 11 11 11 11 11 11 11 11 11 11 11 11 11 11 11 11 11 11 11 11 11 11 11 11 11 11 11 11 
11 0 0 0 0 11 0 0 0 0 11 0 0 11 0 0 11 11 0 0 0 0 0 11 0 0 0 11 0 0 0 11 
11 11 11 11 11 0 0 0 0 0 0 11 0 0 11 0 0 0 0 11 0 0 11 0 0 0 11 0 0 0 0 11 
11 0 11 0 0 0 0 0 0 0 0 0 11 0 0 11 0 0 0 0 11 0 11 0 0 11 0 0 0 0 0 11 
11 0 0 0 0 11 11 11 0 0 0 0 0 0 11 0 0 0 0 0 0 0 0 0 0 11 0 0 0 0 0 11 
11 0 0 0 0 0 0 11 0 0 0 0 0 0 0 11 0 0 0 0 0 0 0 11 11 0 11 0 0 0 0 11 
11 11 11 0 0 0 0 0 0 0 0 0 15 0 0 11 0 0 0 0 0 0 0 0 11 0 0 0 0 11 0 11 
11 0 0 0 0 11 11 0 0 0 0 0 0 0 0 11 0 0 0 0 0 0 0 11 11 0 11 0 0 0 0 11 
11 11 0 0 0 0 0 0 0 0 0 0 11 11 0 0 0 0 0 0 11 11 11 0 11 0 0 0 0 0 0 11 
11 0 11 0 0 0 0 11 0 0 0 0 0 0 0 0 0 0 15 0 11 0 11 0 0 0 0 0 11 0 0 11 
11 0 11 0 0 0 0 11 0 0 11 0 0 11 0 0 0 0 0 0 0 0 11 0 0 11 0 0 0 0 0 11 
11 0 0 0 0 0 0 11 0 0 0 0 0 0 11 11 0 0 0 0 0 0 0 11 0 0 0 0 0 0 0 11 
11 0 11 0 0 0 0 11 15 11 0 0 0 0 0 11 11 0 0 0 0 0 0 15 0 0 0 0 11 0 0 11 
11 0 0 0 11 11 11 11 0 0 11 0 0 0 0 11 0 0 0 0 0 0 0 0 0 15 11 0 0 0 0 11 
11 0 0 0 0 0 0 15 0 0 11 0 0 0 0 11 0 0 11 0 0 0 0 0 0 11 0 0 0 0 0 11 
11 0 0 0 0 0 0 11 11 11 11 0 11 0 0 0 0 11 0 0 0 0 0 0 11 0 0 0 0 11 0 11 
11 0 0 0 0 0 0 0 0 0 0 0 0 11 0 11 0 0 0 0 0 0 0 0 0 0 11 0 0 0 0 11 
11 0 0 0 11 0 0 11 0 0 0 0 0 0 0 0 0 0 0 0 11 0 11 0 0 0 11 0 0 0 0 11 
11 0 0 0 0 11 0 0 11 0 0 0 0 11 0 0 0 0 0 0 0 0 0 0 0 0 0 0 0 0 0 11 
11 11 11 11 11 11 11 11 11 11 11 11 11 11 11 11 11 11 11 11 11 11 11 11 11 11 11 11 11 11 11 11 

13132
11 11 11 11 11 11 11 11 11 11 11 11 11 11 11 11 11 11 11 11 11 11 11 11 11 11 11 11 11 11 11 11 
11 0 0 0 0 11 0 0 0 0 11 0 0 11 0 0 11 11 11 0 0 0 0 11 0 0 0 11 0 0 0 11 
11 11 11 11 11 0 0 0 0 0 0 11 0 0 11 0 0 0 0 11 0 0 11 0 0 0 11 0 0 0 0 11 
11 0 11 0 0 0 0 0 0 0 0 0 11 0 0 11 0 0 0 0 11 0 11 0 0 11 0 0 0 0 0 11 
11 0 0 0 0 11 11 11 0 0 0 0 0 0 11 0 0 0 0 0 0 0 0 0 0 11 0 0 0 0 0 11 
11 0 0 0 0 0 0 11 0 0 0 0 0 0 0 11 0 0 0 0 0 0 0 11 11 0 11 0 0 0 0 11 
11 11 11 0 0 0 0 0 0 0 0 0 0 0 0 11 0 0 0 0 0 0 0 0 11 0 0 0 0 11 0 11 
11 0 0 0 0 11 11 0 0 0 0 0 0 0 0 11 0 0 0 0 0 0 0 11 11 0 11 0 0 0 0 11 
11 11 0 0 0 0 0 0 0 0 0 0 11 11 0 0 0 0 0 15 11 11 11 0 11 0 0 0 0 0 0 11 
11 0 11 0 0 0 0 11 0 0 0 0 0 0 0 0 0 0 0 15 11 0 11 0 0 0 0 0 11 0 0 11 
11 0 11 0 0 0 0 11 0 0 11 0 0 11 0 0 0 0 0 0 0 0 11 0 0 11 0 0 0 0 0 11 
11 0 0 0 0 0 0 11 0 0 0 0 0 0 11 11 0 0 0 0 0 0 0 11 0 0 0 0 0 0 0 11 
11 0 11 0 0 0 0 11 15 11 0 15 0 0 0 11 11 0 0 0 0 0 0 0 0 0 14 11 11 0 0 11 
11 0 0 0 11 11 11 11 15 0 11 0 0 0 0 11 0 0 0 0 0 0 0 15 0 0 11 0 0 0 0 11 
11 0 0 0 0 0 0 0 0 0 11 0 0 0 0 11 0 0 11 0 0 0 0 0 0 11 0 0 0 0 0 11 
11 0 0 0 0 0 0 11 11 11 11 0 11 0 0 0 0 11 0 0 0 0 0 0 11 0 0 0 0 11 0 11 
11 0 0 0 0 0 0 0 0 0 0 0 0 11 0 11 0 0 0 0 0 0 0 0 0 0 11 0 0 0 0 11 
11 0 0 0 11 0 0 11 0 0 0 0 0 0 0 0 0 0 0 0 11 0 11 0 0 0 11 0 0 0 0 11 
11 0 0 0 0 11 0 0 11 0 0 0 0 11 0 0 0 0 0 0 0 0 0 0 0 0 0 0 0 0 0 11 
11 11 11 11 11 11 11 11 11 11 11 11 11 11 11 11 11 11 11 11 11 11 11 11 11 11 11 11 11 11 11 11 

13093
11 11 11 11 11 11 11 11 11 11 11 11 11 11 11 11 11 11 11 11 11 11 11 11 11 11 11 11 11 11 11 11 
11 0 0 0 0 11 0 0 0 0 11 0 0 11 0 0 11 11 0 0 0 0 0 11 0 0 0 11 0 0 0 11 
11 11 11 11 11 0 0 0 0 0 0 11 0 0 11 0 0 0 0 11 0 0 11 0 0 0 11 0 0 0 0 11 
11 0 11 0 0 0 0 0 0 0 0 0 11 0 0 11 0 0 0 0 11 0 11 0 0 11 0 0 0 0 0 11 
11 0 0 0 0 11 11 11 0 0 0 0 0 0 11 0 0 0 0 0 0 0 0 0 0 11 0 0 0 0 0 11 
11 0 0 0 0 0 0 11 0 0 0 0 0 0 0 11 0 0 0 0 0 0 0 11 11 0 11 0 0 0 0 11 
11 11 11 0 0 0 0 0 0 0 0 0 0 0 0 11 0 0 0 0 0 0 0 0 11 0 0 0 0 11 0 11 
11 0 0 0 0 11 11 13 0 0 0 0 0 0 0 11 0 0 0 0 0 0 0 11 11 0 11 0 0 0 0 11 
11 11 0 0 0 0 0 0 0 0 0 0 11 11 0 15 0 0 0 0 11 11 11 0 11 0 0 0 0 0 0 11 
11 0 11 0 0 0 0 11 0 0 0 0 0 0 0 0 0 0 0 0 11 0 11 15 0 0 0 0 11 0 0 11 
11 0 11 0 0 0 0 11 0 0 11 0 0 11 0 0 0 0 0 0 0 0 11 0 0 11 0 0 0 0 0 11 
11 0 0 0 0 0 0 11 15 15 0 0 0 0 11 11 0 0 0 0 0 0 0 11 0 0 0 0 0 0 0 11 
11 0 11 0 0 0 0 11 0 11 0 0 0 0 0 11 11 0 0 0 0 0 0 15 0 0 0 0 11 0 0 11 
11 0 0 0 11 11 11 11 0 0 11 0 0 0 0 11 0 0 0 0 0 0 0 0 14 0 11 0 0 0 0 11 
11 0 0 0 0 0 0 0 0 0 11 0 0 0 0 11 0 0 11 0 0 0 0 0 0 11 0 12 0 0 0 11 
11 0 0 0 0 0 0 11 11 11 11 0 11 0 0 0 0 11 0 0 0 0 0 0 11 0 0 0 0 11 0 11 
11 0 0 0 0 0 0 0 0 0 0 0 0 11 0 11 0 0 0 0 0 0 0 0 0 0 11 0 0 0 0 11 
11 0 0 0 11 0 0 11 0 0 0 0 0 0 0 0 0 0 0 0 11 0 11 0 0 0 11 0 0 0 0 11 
11 0 0 0 0 11 0 0 11 0 0 0 0 11 0 0 0 0 0 0 0 0 0 0 0 0 0 0 0 0 0 11 
11 11 11 11 11 11 11 11 11 11 11 11 11 11 11 11 11 11 11 11 11 11 11 11 11 11 11 11 11 11 11 11 

13093
11 11 11 11 11 11 11 11 11 11 11 11 11 11 11 11 11 11 11 11 11 11 11 11 11 11 11 11 11 11 11 11 
11 0 0 0 0 11 0 0 0 0 11 0 0 11 0 0 11 11 0 0 0 0 0 11 0 0 0 11 0 0 0 11 
11 11 11 11 11 0 0 0 0 0 0 11 0 0 11 0 0 0 0 11 0 0 11 0 0 0 11 0 0 0 0 11 
11 0 11 0 0 0 0 0 0 0 0 0 11 0 0 11 0 0 0 0 11 0 11 0 0 11 0 0 0 0 0 11 
11 0 0 0 0 11 11 11 0 0 0 0 0 0 11 0 0 0 0 0 0 0 0 0 0 11 0 0 0 0 0 11 
11 0 0 0 0 0 0 11 0 0 0 0 0 0 0 11 0 0 0 0 0 0 0 11 11 0 11 0 0 0 0 11 
11 11 11 0 0 0 0 0 0 0 0 0 0 0 0 11 0 0 0 0 0 0 0 0 11 0 0 0 0 11 0 11 
11 0 0 0 0 11 11 13 0 0 0 0 0 0 0 11 0 0 0 0 0 0 0 11 11 0 11 0 0 0 0 11 
11 11 0 0 0 0 0 0 0 0 0 0 11 11 0 15 0 0 0 0 11 11 11 0 11 0 0 0 0 0 0 11 
11 0 11 0 0 0 0 11 0 0 0 0 0 0 0 0 0 0 0 0 11 0 11 15 0 0 0 0 11 0 0 11 
11 0 11 0 0 0 0 11 0 0 11 0 0 11 0 0 0 0 0 0 0 0 11 0 0 11 0 0 0 0 0 11 
11 0 0 0 0 0 0 11 15 15 0 0 0 0 11 11 0 0 0 0 0 0 0 11 0 0 0 0 0 0 0 11 
11 0 11 0 0 0 0 11 0 11 0 0 0 0 0 11 11 0 0 0 0 0 0 15 0 0 0 0 11 0 0 11 
11 0 0 0 11 11 11 11 0 0 11 0 0 0 0 11 0 0 0 0 0 0 0 0 14 0 11 0 0 0 0 11 
11 0 0 0 0 0 0 0 0 0 11 0 0 0 0 11 0 0 11 0 0 0 0 0 0 11 0 12 0 0 0 11 
11 0 0 0 0 0 0 11 11 11 11 0 11 0 0 0 0 11 0 0 0 0 0 0 11 0 0 0 0 11 0 11 
11 0 0 0 0 0 0 0 0 0 0 0 0 11 0 11 0 0 0 0 0 0 0 0 0 0 11 0 0 0 0 11 
11 0 0 0 11 0 0 11 0 0 0 0 0 0 0 0 0 0 0 0 11 0 11 0 0 0 11 0 0 0 0 11 
11 0 0 0 0 11 0 0 11 0 0 0 0 11 0 0 0 0 0 0 0 0 0 0 0 0 0 0 0 0 0 11 
11 11 11 11 11 11 11 11 11 11 11 11 11 11 11 11 11 11 11 11 11 11 11 11 11 11 11 11 11 11 11 11 

13093
11 11 11 11 11 11 11 11 11 11 11 11 11 11 11 11 11 11 11 11 11 11 11 11 11 11 11 11 11 11 11 11 
11 0 0 0 0 11 0 0 0 0 11 0 0 11 0 0 11 11 0 0 0 0 0 11 0 0 0 11 0 0 0 11 
11 11 11 11 11 0 0 0 0 0 0 11 0 0 11 0 0 0 0 11 0 0 11 0 0 0 11 0 0 0 0 11 
11 0 11 0 0 0 0 0 0 0 0 0 11 0 0 11 0 0 0 0 11 0 11 0 0 11 0 0 0 0 0 11 
11 0 0 0 0 11 11 11 0 0 0 0 0 0 11 0 0 0 0 0 0 0 0 0 0 11 0 0 0 0 0 11 
11 0 0 0 0 0 0 11 0 0 0 0 0 0 0 11 0 0 0 0 0 0 0 11 11 0 11 0 0 0 0 11 
11 11 11 0 0 0 0 0 0 0 0 0 0 0 0 11 0 0 0 0 0 0 0 0 11 0 0 0 0 11 0 11 
11 0 0 0 0 11 11 13 0 0 0 0 0 0 0 11 0 0 0 0 0 0 0 11 11 0 11 0 0 0 0 11 
11 11 0 0 0 0 0 0 0 0 0 0 11 11 0 15 0 0 0 0 11 11 11 0 11 0 0 0 0 0 0 11 
11 0 11 0 0 0 0 11 0 0 0 0 0 0 0 0 0 0 0 0 11 0 11 15 0 0 0 0 11 0 0 11 
11 0 11 0 0 0 0 11 0 0 11 0 0 11 0 0 0 0 0 0 0 0 11 0 0 11 0 0 0 0 0 11 
11 0 0 0 0 0 0 11 15 15 0 0 0 0 11 11 0 0 0 0 0 0 0 11 0 0 0 0 0 0 0 11 
11 0 11 0 0 0 0 11 0 11 0 0 0 0 0 11 11 0 0 0 0 0 0 15 0 0 0 0 11 0 0 11 
11 0 0 0 11 11 11 11 0 0 11 0 0 0 0 11 0 0 0 0 0 0 0 0 14 0 11 0 0 0 0 11 
11 0 0 0 0 0 0 0 0 0 11 0 0 0 0 11 0 0 11 0 0 0 0 0 0 11 0 12 0 0 0 11 
11 0 0 0 0 0 0 11 11 11 11 0 11 0 0 0 0 11 0 0 0 0 0 0 11 0 0 0 0 11 0 11 
11 0 0 0 0 0 0 0 0 0 0 0 0 11 0 11 0 0 0 0 0 0 0 0 0 0 11 0 0 0 0 11 
11 0 0 0 11 0 0 11 0 0 0 0 0 0 0 0 0 0 0 0 11 0 11 0 0 0 11 0 0 0 0 11 
11 0 0 0 0 11 0 0 11 0 0 0 0 11 0 0 0 0 0 0 0 0 0 0 0 0 0 0 0 0 0 11 
11 11 11 11 11 11 11 11 11 11 11 11 11 11 11 11 11 11 11 11 11 11 11 11 11 11 11 11 11 11 11 11 

13157
11 11 11 11 11 11 11 11 11 11 11 11 11 11 11 11 11 11 11 11 11 11 11 11 11 11 11 11 11 11 11 11 
11 0 0 0 0 11 0 0 0 0 11 0 0 11 0 0 11 11 0 0 0 0 0 11 0 0 0 11 0 0 11 11 
11 11 11 11 11 0 0 11 0 0 0 11 0 0 11 0 0 0 0 11 0 0 11 0 0 0 11 0 0 0 0 11 
11 0 11 0 0 0 0 0 0 0 0 0 11 0 0 11 0 0 0 0 0 0 11 0 0 11 0 0 0 0 0 11 
11 0 0 0 0 11 11 0 0 0 0 0 0 0 11 0 0 0 0 0 0 0 0 0 0 11 0 0 0 0 0 11 
11 0 0 0 0 0 0 11 0 0 0 11 0 0 0 11 0 0 0 0 0 0 0 11 11 0 11 0 0 0 0 11 
11 11 0 0 0 0 0 0 0 0 0 0 0 0 0 11 0 0 0 0 0 0 0 0 11 0 0 0 0 11 0 11 
11 0 0 0 0 11 11 11 0 0 0 0 0 0 0 11 0 0 0 0 0 0 0 11 11 0 11 0 0 0 0 11 
11 11 0 0 0 0 0 0 0 0 0 0 11 11 0 0 0 0 0 0 11 11 11 0 11 0 0 0 0 0 0 11 
11 0 11 0 0 0 0 11 0 0 0 0 0 0 0 0 0 0 15 0 11 0 11 0 0 0 0 0 11 0 0 11 
11 0 11 0 0 0 0 11 0 0 11 0 0 11 0 0 0 0 0 15 0 0 11 0 0 11 0 0 0 0 0 11 
11 0 0 0 0 0 0 11 0 0 14 0 0 0 11 11 0 0 0 0 0 0 0 11 0 0 0 0 0 0 0 11 
11 0 11 0 0 0 0 11 0 11 0 0 0 0 0 11 11 0 0 0 0 0 15 0 0 0 0 0 11 0 0 11 
11 0 0 0 11 11 11 11 15 0 11 0 0 0 0 11 0 0 0 0 0 0 0 15 0 0 11 0 0 0 0 11 
11 0 0 0 0 0 15 0 0 0 11 0 0 0 0 11 0 0 11 0 0 0 0 0 0 11 0 0 0 0 0 11 
11 0 0 0 0 0 0 11 11 11 11 0 11 0 0 0 0 11 0 0 0 0 0 0 11 0 0 0 0 11 0 11 
11 0 0 0 0 0 0 0 0 0 0 0 0 11 0 11 0 0 0 0 0 0 0 0 0 0 11 0 0 0 0 11 
11 0 0 0 11 0 0 11 0 0 0 0 0 0 0 0 0 0 0 0 11 0 11 0 0 0 11 0 0 0 0 11 
11 0 0 0 0 11 0 0 11 0 0 0 0 0 0 0 0 0 0 0 0 0 0 0 0 0 0 0 0 0 0 11 
11 11 11 11 11 11 11 11 11 11 11 11 11 11 11 11 11 11 11 11 11 11 11 11 11 11 11 11 11 11 11 11 

13157
11 11 11 11 11 11 11 11 11 11 11 11 11 11 11 11 11 11 11 11 11 11 11 11 11 11 11 11 11 11 11 11 
11 0 0 0 0 11 0 0 0 0 11 0 0 11 0 0 11 11 0 0 0 0 0 11 0 0 0 11 0 0 11 11 
11 11 11 11 11 0 0 11 0 0 0 11 0 0 11 0 0 0 0 11 0 0 11 0 0 0 11 0 0 0 0 11 
11 0 11 0 0 0 0 0 0 0 0 0 11 0 0 11 0 0 0 0 0 0 11 0 0 11 0 0 0 0 0 11 
11 0 0 0 0 11 11 0 0 0 0 0 0 0 11 0 0 0 0 0 0 0 0 0 0 11 0 0 0 0 0 11 
11 0 0 0 0 0 0 11 0 0 0 11 0 0 0 11 0 0 0 0 0 0 0 11 11 0 11 0 0 0 0 11 
11 11 0 0 0 0 0 0 0 0 0 0 0 0 0 11 0 0 0 0 0 0 0 0 11 0 0 0 0 11 0 11 
11 0 0 0 0 11 11 11 0 0 0 0 0 0 0 11 0 0 0 0 0 0 0 11 11 0 11 0 0 0 0 11 
11 11 0 0 0 0 0 0 0 0 0 0 11 11 0 0 0 0 0 0 11 11 11 0 11 0 0 0 0 0 0 11 
11 0 11 0 0 0 0 11 0 0 0 0 0 0 0 0 0 0 15 0 11 0 11 0 0 0 0 0 11 0 0 11 
11 0 11 0 0 0 0 11 0 0 11 0 0 11 0 0 0 0 0 15 0 0 11 0 0 11 0 0 0 0 0 11 
11 0 0 0 0 0 0 11 0 0 14 0 0 0 11 11 0 0 0 0 0 0 0 11 0 0 0 0 0 0 0 11 
11 0 11 0 0 0 0 11 0 11 0 0 0 0 0 11 11 0 0 0 0 0 15 0 0 0 0 0 11 0 0 11 
11 0 0 0 11 11 11 11 15 0 11 0 0 0 0 11 0 0 0 0 0 0 0 15 0 0 11 0 0 0 0 11 
11 0 0 0 0 0 15 0 0 0 11 0 0 0 0 11 0 0 11 0 0 0 0 0 0 11 0 0 0 0 0 11 
11 0 0 0 0 0 0 11 11 11 11 0 11 0 0 0 0 11 0 0 0 0 0 0 11 0 0 0 0 11 0 11 
11 0 0 0 0 0 0 0 0 0 0 0 0 11 0 11 0 0 0 0 0 0 0 0 0 0 11 0 0 0 0 11 
11 0 0 0 11 0 0 11 0 0 0 0 0 0 0 0 0 0 0 0 11 0 11 0 0 0 11 0 0 0 0 11 
11 0 0 0 0 11 0 0 11 0 0 0 0 0 0 0 0 0 0 0 0 0 0 0 0 0 0 0 0 0 0 11 
11 11 11 11 11 11 11 11 11 11 11 11 11 11 11 11 11 11 11 11 11 11 11 11 11 11 11 11 11 11 11 11 

13157
11 11 11 11 11 11 11 11 11 11 11 11 11 11 11 11 11 11 11 11 11 11 11 11 11 11 11 11 11 11 11 11 
11 0 0 0 0 11 0 0 0 0 11 0 0 11 0 0 11 11 0 0 0 0 0 11 0 0 0 11 0 0 11 11 
11 11 11 11 11 0 0 11 0 0 0 11 0 0 11 0 0 0 0 11 0 0 11 0 0 0 11 0 0 0 0 11 
11 0 11 0 0 0 0 0 0 0 0 0 11 0 0 11 0 0 0 0 0 0 11 0 0 11 0 0 0 0 0 11 
11 0 0 0 0 11 11 0 0 0 0 0 0 0 11 0 0 0 0 0 0 0 0 0 0 11 0 0 0 0 0 11 
11 0 0 0 0 0 0 11 0 0 0 11 0 0 0 11 0 0 0 0 0 0 0 11 11 0 11 0 0 0 0 11 
11 11 0 0 0 0 0 0 0 0 0 0 0 0 0 11 0 0 0 0 0 0 0 0 11 0 0 0 0 11 0 11 
11 0 0 0 0 11 11 11 0 0 0 0 0 0 0 11 0 0 0 0 0 0 0 11 11 0 11 0 0 0 0 11 
11 11 0 0 0 0 0 0 0 0 0 0 11 11 0 0 0 0 0 0 11 11 11 0 11 0 0 0 0 0 0 11 
11 0 11 0 0 0 0 11 0 0 0 0 0 0 0 0 0 0 15 0 11 0 11 0 0 0 0 0 11 0 0 11 
11 0 11 0 0 0 0 11 0 0 11 0 0 11 0 0 0 0 0 15 0 0 11 0 0 11 0 0 0 0 0 11 
11 0 0 0 0 0 0 11 0 0 14 0 0 0 11 11 0 0 0 0 0 0 0 11 0 0 0 0 0 0 0 11 
11 0 11 0 0 0 0 11 0 11 0 0 0 0 0 11 11 0 0 0 0 0 15 0 0 0 0 0 11 0 0 11 
11 0 0 0 11 11 11 11 15 0 11 0 0 0 0 11 0 0 0 0 0 0 0 15 0 0 11 0 0 0 0 11 
11 0 0 0 0 0 15 0 0 0 11 0 0 0 0 11 0 0 11 0 0 0 0 0 0 11 0 0 0 0 0 11 
11 0 0 0 0 0 0 11 11 11 11 0 11 0 0 0 0 11 0 0 0 0 0 0 11 0 0 0 0 11 0 11 
11 0 0 0 0 0 0 0 0 0 0 0 0 11 0 11 0 0 0 0 0 0 0 0 0 0 11 0 0 0 0 11 
11 0 0 0 11 0 0 11 0 0 0 0 0 0 0 0 0 0 0 0 11 0 11 0 0 0 11 0 0 0 0 11 
11 0 0 0 0 11 0 0 11 0 0 0 0 0 0 0 0 0 0 0 0 0 0 0 0 0 0 0 0 0 0 11 
11 11 11 11 11 11 11 11 11 11 11 11 11 11 11 11 11 11 11 11 11 11 11 11 11 11 11 11 11 11 11 11 

13150
11 11 11 11 11 11 11 11 11 11 11 11 11 11 11 11 11 11 11 11 11 11 11 11 11 11 11 11 11 11 11 11 
11 0 0 0 0 11 0 0 0 0 11 0 0 11 0 0 11 11 0 0 0 0 0 11 0 0 0 11 0 0 11 11 
11 11 11 11 11 0 0 11 0 0 0 11 0 0 11 0 0 0 0 11 0 0 11 0 0 0 11 0 0 0 0 11 
11 0 11 0 0 0 0 0 0 0 0 0 11 0 0 11 0 0 0 0 0 0 11 0 0 11 0 0 0 0 0 11 
11 0 0 0 0 11 11 0 0 0 0 0 0 0 11 0 0 0 0 0 0 0 0 0 0 11 0 0 0 0 0 11 
11 0 0 0 0 0 0 11 0 0 0 11 0 0 0 11 0 0 0 0 0 0 0 11 11 0 11 0 0 0 0 11 
11 11 0 0 0 0 0 0 0 0 0 0 0 0 0 11 0 0 0 0 0 0 0 0 11 0 0 0 0 11 0 11 
11 0 0 0 0 11 11 11 0 0 0 0 0 0 0 11 0 0 0 0 0 0 0 11 11 0 11 0 0 0 0 11 
11 11 0 0 0 0 0 0 0 0 0 0 11 11 0 0 0 0 0 15 11 11 11 0 11 0 0 0 0 0 0 11 
11 0 11 0 0 0 0 11 0 0 0 0 0 0 0 0 0 0 0 0 11 0 11 0 0 0 0 0 11 0 0 11 
11 0 11 0 0 0 0 11 12 15 11 0 0 11 0 0 0 0 0 15 0 0 11 0 0 11 0 0 0 0 0 11 
11 0 0 0 12 0 0 11 0 15 0 0 0 0 11 11 0 0 0 0 0 0 0 11 0 0 0 0 0 0 0 11 
11 0 11 0 0 0 0 11 0 11 0 0 0 0 0 11 11 0 0 0 0 0 0 0 0 0 0 0 11 0 0 11 
11 0 0 0 11 11 11 11 0 0 11 0 0 0 0 11 0 0 0 0 0 0 0 0 0 15 11 0 0 0 0 11 
11 0 0 0 0 0 0 0 0 12 11 0 0 0 0 11 0 0 11 0 0 0 0 0 15 11 0 0 0 0 0 11 
11 0 0 0 0 0 0 11 11 11 11 0 11 0 0 0 0 11 0 0 0 0 0 0 11 0 0 0 0 11 0 11 
11 0 0 0 0 0 0 0 0 0 0 0 0 11 0 11 0 0 0 0 0 0 0 0 0 0 11 0 0 0 0 11 
11 0 0 0 11 0 0 11 0 0 0 0 0 0 0 0 0 0 0 0 11 0 11 0 0 0 11 0 0 0 0 11 
11 0 0 0 0 11 0 0 11 0 0 0 0 0 0 0 0 0 0 0 0 0 0 0 0 0 0 0 0 0 0 11 
11 11 11 11 11 11 11 11 11 11 11 11 11 11 11 11 11 11 11 11 11 11 11 11 11 11 11 11 11 11 11 11 

13118
11 11 11 11 11 11 11 11 11 11 11 11 11 11 11 11 11 11 11 11 11 11 11 11 11 11 11 11 11 11 11 11 
11 0 0 0 0 11 0 0 0 0 11 0 0 11 0 0 11 11 0 0 0 0 0 11 0 0 0 11 0 0 11 11 
11 11 11 11 11 0 0 11 0 0 0 11 0 0 11 0 0 0 0 11 0 0 11 0 0 0 11 0 0 0 0 11 
11 0 11 0 0 0 0 0 0 0 0 0 11 0 0 11 0 0 0 0 0 0 11 0 0 11 0 0 0 0 0 11 
11 0 0 0 0 11 11 0 0 0 0 0 0 0 11 0 0 0 0 0 0 0 0 0 0 11 0 0 0 0 0 11 
11 0 0 0 0 0 0 11 0 0 0 11 0 0 0 11 0 0 0 0 0 0 0 11 11 0 11 0 0 0 0 11 
11 11 0 0 0 0 0 0 0 0 0 0 0 0 0 11 0 0 0 0 0 0 0 0 11 0 0 0 0 11 0 11 
11 0 0 0 0 11 11 11 0 0 0 0 0 0 0 11 0 0 0 0 0 0 0 11 11 0 11 0 0 0 0 11 
11 11 0 0 0 0 0 0 0 0 0 0 11 11 0 0 0 0 0 0 11 11 11 15 11 0 0 0 0 0 0 11 
11 0 11 0 0 0 0 11 0 0 0 0 0 0 0 0 0 0 15 0 11 0 11 11 0 0 0 0 11 0 0 11 
11 0 11 0 0 0 0 11 0 0 11 0 0 11 0 0 0 0 0 0 0 0 11 0 0 11 0 0 0 0 0 11 
11 0 0 0 0 0 0 11 0 15 0 0 14 0 11 11 0 0 0 0 0 0 0 11 0 0 0 0 0 0 0 11 
11 0 11 0 0 0 0 11 15 11 0 0 0 0 0 11 11 0 0 0 0 0 0 0 0 0 0 0 11 0 0 11 
11 0 0 0 11 11 11 11 0 0 11 0 0 0 0 11 0 0 0 0 0 0 0 0 0 0 11 13 0 0 0 11 
11 0 0 0 0 0 0 0 0 0 11 0 0 0 0 11 0 0 11 0 0 0 0 0 0 11 12 0 0 0 0 11 
11 0 0 0 0 0 0 11 11 11 11 0 11 0 0 0 0 11 0 0 0 0 0 0 11 0 0 0 0 11 0 11 
11 0 0 0 0 0 0 0 0 0 0 0 0 11 0 11 0 0 0 0 0 0 0 0 0 0 11 0 15 0 0 11 
11 0 0 0 11 0 0 11 0 0 0 0 0 0 0 0 0 0 0 0 11 0 11 0 0 0 11 0 0 0 0 11 
11 0 0 0 0 11 0 0 11 0 0 0 0 0 0 0 0 0 0 0 0 0 0 0 0 0 0 0 0 0 0 11 
11 11 11 11 11 11 11 11 11 11 11 11 11 11 11 11 11 11 11 11 11 11 11 11 11 11 11 11 11 11 11 11 

13162
11 11 11 11 11 11 11 11 11 11 11 11 11 11 11 11 11 11 11 11 11 11 11 11 11 11 11 11 11 11 11 11 
11 0 0 0 0 11 0 0 0 0 11 0 0 11 0 0 11 11 0 0 0 0 0 11 0 0 0 11 0 0 0 11 
11 11 0 11 11 0 0 11 0 0 0 11 0 0 11 0 0 0 0 11 0 0 11 0 0 0 11 0 0 0 0 11 
11 0 11 0 0 0 0 0 0 0 0 0 11 0 0 11 0 0 0 0 0 0 11 0 0 11 0 0 0 0 0 11 
11 0 0 0 0 11 11 11 0 0 0 0 0 0 11 0 0 0 0 0 0 0 0 0 0 11 0 0 0 0 0 11 
11 0 0 0 0 0 0 11 0 0 0 0 0 0 0 11 0 0 0 0 0 0 0 11 11 0 11 0 0 0 0 11 
11 11 11 0 0 0 0 0 0 0 0 0 0 0 0 11 0 0 0 0 0 0 0 0 11 0 0 0 0 11 0 11 
11 0 0 0 0 11 11 0 0 0 0 0 0 0 0 11 0 0 0 0 0 0 0 11 11 0 11 0 0 0 0 11 
11 11 0 0 0 0 0 0 0 0 0 0 11 11 0 0 0 0 0 15 11 11 11 0 11 0 0 0 0 0 0 11 
11 0 11 0 0 0 0 11 0 0 0 0 0 0 0 0 0 0 0 0 11 0 11 0 0 0 0 11 11 0 0 11 
11 0 11 0 0 0 0 11 0 0 0 0 0 11 0 0 0 0 0 15 0 0 11 0 0 11 0 0 0 11 0 11 
11 0 0 11 0 0 0 11 15 15 0 15 0 0 11 11 0 0 0 0 0 0 0 11 0 0 0 0 0 0 0 11 
11 0 11 0 0 0 0 11 0 11 0 0 0 0 0 11 11 0 0 0 0 0 15 0 0 0 0 0 11 0 0 11 
11 0 0 0 11 11 11 11 0 0 11 0 0 0 0 11 0 0 0 0 0 0 0 15 0 0 11 0 0 0 0 11 
11 0 0 0 0 0 0 0 0 0 11 0 0 0 0 11 0 0 11 0 0 0 0 0 0 11 0 0 0 0 0 11 
11 0 0 0 0 0 0 11 11 0 11 0 11 0 0 0 0 11 0 0 0 0 0 0 11 0 0 0 0 11 0 11 
11 0 0 0 0 0 0 0 0 0 0 0 0 11 0 11 0 11 0 0 0 0 0 0 0 0 11 0 0 0 0 11 
11 0 0 0 11 0 0 11 0 0 0 0 0 0 0 0 0 0 0 0 11 0 11 0 0 0 11 0 0 0 0 11 
11 0 0 0 0 11 0 0 11 0 0 0 0 0 0 0 0 0 0 0 0 0 0 0 0 0 0 0 0 0 0 11 
11 11 11 11 11 11 11 11 11 11 11 11 11 11 11 11 11 11 11 11 11 11 11 11 11 11 11 11 11 11 11 11 

13162
11 11 11 11 11 11 11 11 11 11 11 11 11 11 11 11 11 11 11 11 11 11 11 11 11 11 11 11 11 11 11 11 
11 0 0 0 0 11 0 0 0 0 11 0 0 11 0 0 11 11 0 0 0 0 0 11 0 0 0 11 0 0 0 11 
11 11 0 11 11 0 0 11 0 0 0 11 0 0 11 0 0 0 0 11 0 0 11 0 0 0 11 0 0 0 0 11 
11 0 11 0 0 0 0 0 0 0 0 0 11 0 0 11 0 0 0 0 0 0 11 0 0 11 0 0 0 0 0 11 
11 0 0 0 0 11 11 11 0 0 0 0 0 0 11 0 0 0 0 0 0 0 0 0 0 11 0 0 0 0 0 11 
11 0 0 0 0 0 0 11 0 0 0 0 0 0 0 11 0 0 0 0 0 0 0 11 11 0 11 0 0 0 0 11 
11 11 11 0 0 0 0 0 0 0 0 0 0 0 0 11 0 0 0 0 0 0 0 0 11 0 0 0 0 11 0 11 
11 0 0 0 0 11 11 0 0 0 0 0 0 0 0 11 0 0 0 0 0 0 0 11 11 0 11 0 0 0 0 11 
11 11 0 0 0 0 0 0 0 0 0 0 11 11 0 0 0 0 0 0 11 11 11 0 11 0 0 0 0 0 0 11 
11 0 11 0 0 0 0 11 0 0 0 0 15 0 0 0 0 0 15 0 11 0 11 0 0 0 0 11 11 0 0 11 
11 0 11 0 0 0 0 11 0 0 0 0 0 11 0 0 0 0 0 15 0 0 11 0 0 11 0 0 0 11 0 11 
11 0 0 11 0 0 0 11 0 0 0 0 0 0 11 11 0 0 0 0 0 0 0 11 0 0 0 0 0 0 0 11 
11 0 11 0 0 0 0 11 15 11 0 0 0 0 0 11 11 0 0 0 0 0 0 0 0 0 0 0 11 0 0 11 
11 0 0 0 11 11 11 11 15 0 11 0 0 0 0 11 0 0 0 0 0 0 0 0 15 15 11 0 0 0 0 11 
11 0 0 0 0 0 0 0 0 0 11 0 0 0 0 11 0 0 11 0 0 0 0 0 0 11 0 0 0 0 0 11 
11 0 0 0 0 0 0 11 11 0 11 0 11 0 0 0 0 11 0 0 0 0 0 0 11 0 0 0 0 11 0 11 
11 0 0 0 0 0 0 0 0 0 0 0 0 11 0 11 0 11 0 0 0 0 0 0 0 0 11 0 0 0 0 11 
11 0 0 0 11 0 0 11 0 0 0 0 0 0 0 0 0 0 0 0 11 0 11 0 0 0 11 0 0 0 0 11 
11 0 0 0 0 11 0 0 11 0 0 0 0 0 0 0 0 0 0 0 0 0 0 0 0 0 0 0 0 0 0 11 
11 11 11 11 11 11 11 11 11 11 11 11 11 11 11 11 11 11 11 11 11 11 11 11 11 11 11 11 11 11 11 11 

13162
11 11 11 11 11 11 11 11 11 11 11 11 11 11 11 11 11 11 11 11 11 11 11 11 11 11 11 11 11 11 11 11 
11 0 0 0 0 11 0 0 0 0 11 0 0 11 0 0 11 11 0 0 0 0 0 11 0 0 0 11 0 0 0 11 
11 11 0 11 11 0 0 11 0 0 0 11 0 0 11 0 0 0 0 11 0 0 11 0 0 0 11 0 0 0 0 11 
11 0 11 0 0 0 0 0 0 0 0 0 11 0 0 11 0 0 0 0 0 0 11 0 0 11 0 0 0 0 0 11 
11 0 0 0 0 11 11 11 0 0 0 0 0 0 11 0 0 0 0 0 0 0 0 0 0 11 0 0 0 0 0 11 
11 0 0 0 0 0 0 11 0 0 0 0 0 0 0 11 0 0 0 0 0 0 0 11 11 0 11 0 0 0 0 11 
11 11 11 0 0 0 0 0 0 0 0 0 0 0 0 11 0 0 0 0 0 0 0 0 11 0 0 0 0 11 0 11 
11 0 0 0 0 11 11 0 0 0 0 0 0 0 0 11 0 0 0 0 0 0 0 11 11 0 11 0 0 0 0 11 
11 11 0 0 0 0 0 0 0 0 0 0 11 11 0 0 0 0 0 15 11 11 11 0 11 0 0 0 0 0 0 11 
11 0 11 0 0 0 0 11 0 0 0 0 0 0 0 0 0 0 0 0 11 0 11 0 0 0 0 11 11 0 0 11 
11 0 11 0 0 0 0 11 0 0 0 0 0 11 0 0 0 0 0 15 0 0 11 0 0 11 0 0 0 11 0 11 
11 0 0 11 0 0 0 11 15 15 0 15 0 0 11 11 0 0 0 0 0 0 0 11 0 0 0 0 0 0 0 11 
11 0 11 0 0 0 0 11 0 11 0 0 0 0 0 11 11 0 0 0 0 0 15 0 0 0 0 0 11 0 0 11 
11 0 0 0 11 11 11 11 0 0 11 0 0 0 0 11 0 0 0 0 0 0 0 15 0 0 11 0 0 0 0 11 
11 0 0 0 0 0 0 0 0 0 11 0 0 0 0 11 0 0 11 0 0 0 0 0 0 11 0 0 0 0 0 11 
11 0 0 0 0 0 0 11 11 0 11 0 11 0 0 0 0 11 0 0 0 0 0 0 11 0 0 0 0 11 0 11 
11 0 0 0 0 0 0 0 0 0 0 0 0 11 0 11 0 11 0 0 0 0 0 0 0 0 11 0 0 0 0 11 
11 0 0 0 11 0 0 11 0 0 0 0 0 0 0 0 0 0 0 0 11 0 11 0 0 0 11 0 0 0 0 11 
11 0 0 0 0 11 0 0 11 0 0 0 0 0 0 0 0 0 0 0 0 0 0 0 0 0 0 0 0 0 0 11 
11 11 11 11 11 11 11 11 11 11 11 11 11 11 11 11 11 11 11 11 11 11 11 11 11 11 11 11 11 11 11 11 

13162
11 11 11 11 11 11 11 11 11 11 11 11 11 11 11 11 11 11 11 11 11 11 11 11 11 11 11 11 11 11 11 11 
11 0 0 0 0 11 0 0 0 0 11 0 0 11 0 0 11 11 0 0 0 0 0 11 0 0 0 11 0 0 0 11 
11 11 0 11 11 0 0 11 0 0 0 11 0 0 11 0 0 0 0 11 0 0 11 0 0 0 11 0 0 0 0 11 
11 0 11 0 0 0 0 0 0 0 0 0 11 0 0 11 0 0 0 0 0 0 11 0 0 11 0 0 0 0 0 11 
11 0 0 0 0 11 11 11 0 0 0 0 0 0 11 0 0 0 0 0 0 0 0 0 0 11 0 0 0 0 0 11 
11 0 0 0 0 0 0 11 0 0 0 0 0 0 0 11 0 0 0 0 0 0 0 11 11 0 11 0 0 0 0 11 
11 11 11 0 0 0 0 0 0 0 0 0 0 0 0 11 0 0 0 0 0 0 0 0 11 0 0 0 0 11 0 11 
11 0 0 0 0 11 11 0 0 0 0 0 0 0 0 11 0 0 0 0 0 0 0 11 11 0 11 0 0 0 0 11 
11 11 0 0 0 0 0 0 0 0 0 0 11 11 0 0 0 0 0 0 11 11 11 0 11 0 0 0 0 0 0 11 
11 0 11 0 0 0 0 11 0 0 0 0 15 0 0 0 0 0 15 0 11 0 11 0 0 0 0 11 11 0 0 11 
11 0 11 0 0 0 0 11 0 0 0 0 0 11 0 0 0 0 0 15 0 0 11 0 0 11 0 0 0 11 0 11 
11 0 0 11 0 0 0 11 0 0 0 0 0 0 11 11 0 0 0 0 0 0 0 11 0 0 0 0 0 0 0 11 
11 0 11 0 0 0 0 11 15 11 0 0 0 0 0 11 11 0 0 0 0 0 0 0 0 0 0 0 11 0 0 11 
11 0 0 0 11 11 11 11 15 0 11 0 0 0 0 11 0 0 0 0 0 0 0 0 15 15 11 0 0 0 0 11 
11 0 0 0 0 0 0 0 0 0 11 0 0 0 0 11 0 0 11 0 0 0 0 0 0 11 0 0 0 0 0 11 
11 0 0 0 0 0 0 11 11 0 11 0 11 0 0 0 0 11 0 0 0 0 0 0 11 0 0 0 0 11 0 11 
11 0 0 0 0 0 0 0 0 0 0 0 0 11 0 11 0 11 0 0 0 0 0 0 0 0 11 0 0 0 0 11 
11 0 0 0 11 0 0 11 0 0 0 0 0 0 0 0 0 0 0 0 11 0 11 0 0 0 11 0 0 0 0 11 
11 0 0 0 0 11 0 0 11 0 0 0 0 0 0 0 0 0 0 0 0 0 0 0 0 0 0 0 0 0 0 11 
11 11 11 11 11 11 11 11 11 11 11 11 11 11 11 11 11 11 11 11 11 11 11 11 11 11 11 11 11 11 11 11 

13162
11 11 11 11 11 11 11 11 11 11 11 11 11 11 11 11 11 11 11 11 11 11 11 11 11 11 11 11 11 11 11 11 
11 0 0 0 0 11 0 0 0 0 11 0 0 11 0 0 11 11 0 0 0 0 0 11 0 0 0 11 0 0 0 11 
11 11 0 11 11 0 0 11 0 0 0 11 0 0 11 0 0 0 0 11 0 0 11 0 0 0 11 0 0 0 0 11 
11 0 11 0 0 0 0 0 0 0 0 0 11 0 0 11 0 0 0 0 0 0 11 0 0 11 0 0 0 0 0 11 
11 0 0 0 0 11 11 11 0 0 0 0 0 0 11 0 0 0 0 0 0 0 0 0 0 11 0 0 0 0 0 11 
11 0 0 0 0 0 0 11 0 0 0 0 0 0 0 11 0 0 0 0 0 0 0 11 11 0 11 0 0 0 0 11 
11 11 11 0 0 0 0 0 0 0 0 0 0 0 0 11 0 0 0 0 0 0 0 0 11 0 0 0 0 11 0 11 
11 0 0 0 0 11 11 0 0 0 0 0 0 0 0 11 0 0 0 0 0 0 0 11 11 0 11 0 0 0 0 11 
11 11 0 0 0 0 0 0 0 0 0 0 11 11 0 0 0 0 0 15 11 11 11 0 11 0 0 0 0 0 0 11 
11 0 11 0 0 0 0 11 0 0 0 0 0 0 0 0 0 0 0 0 11 0 11 0 0 0 0 11 11 0 0 11 
11 0 11 0 0 0 0 11 0 0 0 0 0 11 0 0 0 0 0 15 0 0 11 0 0 11 0 0 0 11 0 11 
11 0 0 11 0 0 0 11 15 15 0 15 0 0 11 11 0 0 0 0 0 0 0 11 0 0 0 0 0 0 0 11 
11 0 11 0 0 0 0 11 0 11 0 0 0 0 0 11 11 0 0 0 0 0 15 0 0 0 0 0 11 0 0 11 
11 0 0 0 11 11 11 11 0 0 11 0 0 0 0 11 0 0 0 0 0 0 0 15 0 0 11 0 0 0 0 11 
11 0 0 0 0 0 0 0 0 0 11 0 0 0 0 11 0 0 11 0 0 0 0 0 0 11 0 0 0 0 0 11 
11 0 0 0 0 0 0 11 11 0 11 0 11 0 0 0 0 11 0 0 0 0 0 0 11 0 0 0 0 11 0 11 
11 0 0 0 0 0 0 0 0 0 0 0 0 11 0 11 0 11 0 0 0 0 0 0 0 0 11 0 0 0 0 11 
11 0 0 0 11 0 0 11 0 0 0 0 0 0 0 0 0 0 0 0 11 0 11 0 0 0 11 0 0 0 0 11 
11 0 0 0 0 11 0 0 11 0 0 0 0 0 0 0 0 0 0 0 0 0 0 0 0 0 0 0 0 0 0 11 
11 11 11 11 11 11 11 11 11 11 11 11 11 11 11 11 11 11 11 11 11 11 11 11 11 11 11 11 11 11 11 11 

13169
11 11 11 11 11 11 11 11 11 11 11 11 11 11 11 11 11 11 11 11 11 11 11 11 11 11 11 11 11 11 11 11 
11 0 0 0 0 11 0 0 0 0 0 0 0 11 0 0 11 11 0 0 0 0 0 11 0 0 0 11 0 0 11 11 
11 11 11 11 11 0 0 0 0 0 0 11 0 0 11 0 0 0 0 11 0 0 11 0 0 0 11 0 0 0 0 11 
11 0 11 0 0 0 0 0 0 0 0 0 11 0 0 11 0 0 0 0 11 0 11 0 0 11 0 0 0 0 0 11 
11 0 0 0 0 11 11 11 0 0 0 0 0 0 11 0 0 0 0 0 0 0 11 0 0 11 0 0 0 0 0 11 
11 0 0 0 0 0 0 11 0 0 0 0 0 15 0 11 0 0 0 0 0 0 0 11 11 0 11 0 0 0 0 11 
11 11 0 0 0 0 0 0 0 0 0 0 0 0 0 11 0 0 0 0 0 0 0 0 11 0 0 0 0 11 0 11 
11 0 0 0 0 11 11 11 0 0 0 0 0 0 0 11 0 0 0 0 0 0 0 11 11 0 11 0 0 0 0 11 
11 11 0 0 0 0 0 0 0 0 0 0 11 11 0 0 0 0 0 0 11 11 11 0 11 0 0 0 0 0 0 11 
11 0 11 0 0 0 0 11 0 0 0 0 0 0 0 0 0 0 0 15 11 0 11 0 0 0 0 0 11 0 0 11 
11 0 11 0 0 0 0 11 0 0 11 0 0 11 0 0 0 0 0 0 0 0 11 0 0 11 0 0 0 11 0 11 
11 0 0 0 0 0 0 11 0 0 0 0 0 0 11 11 0 0 0 0 0 0 0 11 0 0 0 0 0 0 0 11 
11 0 11 0 0 0 0 11 0 11 0 0 0 0 0 11 11 0 0 0 0 0 0 0 0 0 0 0 11 0 0 11 
11 0 0 0 11 11 11 11 15 0 11 0 0 0 0 11 0 0 0 0 0 0 0 0 15 0 11 0 0 0 0 11 
11 0 0 0 0 0 15 0 0 0 11 0 0 0 0 11 0 0 11 0 0 0 0 15 0 11 0 0 0 0 0 11 
11 0 0 0 0 0 0 11 11 0 11 0 11 0 0 0 0 11 0 0 0 0 0 0 11 0 0 0 0 11 0 11 
11 0 0 0 0 0 0 0 0 0 0 0 0 11 0 11 0 0 0 0 0 0 0 0 0 0 11 0 0 0 0 11 
11 0 0 0 11 0 0 11 0 0 0 11 0 0 0 0 0 0 0 0 11 0 11 0 0 0 11 0 0 0 0 11 
11 0 0 0 0 11 0 0 0 0 0 0 0 11 0 0 0 0 0 0 0 0 0 0 0 0 0 0 0 0 0 11 
11 11 11 11 11 11 11 11 11 11 11 11 11 11 11 11 11 11 11 11 11 11 11 11 11 11 11 11 11 11 11 11 

13133
11 11 11 11 11 11 11 11 11 11 11 11 11 11 11 11 11 11 11 11 11 11 11 11 11 11 11 11 11 11 11 11 
11 0 0 0 0 11 0 0 0 0 0 0 0 11 0 0 11 11 0 0 0 0 0 11 0 0 0 11 0 0 11 11 
11 11 11 11 11 0 0 0 0 0 0 11 0 0 11 0 0 0 0 11 0 0 11 0 0 0 11 0 0 0 0 11 
11 0 11 0 0 0 0 0 0 0 0 0 11 0 0 11 0 0 0 0 11 0 11 0 0 11 0 0 0 0 0 11 
11 0 0 0 0 11 11 11 0 0 0 0 0 0 11 0 0 0 0 0 0 0 11 0 0 11 0 0 0 0 0 11 
11 0 0 0 0 0 0 11 0 0 0 0 0 0 0 11 0 0 0 0 0 0 0 11 11 0 11 0 0 0 0 11 
11 11 0 0 0 0 0 0 0 0 0 0 0 0 15 11 0 0 0 0 0 0 0 0 11 0 0 0 0 11 0 11 
11 0 0 0 0 11 11 11 0 0 0 0 0 0 0 11 0 0 0 0 0 0 0 11 11 0 11 0 0 0 0 11 
11 11 0 0 0 0 0 0 0 0 0 0 11 11 0 0 0 0 0 0 11 11 11 0 11 0 0 0 0 0 0 11 
11 0 11 0 0 0 0 11 0 0 0 0 0 0 0 0 0 0 0 0 11 0 11 15 0 0 0 0 11 0 0 11 
11 0 11 0 0 0 0 11 0 0 11 0 0 11 0 0 0 0 0 0 0 0 11 0 0 11 0 0 0 11 0 11 
11 0 0 0 0 0 0 11 0 0 0 0 0 0 11 11 0 0 0 0 0 0 0 11 0 0 0 0 0 0 0 11 
11 0 11 0 0 0 15 11 0 11 0 0 0 0 0 11 11 0 0 0 0 0 0 0 0 15 0 0 11 0 0 11 
11 0 0 0 11 11 11 11 0 0 11 0 0 0 0 11 0 0 0 0 0 0 0 0 0 0 11 0 0 0 0 11 
11 0 0 0 0 0 0 15 0 0 11 0 0 0 0 11 0 0 11 0 0 0 0 0 0 11 0 0 0 0 0 11 
11 0 0 0 0 0 0 11 11 0 11 0 11 0 0 0 0 11 0 15 0 0 0 0 11 0 0 0 0 11 0 11 
11 0 0 0 0 0 0 0 0 0 0 0 0 11 0 11 0 0 0 0 0 0 0 0 0 0 11 0 0 0 0 11 
11 0 0 0 11 0 0 11 0 0 0 0 0 0 0 0 0 0 0 0 11 0 11 0 0 0 11 0 0 0 0 11 
11 0 0 0 0 11 0 0 0 0 0 0 0 11 0 0 0 0 0 0 0 0 0 0 0 0 0 0 0 0 0 11 
11 11 11 11 11 11 11 11 11 11 11 11 11 11 11 11 11 11 11 11 11 11 11 11 11 11 11 11 11 11 11 11 

13133
11 11 11 11 11 11 11 11 11 11 11 11 11 11 11 11 11 11 11 11 11 11 11 11 11 11 11 11 11 11 11 11 
11 0 0 0 0 11 0 0 0 0 0 0 0 11 0 0 11 11 0 0 0 0 0 11 0 0 0 11 0 0 11 11 
11 11 11 11 11 0 0 0 0 0 0 11 0 0 11 0 0 0 0 11 0 0 11 0 0 0 11 0 0 0 0 11 
11 0 11 0 0 0 0 0 0 0 0 0 11 0 0 11 0 0 0 0 11 0 11 0 0 11 0 0 0 0 0 11 
11 0 0 0 0 11 11 11 0 0 0 0 0 0 11 0 0 0 0 0 0 0 11 0 0 11 0 0 0 0 0 11 
11 0 0 0 0 0 0 11 0 0 0 0 0 15 0 11 0 0 0 0 0 0 0 11 11 0 11 0 0 0 0 11 
11 11 0 0 0 0 0 0 0 0 0 0 0 0 0 11 0 0 0 0 0 0 0 0 11 0 0 0 0 11 0 11 
11 0 0 0 0 11 11 11 0 0 0 0 0 0 0 11 0 0 0 0 0 0 0 11 11 0 11 0 0 0 0 11 
11 11 0 0 0 0 0 0 0 0 0 0 11 11 0 0 0 0 0 0 11 11 11 0 11 0 0 0 0 0 0 11 
11 0 11 0 0 0 0 11 0 0 0 0 0 0 0 0 0 0 0 0 11 0 11 15 0 0 0 0 11 0 0 11 
11 0 11 0 0 0 0 11 0 15 11 0 0 11 0 0 0 0 0 0 0 0 11 0 0 11 0 0 0 11 0 11 
11 0 0 0 0 0 0 11 0 0 0 0 0 0 11 11 0 0 0 0 0 0 0 11 0 0 0 0 0 0 0 11 
11 0 11 0 0 0 0 11 15 11 0 0 0 0 0 11 11 0 0 0 0 0 0 0 0 0 0 0 11 0 0 11 
11 0 0 0 11 11 11 11 0 0 11 0 0 0 0 11 0 0 0 0 0 0 0 0 15 0 11 0 0 0 0 11 
11 0 0 0 0 0 0 0 0 0 11 0 0 0 0 11 0 0 11 0 0 0 0 0 0 11 0 0 0 0 0 11 
11 0 0 0 0 0 0 11 11 0 11 0 11 0 0 0 0 11 0 0 0 0 0 0 11 0 0 0 0 11 0 11 
11 0 0 0 0 0 0 0 0 0 0 0 0 11 0 11 0 0 0 15 0 0 0 0 0 0 11 0 0 0 0 11 
11 0 0 0 11 0 0 11 0 0 0 0 0 0 0 0 0 0 0 0 11 0 11 0 0 0 11 0 0 0 0 11 
11 0 0 0 0 11 0 0 0 0 0 0 0 11 0 0 0 0 0 0 0 0 0 0 0 0 0 0 0 0 0 11 
11 11 11 11 11 11 11 11 11 11 11 11 11 11 11 11 11 11 11 11 11 11 11 11 11 11 11 11 11 11 11 11 

13133
11 11 11 11 11 11 11 11 11 11 11 11 11 11 11 11 11 11 11 11 11 11 11 11 11 11 11 11 11 11 11 11 
11 0 0 0 0 11 0 0 0 0 0 0 0 11 0 0 11 11 0 0 0 0 0 11 0 0 0 11 0 0 11 11 
11 11 11 11 11 0 0 0 0 0 0 11 0 0 11 0 0 0 0 11 0 0 11 0 0 0 11 0 0 0 0 11 
11 0 11 0 0 0 0 0 0 0 0 0 11 0 0 11 0 0 0 0 11 0 11 0 0 11 0 0 0 0 0 11 
11 0 0 0 0 11 11 11 0 0 0 0 0 0 11 0 0 0 0 0 0 0 11 0 0 11 0 0 0 0 0 11 
11 0 0 0 0 0 0 11 0 0 0 0 0 0 0 11 0 0 0 0 0 0 0 11 11 0 11 0 0 0 0 11 
11 11 0 0 0 0 0 0 0 0 0 0 0 0 15 11 0 0 0 0 0 0 0 0 11 0 0 0 0 11 0 11 
11 0 0 0 0 11 11 11 0 0 0 0 0 0 0 11 0 0 0 0 0 0 0 11 11 0 11 0 0 0 0 11 
11 11 0 0 0 0 0 0 0 0 0 0 11 11 0 0 0 0 0 0 11 11 11 0 11 0 0 0 0 0 0 11 
11 0 11 0 0 0 0 11 0 0 0 0 0 0 0 0 0 0 0 0 11 0 11 15 0 0 0 0 11 0 0 11 
11 0 11 0 0 0 0 11 0 0 11 0 0 11 0 0 0 0 0 0 0 0 11 0 0 11 0 0 0 11 0 11 
11 0 0 0 0 0 0 11 0 0 0 0 0 0 11 11 0 0 0 0 0 0 0 11 0 0 0 0 0 0 0 11 
11 0 11 0 0 0 15 11 0 11 0 0 0 0 0 11 11 0 0 0 0 0 0 0 0 15 0 0 11 0 0 11 
11 0 0 0 11 11 11 11 0 0 11 0 0 0 0 11 0 0 0 0 0 0 0 0 0 0 11 0 0 0 0 11 
11 0 0 0 0 0 0 15 0 0 11 0 0 0 0 11 0 0 11 0 0 0 0 0 0 11 0 0 0 0 0 11 
11 0 0 0 0 0 0 11 11 0 11 0 11 0 0 0 0 11 0 15 0 0 0 0 11 0 0 0 0 11 0 11 
11 0 0 0 0 0 0 0 0 0 0 0 0 11 0 11 0 0 0 0 0 0 0 0 0 0 11 0 0 0 0 11 
11 0 0 0 11 0 0 11 0 0 0 0 0 0 0 0 0 0 0 0 11 0 11 0 0 0 11 0 0 0 0 11 
11 0 0 0 0 11 0 0 0 0 0 0 0 11 0 0 0 0 0 0 0 0 0 0 0 0 0 0 0 0 0 11 
11 11 11 11 11 11 11 11 11 11 11 11 11 11 11 11 11 11 11 11 11 11 11 11 11 11 11 11 11 11 11 11 

13133
11 11 11 11 11 11 11 11 11 11 11 11 11 11 11 11 11 11 11 11 11 11 11 11 11 11 11 11 11 11 11 11 
11 0 0 0 0 11 0 0 0 0 0 0 0 11 0 0 11 11 0 0 0 0 0 11 0 0 0 11 0 0 11 11 
11 11 11 11 11 0 0 0 0 0 0 11 0 0 11 0 0 0 0 11 0 0 11 0 0 0 11 0 0 0 0 11 
11 0 11 0 0 0 0 0 0 0 0 0 11 0 0 11 0 0 0 0 11 0 11 0 0 11 0 0 0 0 0 11 
11 0 0 0 0 11 11 11 0 0 0 0 0 0 11 0 0 0 0 0 0 0 11 0 0 11 0 0 0 0 0 11 
11 0 0 0 0 0 0 11 0 0 0 0 0 15 0 11 0 0 0 0 0 0 0 11 11 0 11 0 0 0 0 11 
11 11 0 0 0 0 0 0 0 0 0 0 0 0 0 11 0 0 0 0 0 0 0 0 11 0 0 0 0 11 0 11 
11 0 0 0 0 11 11 11 0 0 0 0 0 0 0 11 0 0 0 0 0 0 0 11 11 0 11 0 0 0 0 11 
11 11 0 0 0 0 0 0 0 0 0 0 11 11 0 0 0 0 0 0 11 11 11 0 11 0 0 0 0 0 0 11 
11 0 11 0 0 0 0 11 0 0 0 0 0 0 0 0 0 0 0 0 11 0 11 15 0 0 0 0 11 0 0 11 
11 0 11 0 0 0 0 11 0 15 11 0 0 11 0 0 0 0 0 0 0 0 11 0 0 11 0 0 0 11 0 11 
11 0 0 0 0 0 0 11 0 0 0 0 0 0 11 11 0 0 0 0 0 0 0 11 0 0 0 0 0 0 0 11 
11 0 11 0 0 0 0 11 15 11 0 0 0 0 0 11 11 0 0 0 0 0 0 0 0 0 0 0 11 0 0 11 
11 0 0 0 11 11 11 11 0 0 11 0 0 0 0 11 0 0 0 0 0 0 0 0 15 0 11 0 0 0 0 11 
11 0 0 0 0 0 0 0 0 0 11 0 0 0 0 11 0 0 11 0 0 0 0 0 0 11 0 0 0 0 0 11 
11 0 0 0 0 0 0 11 11 0 11 0 11 0 0 0 0 11 0 0 0 0 0 0 11 0 0 0 0 11 0 11 
11 0 0 0 0 0 0 0 0 0 0 0 0 11 0 11 0 0 0 15 0 0 0 0 0 0 11 0 0 0 0 11 
11 0 0 0 11 0 0 11 0 0 0 0 0 0 0 0 0 0 0 0 11 0 11 0 0 0 11 0 0 0 0 11 
11 0 0 0 0 11 0 0 0 0 0 0 0 11 0 0 0 0 0 0 0 0 0 0 0 0 0 0 0 0 0 11 
11 11 11 11 11 11 11 11 11 11 11 11 11 11 11 11 11 11 11 11 11 11 11 11 11 11 11 11 11 11 11 11 

