13513
11 11 11 11 11 11 11 11 11 11 11 11 11 11 11 11 11 11 11 11 11 11 11 11 11 11 11 11 11 11 11 11 11 11 
11 11 0 0 0 0 0 11 0 11 0 0 11 0 0 0 0 0 0 0 11 0 11 0 0 0 0 0 0 0 0 0 11 11 
11 0 0 0 11 0 0 0 0 0 0 0 0 0 0 0 11 0 0 11 0 0 0 0 0 0 11 0 11 0 0 0 0 11 
11 0 11 0 11 11 0 0 0 0 0 11 0 0 0 0 0 0 0 11 0 11 11 0 11 0 0 0 11 0 0 0 0 11 
11 0 0 11 0 11 0 0 0 0 0 11 0 0 0 11 0 0 0 0 0 0 15 0 0 11 11 0 0 0 0 0 11 11 
11 0 0 11 0 0 0 0 0 0 0 0 0 0 0 0 11 0 0 0 0 11 0 0 0 0 0 0 0 0 0 0 0 11 
11 0 0 11 0 0 11 0 15 0 0 0 0 11 0 11 0 0 0 0 11 0 0 0 0 11 0 11 11 0 11 0 0 11 
11 0 0 0 11 0 0 0 15 0 0 11 0 0 11 11 0 11 0 0 11 0 0 11 11 0 0 0 0 0 0 0 0 11 
11 11 11 0 0 0 0 0 0 0 0 0 0 11 0 0 0 0 0 0 0 11 11 0 0 0 0 11 0 0 11 0 11 11 
11 0 0 0 0 0 0 0 0 0 0 0 0 0 0 0 0 0 15 0 0 0 0 0 0 11 0 0 0 0 0 0 0 11 
11 0 0 0 0 0 0 0 0 0 11 0 0 0 0 0 0 0 0 11 15 0 15 11 0 0 0 0 0 0 0 0 11 11 
11 0 0 11 11 11 0 0 0 11 0 0 0 0 0 0 0 0 0 0 11 0 0 0 11 0 0 0 0 0 11 0 0 11 
11 0 11 0 0 0 0 0 0 0 0 0 0 0 0 0 11 0 0 11 0 0 0 0 0 0 0 0 11 0 0 11 0 11 
11 0 0 0 0 0 0 0 11 0 0 0 0 0 0 0 0 11 0 0 0 0 11 0 11 0 11 0 11 0 0 0 0 11 
11 0 0 0 0 0 0 0 0 0 11 11 0 11 0 0 0 0 11 11 0 0 0 0 11 0 0 11 0 0 0 0 0 11 
11 11 11 0 11 0 0 0 0 0 0 11 11 11 0 11 0 0 11 0 0 0 0 0 0 11 0 0 0 0 0 11 11 11 
11 0 11 0 0 0 0 0 0 0 0 0 0 0 0 0 11 0 0 0 11 0 11 11 0 0 0 0 0 0 0 0 0 11 
11 0 11 0 0 0 0 0 0 0 0 0 11 0 11 0 0 0 0 0 0 0 0 0 0 0 11 0 0 0 11 0 0 11 
11 0 0 0 11 0 0 0 0 0 0 0 11 11 0 0 0 0 0 11 0 0 0 0 0 0 0 0 0 0 0 11 0 11 
11 11 11 11 11 11 11 11 11 11 11 11 11 11 11 11 11 11 11 11 11 11 11 11 11 11 11 11 11 11 11 11 11 11 

13513
11 11 11 11 11 11 11 11 11 11 11 11 11 11 11 11 11 11 11 11 11 11 11 11 11 11 11 11 11 11 11 11 11 11 
11 11 0 0 0 0 0 11 0 11 0 0 11 0 0 0 0 0 0 0 11 0 11 0 0 0 0 0 0 0 0 0 11 11 
11 0 0 0 11 0 0 0 0 0 0 0 0 0 0 0 11 0 0 11 0 0 0 0 0 0 11 0 11 0 0 0 0 11 
11 0 11 0 11 11 0 0 0 0 0 11 0 0 0 0 0 0 0 11 0 11 11 0 11 0 0 0 11 0 0 0 0 11 
11 0 0 11 0 11 0 0 0 0 0 11 0 0 0 11 0 0 0 0 0 0 15 0 0 11 11 0 0 0 0 0 11 11 
11 0 0 11 0 0 0 0 0 0 0 0 0 0 0 0 11 0 0 0 0 11 0 0 0 0 0 0 0 0 0 0 0 11 
11 0 0 11 0 0 11 0 15 0 0 0 0 11 0 11 0 0 0 0 11 0 0 0 0 11 0 11 11 0 11 0 0 11 
11 0 0 0 11 0 0 0 15 0 0 11 0 0 11 11 0 11 0 0 11 0 0 11 11 0 0 0 0 0 0 0 0 11 
11 11 11 0 0 0 0 0 0 0 0 0 0 11 0 0 0 0 0 0 0 11 11 0 0 0 0 11 0 0 11 0 11 11 
11 0 0 0 0 0 0 0 0 0 0 0 0 0 0 0 0 0 15 0 0 0 0 0 0 11 0 0 0 0 0 0 0 11 
11 0 0 0 0 0 0 0 0 0 11 0 0 0 0 0 0 0 0 11 15 0 15 11 0 0 0 0 0 0 0 0 11 11 
11 0 0 11 11 11 0 0 0 11 0 0 0 0 0 0 0 0 0 0 11 0 0 0 11 0 0 0 0 0 11 0 0 11 
11 0 11 0 0 0 0 0 0 0 0 0 0 0 0 0 11 0 0 11 0 0 0 0 0 0 0 0 11 0 0 11 0 11 
11 0 0 0 0 0 0 0 11 0 0 0 0 0 0 0 0 11 0 0 0 0 11 0 11 0 11 0 11 0 0 0 0 11 
11 0 0 0 0 0 0 0 0 0 11 11 0 11 0 0 0 0 11 11 0 0 0 0 11 0 0 11 0 0 0 0 0 11 
11 11 11 0 11 0 0 0 0 0 0 11 11 11 0 11 0 0 11 0 0 0 0 0 0 11 0 0 0 0 0 11 11 11 
11 0 11 0 0 0 0 0 0 0 0 0 0 0 0 0 11 0 0 0 11 0 11 11 0 0 0 0 0 0 0 0 0 11 
11 0 11 0 0 0 0 0 0 0 0 0 11 0 11 0 0 0 0 0 0 0 0 0 0 0 11 0 0 0 11 0 0 11 
11 0 0 0 11 0 0 0 0 0 0 0 11 11 0 0 0 0 0 11 0 0 0 0 0 0 0 0 0 0 0 11 0 11 
11 11 11 11 11 11 11 11 11 11 11 11 11 11 11 11 11 11 11 11 11 11 11 11 11 11 11 11 11 11 11 11 11 11 

13513
11 11 11 11 11 11 11 11 11 11 11 11 11 11 11 11 11 11 11 11 11 11 11 11 11 11 11 11 11 11 11 11 11 11 
11 11 0 0 0 0 0 11 0 11 0 0 11 0 0 0 0 0 0 0 11 0 11 0 0 0 0 0 0 0 0 0 11 11 
11 0 0 0 11 0 0 0 0 0 0 0 0 0 0 0 11 0 0 11 0 0 0 0 0 0 11 0 11 0 0 0 0 11 
11 0 11 0 11 11 0 0 0 0 0 11 0 0 0 0 0 0 0 11 0 11 11 0 11 0 0 0 11 0 0 0 0 11 
11 0 0 11 0 11 0 0 0 0 0 11 0 0 0 11 0 0 0 0 0 0 15 0 0 11 11 0 0 0 0 0 11 11 
11 0 0 11 0 0 0 0 0 0 0 0 0 0 0 0 11 0 0 0 0 11 0 0 0 0 0 0 0 0 0 0 0 11 
11 0 0 11 0 0 11 0 15 0 0 0 0 11 0 11 0 0 0 0 11 0 0 0 0 11 0 11 11 0 11 0 0 11 
11 0 0 0 11 0 0 0 15 0 0 11 0 0 11 11 0 11 0 0 11 0 0 11 11 0 0 0 0 0 0 0 0 11 
11 11 11 0 0 0 0 0 0 0 0 0 0 11 0 0 0 0 0 0 0 11 11 0 0 0 0 11 0 0 11 0 11 11 
11 0 0 0 0 0 0 0 0 0 0 0 0 0 0 0 0 0 15 0 0 0 0 0 0 11 0 0 0 0 0 0 0 11 
11 0 0 0 0 0 0 0 0 0 11 0 0 0 0 0 0 0 0 11 15 0 15 11 0 0 0 0 0 0 0 0 11 11 
11 0 0 11 11 11 0 0 0 11 0 0 0 0 0 0 0 0 0 0 11 0 0 0 11 0 0 0 0 0 11 0 0 11 
11 0 11 0 0 0 0 0 0 0 0 0 0 0 0 0 11 0 0 11 0 0 0 0 0 0 0 0 11 0 0 11 0 11 
11 0 0 0 0 0 0 0 11 0 0 0 0 0 0 0 0 11 0 0 0 0 11 0 11 0 11 0 11 0 0 0 0 11 
11 0 0 0 0 0 0 0 0 0 11 11 0 11 0 0 0 0 11 11 0 0 0 0 11 0 0 11 0 0 0 0 0 11 
11 11 11 0 11 0 0 0 0 0 0 11 11 11 0 11 0 0 11 0 0 0 0 0 0 11 0 0 0 0 0 11 11 11 
11 0 11 0 0 0 0 0 0 0 0 0 0 0 0 0 11 0 0 0 11 0 11 11 0 0 0 0 0 0 0 0 0 11 
11 0 11 0 0 0 0 0 0 0 0 0 11 0 11 0 0 0 0 0 0 0 0 0 0 0 11 0 0 0 11 0 0 11 
11 0 0 0 11 0 0 0 0 0 0 0 11 11 0 0 0 0 0 11 0 0 0 0 0 0 0 0 0 0 0 11 0 11 
11 11 11 11 11 11 11 11 11 11 11 11 11 11 11 11 11 11 11 11 11 11 11 11 11 11 11 11 11 11 11 11 11 11 

13507
11 11 11 11 11 11 11 11 11 11 11 11 11 11 11 11 11 11 11 11 11 11 11 11 11 11 11 11 11 11 11 11 11 11 
11 11 0 0 0 0 0 11 0 11 0 0 11 0 0 0 0 0 0 0 11 0 11 0 0 0 0 0 0 0 0 0 11 11 
11 0 0 0 11 0 0 0 0 0 0 0 0 0 0 0 11 0 0 11 0 0 0 0 0 0 11 0 11 0 0 0 0 11 
11 0 11 0 11 11 0 0 0 0 0 11 0 0 0 0 0 0 0 11 0 11 11 0 11 0 0 0 11 0 0 0 0 11 
11 0 0 11 0 11 0 0 0 0 0 11 0 0 0 11 0 0 0 0 0 0 0 15 0 11 11 0 0 0 0 0 11 11 
11 0 0 11 0 0 0 0 0 0 0 0 0 0 0 0 11 0 0 0 0 11 0 0 0 0 0 0 0 0 0 0 0 11 
11 0 0 11 0 0 11 0 15 0 0 0 0 11 0 11 0 0 0 0 11 0 0 15 0 11 0 11 11 0 11 0 0 11 
11 0 0 0 11 0 0 0 0 0 0 11 0 0 11 11 0 11 0 0 11 0 0 11 11 0 0 0 0 0 0 0 0 11 
11 11 11 0 0 0 0 0 0 0 0 0 0 11 0 0 0 0 0 0 0 11 11 0 0 0 0 11 0 0 11 0 11 11 
11 0 0 0 0 0 0 0 0 0 0 0 0 0 0 0 0 0 0 0 0 0 15 0 0 11 0 0 0 0 0 0 0 11 
11 0 0 0 0 0 0 0 0 0 11 0 0 0 0 0 0 0 0 11 0 0 0 11 0 0 0 0 0 0 0 0 11 11 
11 0 0 11 11 11 0 0 0 11 0 0 0 0 0 0 0 0 0 0 11 0 0 0 11 0 0 0 0 0 11 0 0 11 
11 0 11 0 0 0 0 0 0 0 0 0 0 15 0 0 11 0 0 11 0 0 0 0 0 15 0 0 11 0 0 11 0 11 
11 0 0 0 0 0 0 0 11 0 0 0 0 0 0 0 0 11 0 0 0 0 0 0 11 0 0 0 11 0 0 0 0 11 
11 0 0 0 0 0 0 0 0 0 11 11 0 11 0 0 0 0 11 11 0 0 11 0 11 0 0 11 0 0 0 0 0 11 
11 11 11 0 11 0 0 0 0 0 0 11 11 11 0 11 0 0 11 0 0 0 0 0 0 0 0 0 0 0 0 11 11 11 
11 0 11 0 0 0 0 0 0 0 0 0 0 0 0 0 11 0 0 0 11 0 11 0 0 0 0 0 0 0 0 0 0 11 
11 0 11 0 0 0 0 0 0 0 0 0 11 0 11 0 0 0 0 0 0 0 0 0 0 0 11 0 0 0 11 0 0 11 
11 0 0 0 11 0 0 0 0 0 0 0 11 11 0 0 0 0 0 11 0 0 0 0 0 0 0 0 0 0 0 11 0 11 
11 11 11 11 11 11 11 11 11 11 11 11 11 11 11 11 11 11 11 11 11 11 11 11 11 11 11 11 11 11 11 11 11 11 

13507
11 11 11 11 11 11 11 11 11 11 11 11 11 11 11 11 11 11 11 11 11 11 11 11 11 11 11 11 11 11 11 11 11 11 
11 11 0 0 0 0 0 11 0 11 0 0 11 0 0 0 0 0 0 0 11 0 11 0 0 0 0 0 0 0 0 0 11 11 
11 0 0 0 11 0 0 0 0 0 0 0 0 0 0 0 11 0 0 11 0 0 0 14 0 0 11 0 11 0 0 0 0 11 
11 0 11 0 11 11 0 0 0 0 0 11 0 0 0 0 0 0 0 11 0 11 11 0 11 0 0 0 11 0 0 0 0 11 
11 0 0 11 0 11 0 0 0 0 0 11 0 0 0 11 0 0 0 0 0 0 0 0 0 11 11 0 0 0 0 0 11 11 
11 0 0 11 0 0 0 0 0 0 0 0 0 0 0 0 11 0 0 0 0 11 0 0 0 0 0 0 0 0 0 0 0 11 
11 0 0 11 0 0 11 0 0 0 0 0 0 11 0 11 0 0 0 0 11 0 0 0 0 11 0 11 11 0 11 0 0 11 
11 0 0 0 11 0 0 0 0 0 0 11 0 0 11 11 0 11 0 0 11 0 0 11 11 0 0 0 0 0 0 0 0 11 
11 11 11 0 0 14 15 0 0 0 0 0 0 11 0 0 0 0 0 15 0 11 11 0 0 0 0 11 0 0 11 0 11 11 
11 0 0 0 0 0 0 0 0 0 0 0 0 0 0 0 0 0 0 0 0 0 0 15 0 11 0 0 0 0 0 0 0 11 
11 0 0 0 0 0 0 0 0 0 11 0 0 0 0 0 0 0 0 11 0 0 15 11 0 0 0 0 0 0 0 0 11 11 
11 0 0 11 11 11 0 0 0 11 0 0 0 0 0 0 0 0 0 15 11 0 0 0 11 0 0 0 0 0 11 0 0 11 
11 0 11 0 0 0 0 0 0 0 0 0 0 0 0 0 11 0 0 11 0 0 0 0 0 0 0 0 11 0 0 11 0 11 
11 0 0 0 0 0 0 0 11 0 0 0 0 0 0 0 0 11 0 0 0 0 0 0 11 0 0 0 11 0 0 0 0 11 
11 0 0 0 0 0 0 0 0 0 11 11 0 11 0 0 0 0 11 11 0 0 0 0 11 0 0 11 0 0 0 0 0 11 
11 11 11 0 11 0 0 0 0 0 0 11 11 11 0 11 0 0 11 0 0 0 0 0 0 0 0 0 0 0 0 11 11 11 
11 0 11 0 0 0 0 0 0 0 0 0 0 0 0 0 11 0 0 0 11 0 11 0 0 0 0 0 0 0 0 0 0 11 
11 0 11 0 0 0 0 0 0 0 0 0 11 0 11 0 0 0 0 0 0 0 0 0 0 0 11 0 0 0 11 0 0 11 
11 0 0 0 11 0 0 0 0 0 0 0 11 11 0 0 0 0 0 11 0 0 0 0 0 0 0 0 0 0 0 11 0 11 
11 11 11 11 11 11 11 11 11 11 11 11 11 11 11 11 11 11 11 11 11 11 11 11 11 11 11 11 11 11 11 11 11 11 

13541
11 11 11 11 11 11 11 11 11 11 11 11 11 11 11 11 11 11 11 11 11 11 11 11 11 11 11 11 11 11 11 11 11 11 
11 11 0 0 0 0 0 11 0 11 0 0 11 0 0 0 0 0 0 0 11 0 11 0 0 0 0 0 0 0 0 0 11 11 
11 0 0 0 11 0 0 0 0 0 0 0 0 0 0 0 11 0 0 11 0 0 0 0 0 0 11 0 11 0 0 0 0 11 
11 0 0 0 11 11 0 0 0 0 0 11 0 0 0 0 0 0 0 11 0 11 11 0 0 0 0 0 11 0 0 0 0 11 
11 0 0 11 0 11 0 0 0 0 0 11 0 0 0 11 0 0 0 0 0 15 0 0 0 11 11 0 0 0 0 0 11 11 
11 0 0 11 0 0 0 0 0 0 0 11 0 0 0 0 11 0 0 0 0 11 15 0 0 0 0 0 0 0 0 0 0 11 
11 0 0 11 0 11 11 0 0 0 0 0 0 11 0 11 0 0 0 0 11 0 0 0 0 0 0 11 11 0 11 0 0 11 
11 0 0 0 11 15 0 0 0 0 0 11 0 0 11 11 0 11 0 0 11 0 0 11 11 0 0 0 0 0 0 0 0 11 
11 11 11 0 14 0 0 0 0 0 0 0 0 0 0 0 0 0 0 0 0 11 11 0 0 0 0 11 0 0 11 0 11 11 
11 0 0 0 0 11 0 0 0 0 0 0 0 0 0 0 0 0 0 0 0 0 0 0 0 0 0 0 0 0 0 0 0 11 
11 0 0 0 0 0 11 0 0 0 11 0 0 0 0 0 0 0 0 11 0 15 0 11 0 0 0 0 0 0 0 0 11 11 
11 0 0 11 11 11 0 0 0 11 0 0 0 0 0 0 0 0 0 15 11 0 0 0 11 0 15 0 0 0 11 0 0 11 
11 0 11 0 0 0 0 0 0 0 0 0 0 0 0 0 11 0 0 11 0 0 0 0 0 0 0 0 11 0 0 11 0 11 
11 0 0 0 0 0 0 0 11 0 0 0 0 0 0 0 0 11 0 11 0 0 0 0 11 0 0 0 0 0 0 0 0 11 
11 0 0 0 0 0 0 0 0 0 11 11 0 11 0 0 0 0 11 11 0 0 0 0 11 0 0 11 0 0 0 0 0 11 
11 11 11 0 11 0 0 0 0 0 0 11 11 11 0 11 0 0 11 0 0 0 0 0 0 0 0 0 0 0 0 11 11 11 
11 0 11 0 0 0 0 0 0 0 11 0 0 0 0 0 11 0 0 0 11 0 11 0 0 0 0 0 0 0 0 0 11 11 
11 0 0 0 0 0 0 0 0 0 0 0 11 0 11 0 0 0 0 0 0 0 0 0 0 0 11 0 0 0 11 0 0 11 
11 0 0 0 11 0 0 0 0 0 0 0 11 11 0 0 0 0 0 11 0 0 0 0 0 0 0 0 0 0 0 11 0 11 
11 11 11 11 11 11 11 11 11 11 11 11 11 11 11 11 11 11 11 11 11 11 11 11 11 11 11 11 11 11 11 11 11 11 

13541
11 11 11 11 11 11 11 11 11 11 11 11 11 11 11 11 11 11 11 11 11 11 11 11 11 11 11 11 11 11 11 11 11 11 
11 11 0 0 0 0 0 11 0 11 0 0 11 0 0 0 0 0 0 0 11 0 11 0 0 0 0 0 0 0 0 0 11 11 
11 0 0 0 11 0 0 0 0 0 0 0 0 0 0 0 11 0 0 11 0 0 0 0 0 0 11 0 11 0 0 0 0 11 
11 0 0 0 11 11 0 0 0 0 0 11 0 0 0 0 0 0 0 11 0 11 11 0 0 0 0 0 11 0 0 0 0 11 
11 0 0 11 0 11 0 0 0 0 0 11 0 0 0 11 0 0 0 0 0 15 0 0 0 11 11 0 0 0 0 0 11 11 
11 0 0 11 0 0 0 0 0 0 0 11 0 0 0 0 11 0 0 0 0 11 15 0 0 0 0 0 0 0 0 0 0 11 
11 0 0 11 0 11 11 0 0 0 0 0 0 11 0 11 0 0 0 0 11 0 0 0 0 0 0 11 11 0 11 0 0 11 
11 0 0 0 11 15 0 0 0 0 0 11 0 0 11 11 0 11 0 0 11 0 0 11 11 0 0 0 0 0 0 0 0 11 
11 11 11 0 14 0 0 0 0 0 0 0 0 0 0 0 0 0 0 0 0 11 11 0 0 0 0 11 0 0 11 0 11 11 
11 0 0 0 0 11 0 0 0 0 0 0 0 0 0 0 0 0 0 0 0 0 0 0 0 0 0 0 0 0 0 0 0 11 
11 0 0 0 0 0 11 0 0 0 11 0 0 0 0 0 0 0 0 11 0 15 0 11 0 0 0 0 0 0 0 0 11 11 
11 0 0 11 11 11 0 0 0 11 0 0 0 0 0 0 0 0 0 15 11 0 0 0 11 0 15 0 0 0 11 0 0 11 
11 0 11 0 0 0 0 0 0 0 0 0 0 0 0 0 11 0 0 11 0 0 0 0 0 0 0 0 11 0 0 11 0 11 
11 0 0 0 0 0 0 0 11 0 0 0 0 0 0 0 0 11 0 11 0 0 0 0 11 0 0 0 0 0 0 0 0 11 
11 0 0 0 0 0 0 0 0 0 11 11 0 11 0 0 0 0 11 11 0 0 0 0 11 0 0 11 0 0 0 0 0 11 
11 11 11 0 11 0 0 0 0 0 0 11 11 11 0 11 0 0 11 0 0 0 0 0 0 0 0 0 0 0 0 11 11 11 
11 0 11 0 0 0 0 0 0 0 11 0 0 0 0 0 11 0 0 0 11 0 11 0 0 0 0 0 0 0 0 0 11 11 
11 0 0 0 0 0 0 0 0 0 0 0 11 0 11 0 0 0 0 0 0 0 0 0 0 0 11 0 0 0 11 0 0 11 
11 0 0 0 11 0 0 0 0 0 0 0 11 11 0 0 0 0 0 11 0 0 0 0 0 0 0 0 0 0 0 11 0 11 
11 11 11 11 11 11 11 11 11 11 11 11 11 11 11 11 11 11 11 11 11 11 11 11 11 11 11 11 11 11 11 11 11 11 

13541
11 11 11 11 11 11 11 11 11 11 11 11 11 11 11 11 11 11 11 11 11 11 11 11 11 11 11 11 11 11 11 11 11 11 
11 11 0 0 0 0 0 11 0 11 0 0 11 0 0 0 0 0 0 0 11 0 11 0 0 0 0 0 0 0 0 0 11 11 
11 0 0 0 11 0 0 0 0 0 0 0 0 0 0 0 11 0 0 11 0 0 0 0 0 0 11 0 11 0 0 0 0 11 
11 0 0 0 11 11 0 0 0 0 0 11 0 0 0 0 0 0 0 11 0 11 11 0 0 0 0 0 11 0 0 0 0 11 
11 0 0 11 0 11 0 0 0 0 0 11 0 0 0 11 0 0 0 0 0 15 0 0 0 11 11 0 0 0 0 0 11 11 
11 0 0 11 0 0 0 0 0 0 0 11 0 0 0 0 11 0 0 0 0 11 15 0 0 0 0 0 0 0 0 0 0 11 
11 0 0 11 0 11 11 0 0 0 0 0 0 11 0 11 0 0 0 0 11 0 0 0 0 0 0 11 11 0 11 0 0 11 
11 0 0 0 11 15 0 0 0 0 0 11 0 0 11 11 0 11 0 0 11 0 0 11 11 0 0 0 0 0 0 0 0 11 
11 11 11 0 14 0 0 0 0 0 0 0 0 0 0 0 0 0 0 0 0 11 11 0 0 0 0 11 0 0 11 0 11 11 
11 0 0 0 0 11 0 0 0 0 0 0 0 0 0 0 0 0 0 0 0 0 0 0 0 0 0 0 0 0 0 0 0 11 
11 0 0 0 0 0 11 0 0 0 11 0 0 0 0 0 0 0 0 11 0 15 0 11 0 0 0 0 0 0 0 0 11 11 
11 0 0 11 11 11 0 0 0 11 0 0 0 0 0 0 0 0 0 15 11 0 0 0 11 0 15 0 0 0 11 0 0 11 
11 0 11 0 0 0 0 0 0 0 0 0 0 0 0 0 11 0 0 11 0 0 0 0 0 0 0 0 11 0 0 11 0 11 
11 0 0 0 0 0 0 0 11 0 0 0 0 0 0 0 0 11 0 11 0 0 0 0 11 0 0 0 0 0 0 0 0 11 
11 0 0 0 0 0 0 0 0 0 11 11 0 11 0 0 0 0 11 11 0 0 0 0 11 0 0 11 0 0 0 0 0 11 
11 11 11 0 11 0 0 0 0 0 0 11 11 11 0 11 0 0 11 0 0 0 0 0 0 0 0 0 0 0 0 11 11 11 
11 0 11 0 0 0 0 0 0 0 11 0 0 0 0 0 11 0 0 0 11 0 11 0 0 0 0 0 0 0 0 0 11 11 
11 0 0 0 0 0 0 0 0 0 0 0 11 0 11 0 0 0 0 0 0 0 0 0 0 0 11 0 0 0 11 0 0 11 
11 0 0 0 11 0 0 0 0 0 0 0 11 11 0 0 0 0 0 11 0 0 0 0 0 0 0 0 0 0 0 11 0 11 
11 11 11 11 11 11 11 11 11 11 11 11 11 11 11 11 11 11 11 11 11 11 11 11 11 11 11 11 11 11 11 11 11 11 

13536
11 11 11 11 11 11 11 11 11 11 11 11 11 11 11 11 11 11 11 11 11 11 11 11 11 11 11 11 11 11 11 11 11 11 
11 11 0 0 0 0 0 11 0 11 0 0 11 0 0 0 0 0 0 0 11 0 11 0 0 0 0 0 0 0 0 0 11 11 
11 0 0 0 11 0 0 0 0 0 0 0 0 0 0 0 11 0 0 11 0 0 0 0 0 0 11 0 11 0 0 0 0 11 
11 0 0 0 11 11 0 0 0 0 0 11 0 0 0 0 0 0 0 11 0 11 11 0 0 0 0 0 11 0 0 0 0 11 
11 0 0 11 0 11 0 0 0 0 0 11 0 0 0 11 0 0 0 0 0 15 0 0 0 11 11 0 0 0 0 0 11 11 
11 0 0 11 0 0 0 0 0 0 0 11 0 0 0 0 11 0 0 0 0 11 0 15 0 0 0 0 0 0 0 0 0 11 
11 0 0 11 0 11 11 0 0 0 0 0 0 11 0 11 0 0 0 0 11 0 0 0 0 0 0 11 11 0 11 0 0 11 
11 0 0 0 11 15 14 0 0 0 0 11 0 0 11 11 0 11 0 0 11 0 0 11 11 0 0 0 0 0 0 0 0 11 
11 11 11 0 0 0 0 0 0 0 0 0 0 0 0 0 0 0 0 0 0 11 11 0 0 0 0 11 0 0 11 0 11 11 
11 0 0 0 0 11 0 0 0 0 0 0 0 0 0 0 0 0 0 0 0 0 0 0 0 0 0 0 0 0 0 0 0 11 
11 0 0 0 0 0 11 0 0 0 11 0 0 0 0 0 0 0 0 11 0 0 15 11 0 0 0 0 0 0 0 0 11 11 
11 0 0 11 11 11 0 0 0 11 0 0 0 0 0 0 0 0 0 0 11 0 0 0 11 0 15 0 0 0 11 0 0 11 
11 0 11 0 0 0 0 0 0 0 0 0 0 0 0 0 11 0 0 11 0 0 15 0 0 0 0 0 11 0 0 11 0 11 
11 0 0 0 0 0 0 0 11 0 0 0 0 0 0 0 0 11 0 11 0 0 0 0 11 0 0 0 0 0 0 0 0 11 
11 0 0 0 0 0 0 0 0 0 11 11 0 11 0 0 0 0 11 11 0 0 0 0 11 0 0 11 0 0 0 0 0 11 
11 11 11 0 11 0 0 0 0 0 0 11 11 11 0 11 0 0 11 0 0 0 0 0 0 0 0 0 0 0 0 11 11 11 
11 0 11 0 0 0 0 0 0 0 11 0 0 0 0 0 11 0 0 0 11 0 11 0 0 0 0 0 0 0 0 0 11 11 
11 0 0 0 0 0 0 0 0 0 0 0 11 0 11 0 0 0 0 0 0 0 0 0 0 0 11 0 0 0 11 0 0 11 
11 0 0 0 11 0 0 0 0 0 0 0 11 11 0 0 0 0 0 11 0 0 0 0 0 0 0 0 0 0 0 11 0 11 
11 11 11 11 11 11 11 11 11 11 11 11 11 11 11 11 11 11 11 11 11 11 11 11 11 11 11 11 11 11 11 11 11 11 

13536
11 11 11 11 11 11 11 11 11 11 11 11 11 11 11 11 11 11 11 11 11 11 11 11 11 11 11 11 11 11 11 11 11 11 
11 11 0 0 0 0 0 11 0 11 0 0 11 0 0 0 0 0 0 0 11 0 11 0 0 0 0 0 0 0 0 0 11 11 
11 0 0 0 11 0 0 0 0 0 0 0 0 0 0 0 11 0 0 11 0 0 0 0 0 0 11 0 11 0 0 0 0 11 
11 0 0 0 11 11 0 0 0 0 0 11 0 0 0 0 0 0 0 11 0 11 11 0 0 0 0 0 11 0 0 0 0 11 
11 0 0 11 0 11 0 0 0 0 0 11 0 0 0 11 0 0 0 0 0 15 0 0 0 11 11 0 0 0 0 0 11 11 
11 0 0 11 0 0 0 0 0 0 0 11 0 0 0 0 11 0 0 0 0 11 0 15 0 0 0 0 0 0 0 0 0 11 
11 0 0 11 0 11 11 0 0 0 0 0 0 11 0 11 0 0 0 0 11 0 0 0 0 0 0 11 11 0 11 0 0 11 
11 0 0 0 11 15 14 0 0 0 0 11 0 0 11 11 0 11 0 0 11 0 0 11 11 0 0 0 0 0 0 0 0 11 
11 11 11 0 0 0 0 0 0 0 0 0 0 0 0 0 0 0 0 0 0 11 11 0 0 0 0 11 0 0 11 0 11 11 
11 0 0 0 0 11 0 0 0 0 0 0 0 0 0 0 0 0 0 0 0 0 0 0 0 0 0 0 0 0 0 0 0 11 
11 0 0 0 0 0 11 0 0 0 11 0 0 0 0 0 0 0 0 11 0 0 15 11 0 0 0 0 0 0 0 0 11 11 
11 0 0 11 11 11 0 0 0 11 0 0 0 0 0 0 0 0 0 0 11 0 0 0 11 0 15 0 0 0 11 0 0 11 
11 0 11 0 0 0 0 0 0 0 0 0 0 0 0 0 11 0 0 11 0 0 15 0 0 0 0 0 11 0 0 11 0 11 
11 0 0 0 0 0 0 0 11 0 0 0 0 0 0 0 0 11 0 11 0 0 0 0 11 0 0 0 0 0 0 0 0 11 
11 0 0 0 0 0 0 0 0 0 11 11 0 11 0 0 0 0 11 11 0 0 0 0 11 0 0 11 0 0 0 0 0 11 
11 11 11 0 11 0 0 0 0 0 0 11 11 11 0 11 0 0 11 0 0 0 0 0 0 0 0 0 0 0 0 11 11 11 
11 0 11 0 0 0 0 0 0 0 11 0 0 0 0 0 11 0 0 0 11 0 11 0 0 0 0 0 0 0 0 0 11 11 
11 0 0 0 0 0 0 0 0 0 0 0 11 0 11 0 0 0 0 0 0 0 0 0 0 0 11 0 0 0 11 0 0 11 
11 0 0 0 11 0 0 0 0 0 0 0 11 11 0 0 0 0 0 11 0 0 0 0 0 0 0 0 0 0 0 11 0 11 
11 11 11 11 11 11 11 11 11 11 11 11 11 11 11 11 11 11 11 11 11 11 11 11 11 11 11 11 11 11 11 11 11 11 

13508
11 11 11 11 11 11 11 11 11 11 11 11 11 11 11 11 11 11 11 11 11 11 11 11 11 11 11 11 11 11 11 11 11 11 
11 11 0 0 0 0 0 11 0 11 0 0 11 0 0 0 0 0 0 0 11 0 11 0 0 0 0 0 0 0 0 0 11 11 
11 0 0 0 11 0 0 0 0 0 0 0 0 0 0 0 11 0 0 11 0 0 0 0 0 0 11 0 11 0 0 0 0 11 
11 0 11 0 11 11 0 0 0 0 0 11 0 0 0 0 0 0 0 11 0 11 11 0 11 0 0 0 11 0 0 0 0 11 
11 0 0 11 0 11 0 0 0 0 0 11 0 0 0 11 0 11 0 0 0 0 0 15 0 11 11 0 0 0 0 0 11 11 
11 0 0 11 0 0 0 0 0 0 0 11 0 0 0 0 11 0 0 0 0 11 15 0 0 0 0 0 0 0 0 0 0 11 
11 0 0 11 0 0 11 0 0 0 0 0 0 11 0 11 0 0 0 0 11 0 0 0 0 0 0 11 11 0 11 0 0 11 
11 0 0 0 11 0 0 15 0 0 0 11 0 0 11 11 0 11 0 0 11 0 0 11 11 0 0 0 0 0 0 0 0 11 
11 11 11 0 14 0 0 0 0 0 0 0 0 11 0 0 0 0 0 0 0 0 11 0 0 0 0 11 0 0 11 0 11 11 
11 0 0 0 0 0 0 11 0 0 0 0 0 0 0 0 0 0 0 0 0 0 0 0 0 0 0 0 0 0 0 0 0 11 
11 0 0 0 0 0 0 0 0 0 11 0 0 0 0 0 0 0 0 11 0 15 0 11 0 0 0 0 0 0 0 0 11 11 
11 0 0 11 11 11 0 0 0 11 0 0 0 0 0 0 0 0 0 0 11 0 0 0 11 0 0 0 0 0 11 0 0 11 
11 0 11 0 0 0 0 0 0 0 0 0 0 0 0 0 11 0 0 11 0 0 15 0 0 0 0 0 11 0 0 11 0 11 
11 0 0 0 0 0 0 0 11 0 0 0 0 0 0 0 0 11 0 0 0 0 0 0 11 0 0 0 11 0 0 0 0 11 
11 0 0 0 0 0 0 0 0 0 11 11 0 11 0 0 0 0 11 11 0 0 0 0 11 0 0 11 0 0 0 0 0 11 
11 11 11 0 11 0 0 0 0 0 0 11 11 11 0 11 0 0 11 0 0 0 0 0 0 0 0 0 0 0 0 11 11 11 
11 0 11 0 0 0 0 0 0 0 0 0 0 0 0 0 11 0 0 0 11 13 11 0 0 0 0 0 0 0 0 0 0 11 
11 0 11 0 0 0 0 0 0 0 0 0 11 0 11 0 0 0 0 0 0 0 0 0 0 0 11 0 0 0 11 0 0 11 
11 0 0 0 11 0 0 0 0 0 0 0 11 11 0 0 0 0 0 11 0 0 0 0 0 0 0 0 0 11 0 11 0 11 
11 11 11 11 11 11 11 11 11 11 11 11 11 11 11 11 11 11 11 11 11 11 11 11 11 11 11 11 11 11 11 11 11 11 

13508
11 11 11 11 11 11 11 11 11 11 11 11 11 11 11 11 11 11 11 11 11 11 11 11 11 11 11 11 11 11 11 11 11 11 
11 11 0 0 0 0 0 11 0 11 0 0 11 0 0 0 0 0 0 0 11 0 11 0 0 0 0 0 0 0 0 0 11 11 
11 0 0 0 11 0 0 0 0 0 0 0 0 0 0 0 11 0 0 11 0 0 0 0 0 0 11 0 11 0 0 0 0 11 
11 0 11 0 11 11 0 0 0 0 0 11 0 0 0 0 0 0 0 11 0 11 11 0 11 0 0 0 11 0 0 0 0 11 
11 0 0 11 0 11 0 0 0 0 0 11 0 0 0 11 0 0 0 0 0 0 0 0 0 11 11 0 0 0 0 0 11 11 
11 0 0 11 0 0 0 0 0 0 0 11 0 0 0 0 11 0 0 0 0 11 15 0 0 0 0 0 0 0 0 0 0 11 
11 0 0 11 0 0 11 0 0 0 0 0 0 11 0 11 0 0 0 0 11 0 0 0 0 0 0 11 11 0 11 0 0 11 
11 0 0 0 11 15 0 0 15 0 0 11 0 0 11 11 0 11 0 14 11 0 0 11 11 0 0 0 0 0 0 0 0 11 
11 11 11 0 0 0 0 0 0 0 0 0 0 11 0 0 0 0 0 0 0 0 11 0 0 0 0 11 0 0 11 0 11 11 
11 0 0 0 0 0 0 11 0 0 0 0 0 0 0 0 0 0 0 0 0 0 0 0 0 0 0 0 0 0 0 0 0 11 
11 0 0 0 0 0 0 0 0 0 11 0 0 0 0 0 0 0 0 11 0 15 0 11 0 0 0 0 0 0 0 0 11 11 
11 0 0 11 11 11 0 0 0 11 0 0 0 0 0 0 0 0 0 15 11 0 0 0 11 0 0 15 0 0 11 0 0 11 
11 0 11 0 0 0 0 0 0 0 0 0 0 0 0 0 11 0 0 11 0 0 0 0 0 0 0 0 11 0 0 11 0 11 
11 0 0 0 0 0 0 0 11 0 0 0 0 0 0 0 0 11 0 0 0 0 0 0 11 0 0 0 11 0 0 0 0 11 
11 0 0 0 0 0 0 0 0 0 11 11 0 11 0 0 0 0 11 11 0 0 0 0 11 0 0 11 0 0 0 0 0 11 
11 11 11 0 11 0 0 0 0 0 0 11 11 11 0 11 0 0 11 0 0 0 0 0 0 0 0 0 0 0 0 11 11 11 
11 0 11 0 0 0 0 0 0 0 0 0 0 0 0 0 11 0 0 0 11 0 11 0 0 0 0 0 0 0 0 0 0 11 
11 0 11 0 0 0 0 0 0 0 0 0 11 0 11 0 0 0 0 0 0 0 0 0 0 0 11 0 0 0 11 0 0 11 
11 0 0 0 11 0 0 0 0 0 0 0 11 11 0 0 0 0 0 11 0 0 0 0 0 0 0 0 0 11 0 11 0 11 
11 11 11 11 11 11 11 11 11 11 11 11 11 11 11 11 11 11 11 11 11 11 11 11 11 11 11 11 11 11 11 11 11 11 

13478
11 11 11 11 11 11 11 11 11 11 11 11 11 11 11 11 11 11 11 11 11 11 11 11 11 11 11 11 11 11 11 11 11 11 
11 11 0 0 0 0 0 11 0 11 0 0 11 0 0 0 0 0 0 0 11 0 11 0 0 0 0 0 0 0 0 0 11 11 
11 0 0 0 11 0 0 0 0 0 0 0 0 0 0 0 11 0 0 11 0 0 0 0 0 0 11 0 11 0 0 0 0 11 
11 0 11 0 11 11 0 0 0 0 0 11 0 0 0 0 0 0 0 11 0 11 11 14 11 0 0 0 11 0 0 0 0 11 
11 0 0 11 0 11 0 0 0 0 0 11 0 0 0 11 0 0 0 0 0 0 0 0 0 11 11 0 0 0 0 0 11 11 
11 0 0 11 0 0 0 0 0 0 0 11 0 0 0 0 11 0 0 0 0 11 0 0 0 0 0 0 0 0 0 0 0 11 
11 0 0 11 0 0 11 0 0 0 0 0 0 11 0 11 0 0 0 0 11 0 0 0 0 0 0 11 11 0 11 0 0 11 
11 0 0 0 11 14 0 0 0 0 0 11 0 0 11 11 0 11 0 0 11 15 0 11 11 0 0 0 0 0 0 0 0 11 
11 11 11 0 0 15 0 0 0 0 0 0 0 11 0 0 0 0 15 0 0 0 11 0 0 0 0 11 0 0 11 0 11 11 
11 0 0 0 0 0 0 11 0 0 0 0 0 0 0 0 0 0 0 0 0 0 0 0 0 0 0 0 0 0 0 0 0 11 
11 0 0 0 0 0 0 0 0 0 11 0 0 0 0 0 0 0 0 11 0 0 0 11 15 0 0 0 0 0 0 0 11 11 
11 0 0 11 11 11 0 0 0 11 0 0 0 0 0 0 0 0 0 15 11 0 0 0 11 0 0 0 0 0 11 0 0 11 
11 0 11 0 0 0 0 0 0 0 0 0 0 0 0 0 11 0 0 11 0 0 0 0 0 0 0 0 11 0 0 11 0 11 
11 0 0 0 0 0 0 0 11 0 0 0 0 0 0 0 0 11 0 0 0 0 0 0 11 0 0 0 11 0 0 0 0 11 
11 0 0 0 0 0 0 0 0 0 11 11 0 11 0 0 0 0 11 11 0 0 0 0 11 0 0 11 0 0 0 0 0 11 
11 11 11 0 11 0 0 0 0 0 0 11 11 11 0 11 0 0 11 14 0 0 0 0 0 0 0 0 0 0 0 11 11 11 
11 0 11 0 0 0 0 0 0 0 0 0 0 0 0 0 11 0 0 0 11 0 11 0 0 0 0 0 0 0 0 0 0 11 
11 0 11 0 0 0 0 0 0 0 0 0 11 0 11 0 0 0 0 0 0 0 0 0 0 0 11 0 0 0 11 0 0 11 
11 0 0 0 11 0 0 0 0 0 0 0 11 11 0 0 0 0 0 11 0 0 0 0 0 0 0 0 0 11 0 11 0 11 
11 11 11 11 11 11 11 11 11 11 11 11 11 11 11 11 11 11 11 11 11 11 11 11 11 11 11 11 11 11 11 11 11 11 

13478
11 11 11 11 11 11 11 11 11 11 11 11 11 11 11 11 11 11 11 11 11 11 11 11 11 11 11 11 11 11 11 11 11 11 
11 11 0 0 0 0 0 11 0 11 0 0 11 0 0 0 0 0 0 0 11 0 11 0 0 0 0 0 0 0 0 0 11 11 
11 0 0 0 11 0 0 0 0 0 0 0 0 0 0 0 11 0 0 11 0 0 0 0 0 0 11 0 11 0 0 0 0 11 
11 0 11 0 11 11 0 0 0 0 0 11 0 0 0 0 0 0 0 11 0 11 11 14 11 0 0 0 11 0 0 0 0 11 
11 0 0 11 0 11 0 0 0 0 0 11 0 0 0 11 0 0 0 0 0 0 0 0 0 11 11 0 0 0 0 0 11 11 
11 0 0 11 0 0 0 0 0 0 0 11 0 0 0 0 11 0 0 0 0 11 0 0 0 0 0 0 0 0 0 0 0 11 
11 0 0 11 0 0 11 0 0 0 0 0 0 11 0 11 0 0 0 0 11 0 0 0 0 0 0 11 11 0 11 0 0 11 
11 0 0 0 11 14 0 0 0 0 0 11 0 0 11 11 0 11 0 0 11 15 0 11 11 0 0 0 0 0 0 0 0 11 
11 11 11 0 0 15 0 0 0 0 0 0 0 11 0 0 0 0 15 0 0 0 11 0 0 0 0 11 0 0 11 0 11 11 
11 0 0 0 0 0 0 11 0 0 0 0 0 0 0 0 0 0 0 0 0 0 0 0 0 0 0 0 0 0 0 0 0 11 
11 0 0 0 0 0 0 0 0 0 11 0 0 0 0 0 0 0 0 11 0 0 0 11 15 0 0 0 0 0 0 0 11 11 
11 0 0 11 11 11 0 0 0 11 0 0 0 0 0 0 0 0 0 15 11 0 0 0 11 0 0 0 0 0 11 0 0 11 
11 0 11 0 0 0 0 0 0 0 0 0 0 0 0 0 11 0 0 11 0 0 0 0 0 0 0 0 11 0 0 11 0 11 
11 0 0 0 0 0 0 0 11 0 0 0 0 0 0 0 0 11 0 0 0 0 0 0 11 0 0 0 11 0 0 0 0 11 
11 0 0 0 0 0 0 0 0 0 11 11 0 11 0 0 0 0 11 11 0 0 0 0 11 0 0 11 0 0 0 0 0 11 
11 11 11 0 11 0 0 0 0 0 0 11 11 11 0 11 0 0 11 14 0 0 0 0 0 0 0 0 0 0 0 11 11 11 
11 0 11 0 0 0 0 0 0 0 0 0 0 0 0 0 11 0 0 0 11 0 11 0 0 0 0 0 0 0 0 0 0 11 
11 0 11 0 0 0 0 0 0 0 0 0 11 0 11 0 0 0 0 0 0 0 0 0 0 0 11 0 0 0 11 0 0 11 
11 0 0 0 11 0 0 0 0 0 0 0 11 11 0 0 0 0 0 11 0 0 0 0 0 0 0 0 0 11 0 11 0 11 
11 11 11 11 11 11 11 11 11 11 11 11 11 11 11 11 11 11 11 11 11 11 11 11 11 11 11 11 11 11 11 11 11 11 

13478
11 11 11 11 11 11 11 11 11 11 11 11 11 11 11 11 11 11 11 11 11 11 11 11 11 11 11 11 11 11 11 11 11 11 
11 11 0 0 0 0 0 11 0 11 0 0 11 0 0 0 0 0 0 0 11 0 11 0 0 0 0 0 0 0 0 0 11 11 
11 0 0 0 11 0 0 0 0 0 0 0 0 0 0 0 11 0 0 11 0 0 0 0 0 0 11 0 11 0 0 0 0 11 
11 0 11 0 11 11 0 0 0 0 0 11 0 0 0 0 0 0 0 11 0 11 11 14 11 0 0 0 11 0 0 0 0 11 
11 0 0 11 0 11 0 0 0 0 0 11 0 0 0 11 0 0 0 0 0 0 0 0 0 11 11 0 0 0 0 0 11 11 
11 0 0 11 0 0 0 0 0 0 0 11 0 0 0 0 11 0 0 0 0 11 0 0 0 0 0 0 0 0 0 0 0 11 
11 0 0 11 0 0 11 0 0 0 0 0 0 11 0 11 0 0 0 0 11 0 0 0 0 0 0 11 11 0 11 0 0 11 
11 0 0 0 11 14 0 0 0 0 0 11 0 0 11 11 0 11 0 0 11 15 0 11 11 0 0 0 0 0 0 0 0 11 
11 11 11 0 0 15 0 0 0 0 0 0 0 11 0 0 0 0 15 0 0 0 11 0 0 0 0 11 0 0 11 0 11 11 
11 0 0 0 0 0 0 11 0 0 0 0 0 0 0 0 0 0 0 0 0 0 0 0 0 0 0 0 0 0 0 0 0 11 
11 0 0 0 0 0 0 0 0 0 11 0 0 0 0 0 0 0 0 11 0 0 0 11 15 0 0 0 0 0 0 0 11 11 
11 0 0 11 11 11 0 0 0 11 0 0 0 0 0 0 0 0 0 15 11 0 0 0 11 0 0 0 0 0 11 0 0 11 
11 0 11 0 0 0 0 0 0 0 0 0 0 0 0 0 11 0 0 11 0 0 0 0 0 0 0 0 11 0 0 11 0 11 
11 0 0 0 0 0 0 0 11 0 0 0 0 0 0 0 0 11 0 0 0 0 0 0 11 0 0 0 11 0 0 0 0 11 
11 0 0 0 0 0 0 0 0 0 11 11 0 11 0 0 0 0 11 11 0 0 0 0 11 0 0 11 0 0 0 0 0 11 
11 11 11 0 11 0 0 0 0 0 0 11 11 11 0 11 0 0 11 14 0 0 0 0 0 0 0 0 0 0 0 11 11 11 
11 0 11 0 0 0 0 0 0 0 0 0 0 0 0 0 11 0 0 0 11 0 11 0 0 0 0 0 0 0 0 0 0 11 
11 0 11 0 0 0 0 0 0 0 0 0 11 0 11 0 0 0 0 0 0 0 0 0 0 0 11 0 0 0 11 0 0 11 
11 0 0 0 11 0 0 0 0 0 0 0 11 11 0 0 0 0 0 11 0 0 0 0 0 0 0 0 0 11 0 11 0 11 
11 11 11 11 11 11 11 11 11 11 11 11 11 11 11 11 11 11 11 11 11 11 11 11 11 11 11 11 11 11 11 11 11 11 

13540
11 11 11 11 11 11 11 11 11 11 11 11 11 11 11 11 11 11 11 11 11 11 11 11 11 11 11 11 11 11 11 11 11 11 
11 11 0 0 0 0 0 11 0 11 0 0 11 0 0 0 0 0 0 0 11 0 11 0 0 0 0 0 0 0 0 0 11 11 
11 0 0 0 11 0 0 0 0 0 0 0 0 0 0 0 11 0 0 11 0 0 0 0 0 0 11 0 11 0 0 0 0 11 
11 0 11 0 11 11 0 0 0 0 0 11 0 0 0 0 0 0 0 11 0 11 11 15 0 0 0 0 11 0 0 0 0 11 
11 0 0 11 0 11 0 0 0 0 0 11 0 0 0 11 0 0 0 0 0 0 0 0 0 11 11 0 0 0 0 0 11 11 
11 0 0 11 0 0 0 0 0 0 0 11 0 0 0 0 11 0 0 0 0 11 15 0 0 0 0 0 0 0 0 0 0 11 
11 0 0 11 0 11 11 0 15 11 0 0 0 11 0 11 0 0 0 0 11 0 0 0 0 0 0 11 11 0 11 0 0 11 
11 0 0 0 11 0 0 0 15 0 0 11 0 0 11 11 0 11 0 0 11 0 0 11 11 0 0 0 0 0 0 0 0 11 
11 11 11 0 0 0 0 0 0 0 0 0 0 11 0 0 0 0 0 0 0 11 11 0 0 0 0 11 0 0 0 0 0 11 
11 0 0 0 0 0 0 11 0 0 0 0 0 0 0 0 0 0 0 0 0 0 0 0 0 11 0 0 0 0 0 0 0 11 
11 0 0 0 0 0 11 0 0 0 11 0 0 0 0 0 0 0 0 11 15 0 0 11 15 0 0 0 0 0 0 0 11 11 
11 0 0 11 11 11 0 0 0 11 0 0 0 0 0 0 0 0 0 0 0 15 0 0 11 0 0 0 0 0 11 0 0 11 
11 0 11 0 0 0 0 0 0 0 0 0 0 0 0 0 11 0 0 11 0 0 0 0 0 0 0 0 11 0 0 11 0 11 
11 0 0 0 0 0 0 0 11 0 0 0 0 0 0 0 0 11 0 0 0 0 0 0 11 0 0 0 0 0 0 0 0 11 
11 0 0 0 0 0 0 0 0 0 11 11 0 11 0 0 0 0 11 11 0 0 0 0 11 0 0 11 0 0 0 0 0 11 
11 11 11 0 11 0 0 0 0 0 0 11 11 11 0 11 0 0 11 0 0 0 0 0 0 0 0 0 0 0 0 11 11 11 
11 0 11 0 0 0 0 0 0 0 0 0 0 0 0 0 11 0 0 0 11 0 11 0 0 0 0 0 0 0 0 0 0 11 
11 0 0 0 0 11 0 0 0 0 0 0 11 0 11 0 0 0 0 0 0 0 0 0 0 0 11 0 0 0 11 0 0 11 
11 0 0 0 11 0 0 0 0 0 0 0 11 11 0 0 0 0 0 11 0 0 0 0 0 0 0 0 0 11 0 11 0 11 
11 11 11 11 11 11 11 11 11 11 11 11 11 11 11 11 11 11 11 11 11 11 11 11 11 11 11 11 11 11 11 11 11 11 

13532
11 11 11 11 11 11 11 11 11 11 11 11 11 11 11 11 11 11 11 11 11 11 11 11 11 11 11 11 11 11 11 11 11 11 
11 11 0 0 0 0 0 11 0 11 0 0 11 0 0 0 0 0 0 0 11 0 11 0 0 0 0 0 0 0 0 0 11 11 
11 0 0 0 11 0 0 0 0 0 0 0 0 0 0 0 11 0 0 11 0 0 0 0 0 0 11 0 11 0 0 0 0 11 
11 0 11 0 11 11 0 0 0 0 0 11 0 0 0 0 0 0 0 11 0 11 11 0 0 0 0 0 11 0 0 0 0 11 
11 0 0 11 0 11 0 0 0 0 0 11 0 0 0 11 0 0 0 0 0 0 15 0 0 11 11 0 0 0 0 0 11 11 
11 0 0 11 0 0 0 0 0 0 0 11 0 0 0 0 11 0 0 0 0 11 15 0 0 0 0 0 0 0 0 0 0 11 
11 0 0 11 0 11 11 0 0 11 0 0 0 11 0 11 0 0 0 0 11 0 0 0 0 0 0 11 11 0 11 0 0 11 
11 0 0 0 11 0 0 0 0 0 0 11 0 0 11 11 0 11 0 0 11 0 0 11 11 0 0 0 0 0 0 0 0 11 
11 11 11 0 15 0 0 0 0 0 0 0 0 11 0 0 0 0 0 0 0 11 11 0 0 0 0 11 0 0 0 0 0 11 
11 0 0 0 0 0 0 11 0 0 0 0 0 0 0 0 0 0 0 0 0 0 0 0 15 11 0 0 0 0 0 0 0 11 
11 0 0 0 0 0 11 0 0 0 11 0 0 0 0 0 0 0 0 11 0 15 0 11 0 0 0 0 0 0 0 0 11 11 
11 0 0 11 11 11 0 0 0 11 0 0 0 0 0 0 0 0 0 15 0 0 0 0 11 0 0 0 0 0 11 0 0 11 
11 0 11 0 0 0 0 12 0 0 0 0 0 0 0 0 11 0 0 11 0 0 0 0 0 0 0 0 11 0 0 11 0 11 
11 0 0 0 0 0 0 0 11 0 0 0 0 0 0 0 0 11 0 0 0 0 0 0 11 0 0 0 0 0 0 0 0 11 
11 0 0 0 0 0 0 0 0 0 11 11 0 11 0 0 0 0 11 11 0 0 0 0 11 0 0 11 0 0 0 0 0 11 
11 11 11 0 11 0 0 0 0 0 0 11 11 11 0 11 0 0 11 0 0 0 0 0 0 0 0 0 0 0 0 11 11 11 
11 0 11 0 0 0 0 0 0 0 0 0 0 0 0 0 11 0 0 0 11 0 11 0 0 0 0 0 0 0 0 0 0 11 
11 0 0 0 0 11 0 0 0 0 0 0 11 0 11 0 0 0 0 0 0 0 0 0 0 0 11 0 0 0 11 0 0 11 
11 0 0 0 11 0 0 0 0 0 0 0 11 11 0 0 0 0 0 11 0 0 0 0 0 0 0 0 0 11 0 11 0 11 
11 11 11 11 11 11 11 11 11 11 11 11 11 11 11 11 11 11 11 11 11 11 11 11 11 11 11 11 11 11 11 11 11 11 

13514
11 11 11 11 11 11 11 11 11 11 11 11 11 11 11 11 11 11 11 11 11 11 11 11 11 11 11 11 11 11 11 11 11 11 
11 11 0 0 0 0 0 11 0 11 0 0 11 0 0 0 0 0 0 0 11 0 11 0 0 0 0 0 0 0 0 0 11 11 
11 0 0 0 11 0 0 0 0 0 0 0 0 0 0 0 11 0 0 11 0 0 0 0 0 0 11 0 11 0 0 0 0 11 
11 0 11 0 11 11 0 0 0 0 0 11 0 0 0 0 0 0 0 11 0 11 11 0 0 0 0 0 11 0 0 0 0 11 
11 0 0 11 0 11 0 0 0 0 0 11 0 0 0 11 0 0 0 0 0 0 0 0 0 11 11 0 0 0 0 0 11 11 
11 0 0 11 0 0 0 0 0 0 0 11 0 0 0 0 11 0 0 0 14 11 15 0 0 0 0 0 0 0 0 0 0 11 
11 0 0 11 0 11 11 0 0 11 0 0 0 11 0 11 0 0 0 0 11 0 0 0 0 0 0 11 11 0 11 0 0 11 
11 0 0 0 11 15 0 0 0 0 0 11 0 0 11 11 0 11 0 0 11 0 0 11 11 0 0 0 0 0 0 0 0 11 
11 11 11 0 14 0 0 0 0 0 0 0 0 11 0 0 0 0 0 0 0 11 11 0 0 0 0 11 0 0 0 0 0 11 
11 0 0 0 0 0 0 11 0 0 0 0 0 0 0 0 0 0 0 0 0 0 0 15 0 11 0 0 0 0 0 0 0 11 
11 0 0 0 0 0 11 0 0 0 11 0 0 0 0 0 0 0 0 11 0 0 0 11 0 0 0 0 0 0 0 0 11 11 
11 0 0 11 11 11 0 0 0 11 0 0 0 0 0 0 0 0 0 15 15 0 0 0 11 0 0 0 0 0 11 0 0 11 
11 0 11 0 0 0 0 0 0 0 0 0 0 0 0 0 11 0 0 11 0 0 0 0 0 0 0 0 11 0 0 11 0 11 
11 0 0 0 0 0 0 0 11 0 0 0 0 0 0 0 0 11 0 0 0 0 0 0 11 0 0 0 0 0 0 0 0 11 
11 0 0 0 0 0 0 0 0 0 11 11 0 11 0 0 0 0 11 11 0 0 0 0 11 0 0 11 0 0 0 0 0 11 
11 11 11 0 11 0 0 0 0 0 0 11 11 11 0 11 0 0 11 0 0 0 0 0 0 0 0 0 0 0 0 11 11 11 
11 0 11 0 0 0 0 0 0 0 0 0 0 0 0 0 11 0 0 0 11 0 11 0 0 0 0 0 0 0 0 0 0 11 
11 0 0 0 0 11 0 0 0 0 0 0 11 0 11 0 0 0 0 0 0 0 0 0 0 0 11 0 0 0 11 0 0 11 
11 0 0 0 11 0 0 0 0 0 0 0 11 11 0 0 0 0 0 11 0 0 0 0 0 0 0 0 0 11 0 11 0 11 
11 11 11 11 11 11 11 11 11 11 11 11 11 11 11 11 11 11 11 11 11 11 11 11 11 11 11 11 11 11 11 11 11 11 

13514
11 11 11 11 11 11 11 11 11 11 11 11 11 11 11 11 11 11 11 11 11 11 11 11 11 11 11 11 11 11 11 11 11 11 
11 11 0 0 0 0 0 11 0 11 0 0 11 0 0 0 0 0 0 0 11 0 11 0 0 0 0 0 0 0 0 0 11 11 
11 0 0 0 11 0 0 0 0 0 0 0 0 0 0 0 11 0 0 11 0 0 0 0 0 0 11 0 11 0 0 0 0 11 
11 0 11 0 11 11 0 0 0 0 0 11 0 0 0 0 0 0 0 11 0 11 11 0 0 0 0 0 11 0 0 0 0 11 
11 0 0 11 0 11 0 0 0 0 0 11 0 0 0 11 0 0 0 0 0 0 0 0 0 11 11 0 0 0 0 0 11 11 
11 0 0 11 0 0 0 0 0 0 0 11 0 0 0 0 11 0 0 0 14 11 15 0 0 0 0 0 0 0 0 0 0 11 
11 0 0 11 0 11 11 0 0 11 0 0 0 11 0 11 0 0 0 0 11 0 0 0 0 0 0 11 11 0 11 0 0 11 
11 0 0 0 11 15 0 0 0 0 0 11 0 0 11 11 0 11 0 0 11 0 0 11 11 0 0 0 0 0 0 0 0 11 
11 11 11 0 14 0 0 0 0 0 0 0 0 11 0 0 0 0 0 0 0 11 11 0 0 0 0 11 0 0 0 0 0 11 
11 0 0 0 0 0 0 11 0 0 0 0 0 0 0 0 0 0 0 0 0 0 0 15 0 11 0 0 0 0 0 0 0 11 
11 0 0 0 0 0 11 0 0 0 11 0 0 0 0 0 0 0 0 11 0 0 0 11 0 0 0 0 0 0 0 0 11 11 
11 0 0 11 11 11 0 0 0 11 0 0 0 0 0 0 0 0 0 15 15 0 0 0 11 0 0 0 0 0 11 0 0 11 
11 0 11 0 0 0 0 0 0 0 0 0 0 0 0 0 11 0 0 11 0 0 0 0 0 0 0 0 11 0 0 11 0 11 
11 0 0 0 0 0 0 0 11 0 0 0 0 0 0 0 0 11 0 0 0 0 0 0 11 0 0 0 0 0 0 0 0 11 
11 0 0 0 0 0 0 0 0 0 11 11 0 11 0 0 0 0 11 11 0 0 0 0 11 0 0 11 0 0 0 0 0 11 
11 11 11 0 11 0 0 0 0 0 0 11 11 11 0 11 0 0 11 0 0 0 0 0 0 0 0 0 0 0 0 11 11 11 
11 0 11 0 0 0 0 0 0 0 0 0 0 0 0 0 11 0 0 0 11 0 11 0 0 0 0 0 0 0 0 0 0 11 
11 0 0 0 0 11 0 0 0 0 0 0 11 0 11 0 0 0 0 0 0 0 0 0 0 0 11 0 0 0 11 0 0 11 
11 0 0 0 11 0 0 0 0 0 0 0 11 11 0 0 0 0 0 11 0 0 0 0 0 0 0 0 0 11 0 11 0 11 
11 11 11 11 11 11 11 11 11 11 11 11 11 11 11 11 11 11 11 11 11 11 11 11 11 11 11 11 11 11 11 11 11 11 

13514
11 11 11 11 11 11 11 11 11 11 11 11 11 11 11 11 11 11 11 11 11 11 11 11 11 11 11 11 11 11 11 11 11 11 
11 11 0 0 0 0 0 11 0 11 0 0 11 0 0 0 0 0 0 0 11 0 11 0 0 0 0 0 0 0 0 0 11 11 
11 0 0 0 11 0 0 0 0 0 0 0 0 0 0 0 11 0 0 11 0 0 0 0 0 0 11 0 11 0 0 0 0 11 
11 0 11 0 11 11 0 0 0 0 0 11 0 0 0 0 0 0 0 11 0 11 11 0 0 0 0 0 11 0 0 0 0 11 
11 0 0 11 0 11 0 0 0 0 0 11 0 0 0 11 0 0 0 0 0 0 0 0 0 11 11 0 0 0 0 0 11 11 
11 0 0 11 0 0 0 0 0 0 0 11 0 0 0 0 11 0 0 0 14 11 15 0 0 0 0 0 0 0 0 0 0 11 
11 0 0 11 0 11 11 0 0 11 0 0 0 11 0 11 0 0 0 0 11 0 0 0 0 0 0 11 11 0 11 0 0 11 
11 0 0 0 11 15 0 0 0 0 0 11 0 0 11 11 0 11 0 0 11 0 0 11 11 0 0 0 0 0 0 0 0 11 
11 11 11 0 14 0 0 0 0 0 0 0 0 11 0 0 0 0 0 0 0 11 11 0 0 0 0 11 0 0 0 0 0 11 
11 0 0 0 0 0 0 11 0 0 0 0 0 0 0 0 0 0 0 0 0 0 0 15 0 11 0 0 0 0 0 0 0 11 
11 0 0 0 0 0 11 0 0 0 11 0 0 0 0 0 0 0 0 11 0 0 0 11 0 0 0 0 0 0 0 0 11 11 
11 0 0 11 11 11 0 0 0 11 0 0 0 0 0 0 0 0 0 15 15 0 0 0 11 0 0 0 0 0 11 0 0 11 
11 0 11 0 0 0 0 0 0 0 0 0 0 0 0 0 11 0 0 11 0 0 0 0 0 0 0 0 11 0 0 11 0 11 
11 0 0 0 0 0 0 0 11 0 0 0 0 0 0 0 0 11 0 0 0 0 0 0 11 0 0 0 0 0 0 0 0 11 
11 0 0 0 0 0 0 0 0 0 11 11 0 11 0 0 0 0 11 11 0 0 0 0 11 0 0 11 0 0 0 0 0 11 
11 11 11 0 11 0 0 0 0 0 0 11 11 11 0 11 0 0 11 0 0 0 0 0 0 0 0 0 0 0 0 11 11 11 
11 0 11 0 0 0 0 0 0 0 0 0 0 0 0 0 11 0 0 0 11 0 11 0 0 0 0 0 0 0 0 0 0 11 
11 0 0 0 0 11 0 0 0 0 0 0 11 0 11 0 0 0 0 0 0 0 0 0 0 0 11 0 0 0 11 0 0 11 
11 0 0 0 11 0 0 0 0 0 0 0 11 11 0 0 0 0 0 11 0 0 0 0 0 0 0 0 0 11 0 11 0 11 
11 11 11 11 11 11 11 11 11 11 11 11 11 11 11 11 11 11 11 11 11 11 11 11 11 11 11 11 11 11 11 11 11 11 

13548
11 11 11 11 11 11 11 11 11 11 11 11 11 11 11 11 11 11 11 11 11 11 11 11 11 11 11 11 11 11 11 11 11 11 
11 11 0 0 0 0 0 11 0 11 0 0 11 0 0 0 0 0 0 0 11 0 11 0 0 0 0 0 0 0 0 0 11 11 
11 0 0 0 11 0 0 0 0 0 0 0 0 0 0 0 11 0 0 11 0 0 0 0 0 0 11 0 11 0 0 0 0 11 
11 0 11 0 11 11 0 0 0 0 0 0 0 0 0 0 0 0 0 11 0 11 11 0 11 0 0 0 11 0 0 0 0 11 
11 0 0 11 0 11 0 0 0 0 0 11 0 0 0 11 0 0 0 0 0 0 15 0 0 11 11 0 0 0 0 0 11 11 
11 0 0 11 0 0 0 0 0 0 0 11 0 0 0 0 11 0 0 0 0 11 15 0 0 0 0 0 0 0 0 0 0 11 
11 0 0 11 0 11 11 0 0 11 0 0 0 11 0 11 0 0 0 0 11 0 0 0 0 0 0 11 11 0 11 0 0 11 
11 0 15 0 11 0 0 0 0 0 0 11 0 0 11 11 0 11 0 0 11 0 0 11 11 0 0 0 0 0 0 0 0 11 
11 11 11 0 0 0 15 0 0 0 0 0 0 0 0 0 0 0 0 0 0 11 11 0 0 0 0 11 0 0 11 0 11 11 
11 0 0 0 0 0 0 0 0 0 0 0 0 0 0 0 0 0 0 0 0 0 0 0 0 0 0 0 0 0 0 0 0 11 
11 0 0 0 0 0 0 0 0 0 11 0 0 0 0 0 0 0 0 11 15 0 15 11 0 15 0 0 0 0 0 0 11 11 
11 0 0 11 11 11 0 0 0 11 0 0 0 0 0 0 0 0 0 0 11 0 0 0 11 0 0 0 0 0 11 0 0 11 
11 0 11 0 0 0 0 0 0 0 0 0 0 0 0 0 11 0 0 11 0 0 0 0 0 0 0 0 11 0 0 11 0 11 
11 0 0 0 0 0 0 0 11 0 0 0 0 0 0 0 0 11 0 0 0 0 0 0 11 0 0 0 11 0 0 0 0 11 
11 0 0 0 0 0 0 0 0 0 11 11 0 11 0 0 0 0 11 11 0 0 0 0 11 0 0 11 0 0 0 0 0 11 
11 11 11 0 11 0 0 0 0 0 0 11 11 11 0 11 0 0 11 0 0 0 0 0 0 0 0 0 0 0 0 11 11 11 
11 0 11 0 0 0 0 0 0 0 0 0 0 0 0 0 11 0 0 0 11 0 11 0 0 0 0 0 0 0 0 0 0 11 
11 0 11 0 0 0 0 0 0 0 0 0 11 0 11 0 0 0 0 0 0 0 0 0 0 0 11 0 0 0 11 0 0 11 
11 0 0 0 11 0 0 0 0 0 0 0 11 11 0 0 0 0 0 11 0 0 0 0 0 0 0 0 0 11 0 11 0 11 
11 11 11 11 11 11 11 11 11 11 11 11 11 11 11 11 11 11 11 11 11 11 11 11 11 11 11 11 11 11 11 11 11 11 

13542
11 11 11 11 11 11 11 11 11 11 11 11 11 11 11 11 11 11 11 11 11 11 11 11 11 11 11 11 11 11 11 11 11 11 
11 11 0 0 0 0 0 11 0 11 0 0 11 0 0 0 0 0 0 0 11 0 11 0 0 0 0 0 0 0 0 0 11 11 
11 0 0 0 11 0 0 0 0 0 0 0 0 0 0 0 11 0 0 11 0 0 0 0 0 0 11 0 11 0 0 0 0 11 
11 0 11 0 11 11 0 0 0 0 0 0 0 0 0 0 0 0 0 11 0 11 11 0 11 0 0 0 11 0 0 0 0 11 
11 0 0 11 0 11 0 0 0 0 0 11 0 0 0 11 0 0 0 0 0 0 15 0 0 11 11 0 0 0 0 0 11 11 
11 0 0 11 0 0 0 0 0 0 0 11 0 0 0 0 11 0 0 0 0 11 0 0 0 0 0 0 0 0 0 0 0 11 
11 0 0 11 0 11 11 0 0 11 0 0 0 11 0 11 0 0 0 0 11 0 0 15 0 0 0 11 11 0 11 0 0 11 
11 0 0 14 11 0 15 0 0 0 0 11 0 0 11 11 0 11 0 0 11 0 0 11 11 0 0 0 0 0 0 0 0 11 
11 11 11 0 0 0 0 0 0 0 0 0 0 0 0 0 0 0 0 0 0 11 11 0 0 0 0 11 0 0 11 0 11 11 
11 0 0 0 0 0 0 0 0 0 0 0 0 0 0 0 0 0 0 0 0 0 0 0 0 0 0 0 0 0 0 0 0 11 
11 0 0 0 0 0 0 0 0 0 11 0 0 0 0 0 0 0 0 11 15 0 0 11 15 0 0 0 0 0 0 0 11 11 
11 0 0 11 11 11 0 0 0 11 0 0 0 0 0 0 0 0 0 0 11 0 0 0 11 0 0 0 0 0 11 0 0 11 
11 0 11 0 0 0 0 0 0 0 0 0 0 0 0 0 11 0 0 11 0 0 15 0 0 0 0 0 11 0 0 11 0 11 
11 0 0 0 0 0 0 0 11 0 0 0 0 0 0 0 0 11 0 0 0 0 0 0 11 0 0 0 11 0 0 0 0 11 
11 0 0 0 0 0 0 0 0 0 11 11 0 11 0 0 0 0 11 11 0 0 0 0 11 0 0 11 0 0 0 0 0 11 
11 11 11 0 11 0 0 0 0 0 0 11 11 11 0 11 0 0 11 0 0 0 0 0 0 0 0 0 0 0 0 11 11 11 
11 0 11 0 0 0 0 0 0 0 0 0 0 0 0 0 11 0 0 0 11 0 11 0 0 0 0 0 0 0 0 0 0 11 
11 0 11 0 0 0 0 0 0 0 0 0 11 0 11 0 0 0 0 0 0 0 0 0 0 0 11 0 0 0 11 0 0 11 
11 0 0 0 11 0 0 0 0 0 0 0 11 11 0 0 0 0 0 11 0 0 0 0 0 0 0 0 0 11 0 11 0 11 
11 11 11 11 11 11 11 11 11 11 11 11 11 11 11 11 11 11 11 11 11 11 11 11 11 11 11 11 11 11 11 11 11 11 

13536
11 11 11 11 11 11 11 11 11 11 11 11 11 11 11 11 11 11 11 11 11 11 11 11 11 11 11 11 11 11 11 11 11 11 
11 11 0 0 0 0 0 11 0 11 0 0 11 0 0 0 0 0 0 0 11 0 11 0 0 0 0 0 0 0 0 0 11 11 
11 0 0 0 11 0 0 0 0 0 0 0 0 0 0 0 11 0 0 11 0 0 0 0 0 0 11 0 11 0 0 0 0 11 
11 0 11 0 11 11 0 0 0 0 0 0 0 0 0 0 0 0 0 11 0 11 11 0 11 0 0 0 11 0 0 0 0 11 
11 0 0 11 0 11 0 0 0 0 0 11 0 0 0 11 0 0 0 0 0 0 0 15 0 11 11 0 0 0 0 0 11 11 
11 0 0 11 0 0 0 0 0 0 0 11 0 0 0 0 11 0 0 0 0 11 0 0 0 0 0 0 0 0 0 0 0 11 
11 0 0 11 0 11 11 0 15 11 0 0 0 11 0 11 0 0 0 0 11 0 0 15 0 0 0 11 11 0 11 0 0 11 
11 0 0 0 11 0 0 0 0 0 0 11 0 0 11 11 0 11 0 0 11 0 0 11 11 0 0 0 0 0 0 0 0 11 
11 11 11 0 0 0 0 15 0 0 0 0 0 0 0 0 0 0 0 0 0 11 11 0 0 0 0 11 0 0 11 0 11 11 
11 0 0 0 0 0 0 0 0 0 0 0 0 0 0 0 0 0 0 0 0 0 0 0 15 0 0 0 0 0 0 0 0 11 
11 0 0 0 0 0 0 0 0 0 11 0 0 0 0 0 0 0 0 11 0 0 0 11 0 0 0 0 0 0 0 0 11 11 
11 0 0 11 11 11 0 0 0 11 0 0 0 0 0 0 0 0 0 0 11 0 0 0 11 0 0 0 0 0 11 0 0 11 
11 0 11 0 0 0 0 0 0 0 0 0 0 0 0 0 11 0 15 11 0 0 0 0 0 0 0 0 11 0 0 11 0 11 
11 0 0 0 0 0 0 0 11 0 0 0 0 0 0 0 0 11 0 0 0 0 15 0 11 0 0 0 11 0 0 0 0 11 
11 0 0 0 0 0 0 0 0 0 11 11 0 11 0 0 0 0 11 11 0 0 0 0 11 0 0 11 0 0 0 0 0 11 
11 11 11 0 11 0 0 0 0 0 0 11 11 11 0 11 0 0 11 0 0 0 0 0 0 0 0 0 0 0 0 11 11 11 
11 0 11 0 0 0 0 0 0 0 0 0 0 0 0 0 11 0 0 0 11 0 11 0 0 0 0 0 0 0 0 0 0 11 
11 0 11 0 0 0 0 0 0 0 0 0 11 0 11 0 0 0 0 0 0 0 0 0 0 0 11 0 0 0 11 0 0 11 
11 0 0 0 11 0 0 0 0 0 0 0 11 11 0 0 0 0 0 11 0 0 0 0 0 0 0 0 0 11 0 11 0 11 
11 11 11 11 11 11 11 11 11 11 11 11 11 11 11 11 11 11 11 11 11 11 11 11 11 11 11 11 11 11 11 11 11 11 

13536
11 11 11 11 11 11 11 11 11 11 11 11 11 11 11 11 11 11 11 11 11 11 11 11 11 11 11 11 11 11 11 11 11 11 
11 11 0 0 0 0 0 11 0 11 0 0 11 0 0 0 0 0 0 0 11 0 11 0 0 0 0 0 0 0 0 0 11 11 
11 0 0 0 11 0 0 0 0 0 0 0 0 0 0 0 11 0 0 11 0 0 0 0 0 0 11 0 11 0 0 0 0 11 
11 0 11 0 11 11 0 0 0 0 0 0 0 0 0 0 0 0 0 11 0 11 11 0 11 0 0 0 11 0 0 0 0 11 
11 0 0 11 0 11 0 0 0 0 0 11 0 0 0 11 0 0 0 0 0 0 0 15 0 11 11 0 0 0 0 0 11 11 
11 0 0 11 0 0 0 0 0 0 0 11 0 0 0 0 11 0 0 0 0 11 0 0 0 0 0 0 0 0 0 0 0 11 
11 0 0 11 0 11 11 0 15 11 0 0 0 11 0 11 0 0 0 0 11 0 0 15 0 0 0 11 11 0 11 0 0 11 
11 0 0 0 11 0 0 0 0 0 0 11 0 0 11 11 0 11 0 0 11 0 0 11 11 0 0 0 0 0 0 0 0 11 
11 11 11 0 0 0 0 15 0 0 0 0 0 0 0 0 0 0 0 0 0 11 11 0 0 0 0 11 0 0 11 0 11 11 
11 0 0 0 0 0 0 0 0 0 0 0 0 0 0 0 0 0 0 0 0 0 0 0 15 0 0 0 0 0 0 0 0 11 
11 0 0 0 0 0 0 0 0 0 11 0 0 0 0 0 0 0 0 11 0 0 0 11 0 0 0 0 0 0 0 0 11 11 
11 0 0 11 11 11 0 0 0 11 0 0 0 0 0 0 0 0 0 0 11 0 0 0 11 0 0 0 0 0 11 0 0 11 
11 0 11 0 0 0 0 0 0 0 0 0 0 0 0 0 11 0 15 11 0 0 0 0 0 0 0 0 11 0 0 11 0 11 
11 0 0 0 0 0 0 0 11 0 0 0 0 0 0 0 0 11 0 0 0 0 15 0 11 0 0 0 11 0 0 0 0 11 
11 0 0 0 0 0 0 0 0 0 11 11 0 11 0 0 0 0 11 11 0 0 0 0 11 0 0 11 0 0 0 0 0 11 
11 11 11 0 11 0 0 0 0 0 0 11 11 11 0 11 0 0 11 0 0 0 0 0 0 0 0 0 0 0 0 11 11 11 
11 0 11 0 0 0 0 0 0 0 0 0 0 0 0 0 11 0 0 0 11 0 11 0 0 0 0 0 0 0 0 0 0 11 
11 0 11 0 0 0 0 0 0 0 0 0 11 0 11 0 0 0 0 0 0 0 0 0 0 0 11 0 0 0 11 0 0 11 
11 0 0 0 11 0 0 0 0 0 0 0 11 11 0 0 0 0 0 11 0 0 0 0 0 0 0 0 0 11 0 11 0 11 
11 11 11 11 11 11 11 11 11 11 11 11 11 11 11 11 11 11 11 11 11 11 11 11 11 11 11 11 11 11 11 11 11 11 

13536
11 11 11 11 11 11 11 11 11 11 11 11 11 11 11 11 11 11 11 11 11 11 11 11 11 11 11 11 11 11 11 11 11 11 
11 11 0 0 0 0 0 11 0 11 0 0 11 0 0 0 0 0 0 0 11 0 11 0 0 0 0 0 0 0 0 0 11 11 
11 0 0 0 11 0 0 0 0 0 0 0 0 0 0 0 11 0 0 11 0 0 0 0 0 0 11 0 11 0 0 0 0 11 
11 0 11 0 11 11 0 0 0 0 0 0 0 0 0 0 0 0 0 11 0 11 11 0 11 0 0 0 11 0 0 0 0 11 
11 0 0 11 0 11 0 0 0 0 0 11 0 0 0 11 0 0 0 0 0 0 0 15 0 11 11 0 0 0 0 0 11 11 
11 0 0 11 0 0 0 0 0 0 0 11 0 0 0 0 11 0 0 0 0 11 0 0 0 0 0 0 0 0 0 0 0 11 
11 0 0 11 0 11 11 0 15 11 0 0 0 11 0 11 0 0 0 0 11 0 0 15 0 0 0 11 11 0 11 0 0 11 
11 0 0 0 11 0 0 0 0 0 0 11 0 0 11 11 0 11 0 0 11 0 0 11 11 0 0 0 0 0 0 0 0 11 
11 11 11 0 0 0 0 15 0 0 0 0 0 0 0 0 0 0 0 0 0 11 11 0 0 0 0 11 0 0 11 0 11 11 
11 0 0 0 0 0 0 0 0 0 0 0 0 0 0 0 0 0 0 0 0 0 0 0 15 0 0 0 0 0 0 0 0 11 
11 0 0 0 0 0 0 0 0 0 11 0 0 0 0 0 0 0 0 11 0 0 0 11 0 0 0 0 0 0 0 0 11 11 
11 0 0 11 11 11 0 0 0 11 0 0 0 0 0 0 0 0 0 0 11 0 0 0 11 0 0 0 0 0 11 0 0 11 
11 0 11 0 0 0 0 0 0 0 0 0 0 0 0 0 11 0 15 11 0 0 0 0 0 0 0 0 11 0 0 11 0 11 
11 0 0 0 0 0 0 0 11 0 0 0 0 0 0 0 0 11 0 0 0 0 15 0 11 0 0 0 11 0 0 0 0 11 
11 0 0 0 0 0 0 0 0 0 11 11 0 11 0 0 0 0 11 11 0 0 0 0 11 0 0 11 0 0 0 0 0 11 
11 11 11 0 11 0 0 0 0 0 0 11 11 11 0 11 0 0 11 0 0 0 0 0 0 0 0 0 0 0 0 11 11 11 
11 0 11 0 0 0 0 0 0 0 0 0 0 0 0 0 11 0 0 0 11 0 11 0 0 0 0 0 0 0 0 0 0 11 
11 0 11 0 0 0 0 0 0 0 0 0 11 0 11 0 0 0 0 0 0 0 0 0 0 0 11 0 0 0 11 0 0 11 
11 0 0 0 11 0 0 0 0 0 0 0 11 11 0 0 0 0 0 11 0 0 0 0 0 0 0 0 0 11 0 11 0 11 
11 11 11 11 11 11 11 11 11 11 11 11 11 11 11 11 11 11 11 11 11 11 11 11 11 11 11 11 11 11 11 11 11 11 

13539
11 11 11 11 11 11 11 11 11 11 11 11 11 11 11 11 11 11 11 11 11 11 11 11 11 11 11 11 11 11 11 11 11 11 
11 11 0 0 0 0 0 11 0 11 0 0 11 0 0 0 0 0 0 0 11 0 11 0 0 0 0 0 0 0 0 0 11 11 
11 0 0 0 11 0 0 0 0 0 0 0 0 0 0 0 11 0 0 11 0 0 0 0 0 0 11 0 11 0 0 0 0 11 
11 0 11 0 11 11 0 0 0 0 0 11 0 0 0 0 0 0 0 11 0 11 11 0 11 0 0 0 11 0 0 0 0 11 
11 0 0 11 0 11 0 0 0 0 0 11 0 0 0 11 0 0 0 0 0 0 0 0 0 11 11 0 0 0 0 0 11 11 
11 0 0 11 0 0 0 0 0 0 0 11 0 0 0 0 11 0 0 0 0 11 15 0 0 0 0 0 0 0 0 0 0 11 
11 0 0 11 0 0 11 15 0 0 0 0 0 11 0 11 0 0 0 0 11 0 0 0 0 11 0 11 11 0 11 0 0 11 
11 0 0 0 11 0 0 0 0 0 0 11 0 0 11 11 0 11 0 0 11 0 0 11 11 0 0 0 0 0 0 0 0 11 
11 11 11 0 0 14 0 0 0 0 0 0 0 0 0 0 0 0 15 0 0 11 11 0 0 0 0 11 0 0 0 0 0 11 
11 0 0 0 0 0 0 11 0 0 0 0 0 0 0 0 0 0 0 0 0 0 0 0 0 11 0 0 0 0 0 0 0 11 
11 0 0 0 0 0 11 0 0 0 11 0 0 0 0 0 0 0 0 11 0 0 0 11 15 0 0 0 0 0 0 0 11 11 
11 0 0 11 11 11 0 0 0 11 0 0 0 0 0 0 0 0 0 0 15 0 0 15 11 0 0 0 0 0 11 0 0 11 
11 0 11 0 0 0 0 0 0 0 0 0 0 0 0 0 11 0 0 11 0 0 0 0 0 0 0 0 11 0 0 11 0 11 
11 0 0 0 0 0 0 0 11 0 0 11 0 0 0 0 0 11 0 0 0 0 0 0 11 0 0 0 0 0 0 0 0 11 
11 0 0 0 0 0 0 0 0 0 11 11 0 11 0 0 0 0 11 11 0 0 0 0 11 0 0 11 0 0 0 0 0 11 
11 11 11 0 11 0 0 0 0 0 0 11 11 11 0 11 0 0 11 0 0 0 0 0 0 0 0 0 0 0 0 11 11 11 
11 0 11 0 0 0 0 0 0 0 11 0 0 0 0 0 11 0 0 0 11 0 11 0 0 0 0 0 0 0 0 0 0 11 
11 0 11 0 0 0 0 0 0 0 0 0 11 0 11 0 0 0 0 0 0 0 0 0 0 0 11 0 0 0 11 0 0 11 
11 0 0 0 11 0 0 0 0 0 0 0 11 11 0 0 0 0 0 11 0 0 0 0 0 0 0 0 0 0 0 11 0 11 
11 11 11 11 11 11 11 11 11 11 11 11 11 11 11 11 11 11 11 11 11 11 11 11 11 11 11 11 11 11 11 11 11 11 

13514
11 11 11 11 11 11 11 11 11 11 11 11 11 11 11 11 11 11 11 11 11 11 11 11 11 11 11 11 11 11 11 11 11 11 
11 11 0 0 0 0 0 11 0 11 0 0 11 0 0 0 0 0 0 0 11 0 11 0 0 0 0 0 0 0 0 0 11 11 
11 0 0 0 11 0 0 0 0 0 0 0 0 0 0 0 11 0 0 11 0 0 0 0 0 0 11 0 11 0 0 0 0 11 
11 0 11 0 11 11 0 0 0 0 0 11 0 0 0 0 0 0 0 11 0 11 11 0 11 0 0 0 11 0 0 0 0 11 
11 0 0 11 0 11 0 0 0 0 0 11 0 0 0 11 0 0 0 0 0 0 0 0 0 11 11 0 0 0 0 0 11 11 
11 0 0 11 0 0 0 0 0 0 0 11 0 0 0 0 11 0 0 0 0 11 0 15 0 0 0 0 0 0 0 0 0 11 
11 0 0 11 0 0 11 0 0 0 0 0 0 11 0 11 0 0 0 0 11 0 0 0 0 11 0 11 11 0 11 0 0 11 
11 15 0 0 11 0 0 0 0 0 0 11 0 0 11 11 0 11 15 0 11 0 0 11 11 0 0 0 0 0 0 0 0 11 
11 11 11 0 0 0 0 0 0 0 0 0 0 0 0 0 0 0 0 0 0 11 11 0 0 0 0 11 0 0 0 0 0 11 
11 0 0 0 0 0 0 11 0 0 0 0 0 0 0 0 0 0 0 0 0 0 0 0 0 11 0 0 0 0 0 0 0 11 
11 0 0 0 0 0 11 0 0 0 11 0 0 0 0 0 0 0 0 11 0 15 0 11 0 15 0 0 0 0 0 0 11 11 
11 0 0 11 11 11 0 0 0 11 0 0 0 0 0 0 0 0 0 0 0 0 0 0 11 0 0 0 0 0 11 0 0 11 
11 0 11 0 0 0 0 0 0 0 0 0 0 0 0 0 11 0 0 11 0 0 0 0 0 0 0 0 11 0 0 11 0 11 
11 0 0 0 0 0 0 0 11 0 0 11 0 15 0 0 0 11 0 0 0 0 0 0 11 0 0 0 0 0 0 0 0 11 
11 0 0 0 0 0 0 0 0 0 11 11 0 11 0 0 0 0 11 11 0 0 0 0 11 0 0 11 0 0 0 0 0 11 
11 11 11 0 11 0 0 0 0 0 0 11 11 11 0 11 0 0 11 0 0 0 0 0 0 0 0 0 0 0 0 11 11 11 
11 0 11 0 0 0 0 0 0 0 11 0 0 0 0 0 11 0 0 0 11 0 11 0 0 0 0 0 0 0 0 0 0 11 
11 0 11 0 0 0 0 0 0 0 0 0 11 0 11 0 0 0 0 0 0 0 0 0 0 0 11 0 0 0 11 0 0 11 
11 0 0 0 11 0 0 0 0 0 0 0 11 11 0 0 0 0 0 11 0 0 0 0 0 0 0 0 0 0 0 11 0 11 
11 11 11 11 11 11 11 11 11 11 11 11 11 11 11 11 11 11 11 11 11 11 11 11 11 11 11 11 11 11 11 11 11 11 

13514
11 11 11 11 11 11 11 11 11 11 11 11 11 11 11 11 11 11 11 11 11 11 11 11 11 11 11 11 11 11 11 11 11 11 
11 11 0 0 0 0 0 11 0 11 0 0 11 0 0 0 0 0 0 0 11 0 11 0 0 0 0 0 0 0 0 0 11 11 
11 0 0 0 11 0 0 0 0 0 0 0 0 0 0 0 11 0 0 11 0 0 0 0 0 0 11 0 11 0 0 0 0 11 
11 0 11 0 11 11 0 0 0 0 0 11 0 0 0 0 0 0 0 11 0 11 11 0 11 0 0 0 11 0 0 0 0 11 
11 0 0 11 0 11 0 0 0 0 0 11 0 0 0 11 0 0 0 0 0 0 0 0 0 11 11 0 0 0 0 0 11 11 
11 0 0 11 0 0 0 0 0 0 0 11 0 0 0 0 11 0 0 0 0 11 0 15 0 0 0 0 0 0 0 0 0 11 
11 0 0 11 0 0 11 0 0 0 0 0 0 11 0 11 0 0 0 0 11 0 0 0 0 11 0 11 11 0 11 0 0 11 
11 15 0 0 11 0 0 0 0 0 0 11 0 0 11 11 0 11 15 0 11 0 0 11 11 0 0 0 0 0 0 0 0 11 
11 11 11 0 0 0 0 0 0 0 0 0 0 0 0 0 0 0 0 0 0 11 11 0 0 0 0 11 0 0 0 0 0 11 
11 0 0 0 0 0 0 11 0 0 0 0 0 0 0 0 0 0 0 0 0 0 0 0 0 11 0 0 0 0 0 0 0 11 
11 0 0 0 0 0 11 0 0 0 11 0 0 0 0 0 0 0 0 11 0 15 0 11 0 15 0 0 0 0 0 0 11 11 
11 0 0 11 11 11 0 0 0 11 0 0 0 0 0 0 0 0 0 0 0 0 0 0 11 0 0 0 0 0 11 0 0 11 
11 0 11 0 0 0 0 0 0 0 0 0 0 0 0 0 11 0 0 11 0 0 0 0 0 0 0 0 11 0 0 11 0 11 
11 0 0 0 0 0 0 0 11 0 0 11 0 15 0 0 0 11 0 0 0 0 0 0 11 0 0 0 0 0 0 0 0 11 
11 0 0 0 0 0 0 0 0 0 11 11 0 11 0 0 0 0 11 11 0 0 0 0 11 0 0 11 0 0 0 0 0 11 
11 11 11 0 11 0 0 0 0 0 0 11 11 11 0 11 0 0 11 0 0 0 0 0 0 0 0 0 0 0 0 11 11 11 
11 0 11 0 0 0 0 0 0 0 11 0 0 0 0 0 11 0 0 0 11 0 11 0 0 0 0 0 0 0 0 0 0 11 
11 0 11 0 0 0 0 0 0 0 0 0 11 0 11 0 0 0 0 0 0 0 0 0 0 0 11 0 0 0 11 0 0 11 
11 0 0 0 11 0 0 0 0 0 0 0 11 11 0 0 0 0 0 11 0 0 0 0 0 0 0 0 0 0 0 11 0 11 
11 11 11 11 11 11 11 11 11 11 11 11 11 11 11 11 11 11 11 11 11 11 11 11 11 11 11 11 11 11 11 11 11 11 

13514
11 11 11 11 11 11 11 11 11 11 11 11 11 11 11 11 11 11 11 11 11 11 11 11 11 11 11 11 11 11 11 11 11 11 
11 11 0 0 0 0 0 11 0 11 0 0 11 0 0 0 0 0 0 0 11 0 11 0 0 0 0 0 0 0 0 0 11 11 
11 0 0 0 11 0 0 0 0 0 0 0 0 0 0 0 11 0 0 11 0 0 0 0 0 0 11 0 11 0 0 0 0 11 
11 0 11 0 11 11 0 0 0 0 0 11 0 0 0 0 0 0 0 11 0 11 11 0 11 0 0 0 11 0 0 0 0 11 
11 0 0 11 0 11 0 0 0 0 0 11 0 0 0 11 0 0 0 0 0 0 0 0 0 11 11 0 0 0 0 0 11 11 
11 0 0 11 0 0 0 0 0 0 0 11 0 0 0 0 11 0 0 0 0 11 0 15 0 0 0 0 0 0 0 0 0 11 
11 0 0 11 0 0 11 0 0 0 0 0 0 11 0 11 0 0 0 0 11 0 0 0 0 11 0 11 11 0 11 0 0 11 
11 15 0 0 11 0 0 0 0 0 0 11 0 0 11 11 0 11 15 0 11 0 0 11 11 0 0 0 0 0 0 0 0 11 
11 11 11 0 0 0 0 0 0 0 0 0 0 0 0 0 0 0 0 0 0 11 11 0 0 0 0 11 0 0 0 0 0 11 
11 0 0 0 0 0 0 11 0 0 0 0 0 0 0 0 0 0 0 0 0 0 0 0 0 11 0 0 0 0 0 0 0 11 
11 0 0 0 0 0 11 0 0 0 11 0 0 0 0 0 0 0 0 11 0 15 0 11 0 15 0 0 0 0 0 0 11 11 
11 0 0 11 11 11 0 0 0 11 0 0 0 0 0 0 0 0 0 0 0 0 0 0 11 0 0 0 0 0 11 0 0 11 
11 0 11 0 0 0 0 0 0 0 0 0 0 0 0 0 11 0 0 11 0 0 0 0 0 0 0 0 11 0 0 11 0 11 
11 0 0 0 0 0 0 0 11 0 0 11 0 15 0 0 0 11 0 0 0 0 0 0 11 0 0 0 0 0 0 0 0 11 
11 0 0 0 0 0 0 0 0 0 11 11 0 11 0 0 0 0 11 11 0 0 0 0 11 0 0 11 0 0 0 0 0 11 
11 11 11 0 11 0 0 0 0 0 0 11 11 11 0 11 0 0 11 0 0 0 0 0 0 0 0 0 0 0 0 11 11 11 
11 0 11 0 0 0 0 0 0 0 11 0 0 0 0 0 11 0 0 0 11 0 11 0 0 0 0 0 0 0 0 0 0 11 
11 0 11 0 0 0 0 0 0 0 0 0 11 0 11 0 0 0 0 0 0 0 0 0 0 0 11 0 0 0 11 0 0 11 
11 0 0 0 11 0 0 0 0 0 0 0 11 11 0 0 0 0 0 11 0 0 0 0 0 0 0 0 0 0 0 11 0 11 
11 11 11 11 11 11 11 11 11 11 11 11 11 11 11 11 11 11 11 11 11 11 11 11 11 11 11 11 11 11 11 11 11 11 

13509
11 11 11 11 11 11 11 11 11 11 11 11 11 11 11 11 11 11 11 11 11 11 11 11 11 11 11 11 11 11 11 11 11 11 
11 11 0 0 0 0 0 11 0 11 0 0 11 0 0 0 0 0 0 0 11 0 11 0 0 0 0 0 0 0 0 0 11 11 
11 0 0 0 11 0 0 0 0 0 0 0 0 0 0 0 11 0 0 11 0 0 0 0 0 0 11 0 11 0 0 0 0 11 
11 0 11 0 11 11 0 0 0 0 0 11 0 0 0 0 0 0 0 11 0 11 11 0 11 0 0 0 11 0 0 0 0 11 
11 0 0 11 0 11 0 0 0 0 0 11 0 0 0 11 0 0 0 0 0 15 0 0 0 11 11 0 0 0 0 0 11 11 
11 0 0 11 0 0 0 0 0 0 0 11 0 0 0 0 11 0 0 0 0 11 0 0 0 0 0 0 0 0 0 0 0 11 
11 0 0 11 0 0 11 0 0 0 0 0 0 11 0 11 0 0 0 0 11 0 0 15 0 11 0 11 11 0 11 0 0 11 
11 15 0 0 11 0 0 0 15 0 0 11 0 0 11 11 0 11 0 0 11 0 0 11 11 0 0 0 0 0 0 0 0 11 
11 11 11 0 0 0 0 0 0 0 0 0 0 0 0 0 0 0 0 0 0 11 11 0 0 0 0 11 0 0 0 0 0 11 
11 0 0 0 0 0 0 11 0 0 0 0 0 0 0 0 0 0 0 0 0 0 0 0 0 11 0 0 0 0 0 0 0 11 
11 0 0 0 0 0 11 0 0 0 11 0 0 0 0 0 0 0 0 11 15 0 0 11 0 0 0 0 0 0 0 0 11 11 
11 0 0 11 11 11 0 0 0 11 0 0 0 0 0 0 0 0 0 0 0 0 0 0 11 0 0 0 0 0 11 0 0 11 
11 0 11 0 0 0 0 0 0 0 0 0 0 0 0 0 11 0 0 11 0 0 0 0 15 0 0 0 11 0 0 11 0 11 
11 0 0 0 0 0 0 0 11 0 0 11 0 0 0 0 0 11 0 0 0 0 0 0 11 0 0 0 0 0 0 0 0 11 
11 0 0 0 0 0 0 0 0 0 11 11 0 11 0 0 0 0 11 11 0 0 0 13 11 0 0 11 0 0 0 0 0 11 
11 11 11 0 11 0 0 0 0 0 0 11 11 11 0 11 0 0 11 0 0 0 0 0 0 0 0 0 0 0 0 11 11 11 
11 0 11 0 0 0 0 0 0 0 11 0 0 0 0 0 11 0 0 0 11 0 11 0 0 0 0 0 0 0 0 0 0 11 
11 0 11 0 0 0 0 0 0 0 0 0 11 0 11 0 0 0 0 0 0 0 0 0 0 0 11 0 0 0 11 0 0 11 
11 0 0 0 11 0 0 0 0 0 0 0 11 11 0 0 0 0 0 11 0 0 0 0 0 0 0 0 0 0 0 11 0 11 
11 11 11 11 11 11 11 11 11 11 11 11 11 11 11 11 11 11 11 11 11 11 11 11 11 11 11 11 11 11 11 11 11 11 

