13856
11 11 11 11 11 11 11 11 11 11 11 11 11 11 11 11 11 11 11 11 11 11 11 11 11 11 11 11 11 11 11 11 11 11 
11 11 0 0 0 0 0 0 0 0 0 0 0 0 0 0 0 0 0 0 0 0 0 0 0 0 0 0 0 11 0 0 0 11 
11 11 0 0 0 0 0 11 0 0 0 0 11 11 0 0 0 11 0 0 0 0 0 0 0 0 0 0 0 11 0 0 0 11 
11 0 0 0 0 0 0 0 0 11 0 0 0 0 0 11 0 0 0 0 0 0 11 0 0 11 0 0 11 0 0 0 0 11 
11 0 0 0 0 11 0 0 0 0 0 0 0 11 0 11 11 11 11 0 0 0 0 11 0 0 0 11 0 0 0 0 0 11 
11 0 0 0 0 0 0 11 0 0 0 0 0 0 0 0 0 11 0 0 0 11 0 15 0 11 0 0 11 15 0 0 0 11 
11 0 11 0 0 0 0 0 0 0 0 11 0 11 0 0 0 0 0 0 0 0 0 11 0 0 11 0 0 0 0 0 0 11 
11 0 0 0 11 0 0 0 0 0 0 11 11 11 0 11 0 0 0 0 0 0 0 0 0 0 11 11 11 0 0 0 0 11 
11 0 0 0 0 11 0 0 0 0 0 0 0 0 0 0 0 11 0 0 0 0 0 0 0 0 11 0 0 0 0 0 0 11 
11 0 0 0 0 0 0 0 0 0 15 11 0 11 11 0 0 0 0 0 11 0 0 0 0 0 0 11 0 11 0 11 11 11 
11 0 0 0 11 0 0 0 0 0 0 0 0 11 0 0 0 11 0 0 0 0 0 0 0 0 0 11 0 0 0 0 0 11 
11 11 0 0 0 0 0 0 0 11 0 15 0 11 0 0 0 0 11 0 0 0 0 11 0 0 0 0 0 0 0 0 0 11 
11 0 0 0 0 0 0 0 11 0 0 0 0 0 0 0 11 0 0 0 0 11 0 0 11 0 0 0 0 0 0 0 11 11 
11 0 11 0 0 0 0 0 11 0 11 0 11 0 11 11 0 0 0 11 0 11 0 11 0 0 0 0 0 0 15 11 11 11 
11 0 0 0 0 0 11 0 0 0 0 11 0 0 0 0 11 0 0 0 0 0 11 0 11 11 0 0 0 0 15 0 0 11 
11 0 0 0 0 0 0 11 0 0 11 0 11 0 0 11 0 0 0 0 11 11 0 0 11 0 0 0 11 11 11 0 0 11 
11 0 0 0 0 0 0 0 0 0 0 0 0 0 0 0 0 0 11 11 0 0 11 11 0 0 0 0 0 0 0 0 11 11 
11 11 0 0 0 0 0 0 0 0 11 11 0 0 0 11 0 11 0 0 0 0 0 0 0 0 11 0 11 0 0 0 0 11 
11 11 0 0 0 0 0 0 0 0 0 0 0 11 0 0 0 0 0 0 0 0 0 0 11 11 0 0 0 0 0 0 0 11 
11 0 0 0 0 0 11 11 0 0 0 0 0 0 0 0 0 11 0 11 0 0 0 11 0 0 11 0 0 0 0 0 0 11 
11 11 0 11 11 0 0 11 0 0 11 0 0 0 0 0 0 0 11 0 11 0 0 0 0 11 0 0 0 0 0 0 0 11 
11 11 11 11 11 11 11 11 11 11 11 11 11 11 11 11 11 11 11 11 11 11 11 11 11 11 11 11 11 11 11 11 11 11 

13856
11 11 11 11 11 11 11 11 11 11 11 11 11 11 11 11 11 11 11 11 11 11 11 11 11 11 11 11 11 11 11 11 11 11 
11 11 0 0 0 0 0 0 0 0 0 0 0 0 0 0 0 0 0 0 0 0 0 0 0 0 0 0 0 11 0 0 0 11 
11 11 0 0 0 0 0 11 0 0 0 0 11 11 0 0 0 11 0 0 0 0 0 0 0 0 0 0 0 11 0 0 0 11 
11 0 0 0 0 0 0 0 0 11 0 0 0 0 0 11 0 0 0 0 0 0 11 0 0 11 0 0 11 0 0 0 0 11 
11 0 0 0 0 11 0 0 0 0 0 0 0 11 0 11 11 11 11 0 0 0 0 11 0 0 0 11 0 0 0 0 0 11 
11 0 0 0 0 0 0 11 0 0 0 0 0 0 0 0 0 11 0 0 0 11 0 15 0 11 0 0 11 15 0 0 0 11 
11 0 11 0 0 0 0 0 0 0 0 11 0 11 0 0 0 0 0 0 0 0 0 11 0 0 11 0 0 0 0 0 0 11 
11 0 0 0 11 0 0 0 0 0 0 11 11 11 0 11 0 0 0 0 0 0 0 0 0 0 11 11 11 0 0 0 0 11 
11 0 0 0 0 11 0 0 0 0 0 0 0 0 0 0 0 11 0 0 0 0 0 0 0 0 11 0 0 0 0 0 0 11 
11 0 0 0 0 0 0 0 0 0 15 11 0 11 11 0 0 0 0 0 11 0 0 0 0 0 0 11 0 11 0 11 11 11 
11 0 0 0 11 0 0 0 0 0 0 0 0 11 0 0 0 11 0 0 0 0 0 0 0 0 0 11 0 0 0 0 0 11 
11 11 0 0 0 0 0 0 0 11 0 15 0 11 0 0 0 0 11 0 0 0 0 11 0 0 0 0 0 0 0 0 0 11 
11 0 0 0 0 0 0 0 11 0 0 0 0 0 0 0 11 0 0 0 0 11 0 0 11 0 0 0 0 0 0 0 11 11 
11 0 11 0 0 0 0 0 11 0 11 0 11 0 11 11 0 0 0 11 0 11 0 11 0 0 0 0 0 0 15 11 11 11 
11 0 0 0 0 0 11 0 0 0 0 11 0 0 0 0 11 0 0 0 0 0 11 0 11 11 0 0 0 0 15 0 0 11 
11 0 0 0 0 0 0 11 0 0 11 0 11 0 0 11 0 0 0 0 11 11 0 0 11 0 0 0 11 11 11 0 0 11 
11 0 0 0 0 0 0 0 0 0 0 0 0 0 0 0 0 0 11 11 0 0 11 11 0 0 0 0 0 0 0 0 11 11 
11 11 0 0 0 0 0 0 0 0 11 11 0 0 0 11 0 11 0 0 0 0 0 0 0 0 11 0 11 0 0 0 0 11 
11 11 0 0 0 0 0 0 0 0 0 0 0 11 0 0 0 0 0 0 0 0 0 0 11 11 0 0 0 0 0 0 0 11 
11 0 0 0 0 0 11 11 0 0 0 0 0 0 0 0 0 11 0 11 0 0 0 11 0 0 11 0 0 0 0 0 0 11 
11 11 0 11 11 0 0 11 0 0 11 0 0 0 0 0 0 0 11 0 11 0 0 0 0 11 0 0 0 0 0 0 0 11 
11 11 11 11 11 11 11 11 11 11 11 11 11 11 11 11 11 11 11 11 11 11 11 11 11 11 11 11 11 11 11 11 11 11 

13856
11 11 11 11 11 11 11 11 11 11 11 11 11 11 11 11 11 11 11 11 11 11 11 11 11 11 11 11 11 11 11 11 11 11 
11 11 0 0 0 0 0 0 0 0 0 0 0 0 0 0 0 0 0 0 0 0 0 0 0 0 0 0 0 11 0 0 0 11 
11 11 0 0 0 0 0 11 0 0 0 0 11 11 0 0 0 11 0 0 0 0 0 0 0 0 0 0 0 11 0 0 0 11 
11 0 0 0 0 0 0 0 0 11 0 0 0 0 0 11 0 0 0 0 0 0 11 0 0 11 0 0 11 0 0 0 0 11 
11 0 0 0 0 11 0 0 0 0 0 0 0 11 0 11 11 11 11 0 0 0 0 11 0 0 0 11 0 0 0 0 0 11 
11 0 0 0 0 0 0 11 0 0 0 0 0 0 0 0 0 11 0 0 0 11 0 15 0 11 0 0 11 15 0 0 0 11 
11 0 11 0 0 0 0 0 0 0 0 11 0 11 0 0 0 0 0 0 0 0 0 11 0 0 11 0 0 0 0 0 0 11 
11 0 0 0 11 0 0 0 0 0 0 11 11 11 0 11 0 0 0 0 0 0 0 0 0 0 11 11 11 0 0 0 0 11 
11 0 0 0 0 11 0 0 0 0 0 0 0 0 0 0 0 11 0 0 0 0 0 0 0 0 11 0 0 0 0 0 0 11 
11 0 0 0 0 0 0 0 0 0 15 11 0 11 11 0 0 0 0 0 11 0 0 0 0 0 0 11 0 11 0 11 11 11 
11 0 0 0 11 0 0 0 0 0 0 0 0 11 0 0 0 11 0 0 0 0 0 0 0 0 0 11 0 0 0 0 0 11 
11 11 0 0 0 0 0 0 0 11 0 15 0 11 0 0 0 0 11 0 0 0 0 11 0 0 0 0 0 0 0 0 0 11 
11 0 0 0 0 0 0 0 11 0 0 0 0 0 0 0 11 0 0 0 0 11 0 0 11 0 0 0 0 0 0 0 11 11 
11 0 11 0 0 0 0 0 11 0 11 0 11 0 11 11 0 0 0 11 0 11 0 11 0 0 0 0 0 0 15 11 11 11 
11 0 0 0 0 0 11 0 0 0 0 11 0 0 0 0 11 0 0 0 0 0 11 0 11 11 0 0 0 0 15 0 0 11 
11 0 0 0 0 0 0 11 0 0 11 0 11 0 0 11 0 0 0 0 11 11 0 0 11 0 0 0 11 11 11 0 0 11 
11 0 0 0 0 0 0 0 0 0 0 0 0 0 0 0 0 0 11 11 0 0 11 11 0 0 0 0 0 0 0 0 11 11 
11 11 0 0 0 0 0 0 0 0 11 11 0 0 0 11 0 11 0 0 0 0 0 0 0 0 11 0 11 0 0 0 0 11 
11 11 0 0 0 0 0 0 0 0 0 0 0 11 0 0 0 0 0 0 0 0 0 0 11 11 0 0 0 0 0 0 0 11 
11 0 0 0 0 0 11 11 0 0 0 0 0 0 0 0 0 11 0 11 0 0 0 11 0 0 11 0 0 0 0 0 0 11 
11 11 0 11 11 0 0 11 0 0 11 0 0 0 0 0 0 0 11 0 11 0 0 0 0 11 0 0 0 0 0 0 0 11 
11 11 11 11 11 11 11 11 11 11 11 11 11 11 11 11 11 11 11 11 11 11 11 11 11 11 11 11 11 11 11 11 11 11 

13853
11 11 11 11 11 11 11 11 11 11 11 11 11 11 11 11 11 11 11 11 11 11 11 11 11 11 11 11 11 11 11 11 11 11 
11 11 0 0 0 0 0 0 0 0 0 0 0 0 0 0 0 0 0 0 0 0 0 0 0 0 0 0 0 11 0 0 0 11 
11 11 0 0 0 0 0 11 0 0 0 0 11 11 0 0 0 11 0 0 0 0 0 0 0 0 0 0 0 11 0 0 0 11 
11 0 0 0 0 0 0 0 0 11 0 0 0 0 0 11 0 0 0 0 0 0 11 0 0 0 0 0 11 0 0 0 0 11 
11 0 0 0 0 11 0 0 0 0 0 0 0 11 0 11 11 11 11 0 0 0 0 11 0 0 0 11 0 0 0 0 0 11 
11 0 0 0 0 0 0 11 0 0 0 0 0 0 0 0 0 11 0 0 0 11 0 0 0 11 0 0 11 0 0 0 0 11 
11 0 11 0 0 0 0 0 0 0 0 11 0 11 0 0 0 0 0 0 0 15 0 11 15 0 11 0 0 0 0 0 0 11 
11 0 0 0 11 0 0 0 0 0 0 11 11 11 0 11 0 0 0 0 0 0 0 0 0 0 11 11 11 0 0 0 0 11 
11 0 0 0 0 11 0 0 0 0 0 0 0 0 0 0 0 11 0 0 0 0 0 0 0 0 0 0 0 0 0 0 0 11 
11 0 0 0 0 0 0 0 0 0 0 11 0 11 11 0 0 0 0 0 11 0 0 0 0 0 0 11 0 11 0 11 11 11 
11 0 0 0 11 0 0 0 0 0 0 15 0 11 0 0 0 11 0 0 0 0 0 0 0 0 0 11 0 0 15 0 0 11 
11 11 0 0 0 0 0 0 0 11 0 0 15 11 0 0 0 0 11 0 0 0 0 11 0 0 0 0 0 0 0 0 0 11 
11 0 0 0 0 0 0 0 11 0 0 0 0 0 0 0 11 0 0 0 0 11 0 0 11 0 0 0 0 0 0 15 11 11 
11 0 11 0 0 0 0 0 11 0 11 0 11 0 11 11 0 0 0 11 0 11 0 11 0 0 0 0 15 0 0 11 11 11 
11 0 0 0 0 0 11 0 0 0 0 11 0 0 0 0 11 0 0 0 0 0 11 0 11 11 0 0 0 0 0 0 0 11 
11 0 0 0 0 0 0 11 0 0 11 0 11 0 0 11 0 0 0 0 11 11 0 0 11 0 0 0 11 11 11 0 0 11 
11 0 0 0 0 0 0 0 0 0 0 0 0 0 0 0 0 0 11 11 0 0 11 11 0 0 0 0 0 0 0 0 11 11 
11 11 0 0 0 0 0 0 0 0 11 11 0 0 0 11 0 11 0 0 0 0 0 0 0 0 11 0 11 0 0 0 0 11 
11 11 0 0 0 0 0 0 0 0 0 0 0 11 0 0 0 0 0 0 0 0 0 0 11 11 0 0 0 0 0 0 0 11 
11 0 0 0 0 0 11 11 0 0 0 0 0 0 0 0 0 11 0 11 0 0 0 11 0 0 11 0 0 0 0 0 0 11 
11 11 0 11 11 0 0 11 0 0 11 0 0 0 0 0 0 0 11 0 11 0 0 0 0 11 0 0 0 0 0 0 0 11 
11 11 11 11 11 11 11 11 11 11 11 11 11 11 11 11 11 11 11 11 11 11 11 11 11 11 11 11 11 11 11 11 11 11 

13823
11 11 11 11 11 11 11 11 11 11 11 11 11 11 11 11 11 11 11 11 11 11 11 11 11 11 11 11 11 11 11 11 11 11 
11 11 0 0 0 0 0 0 0 0 0 0 0 0 0 0 0 0 0 0 0 0 0 0 0 0 0 0 0 11 0 0 0 11 
11 11 0 0 0 0 0 11 0 0 0 0 11 11 0 0 0 11 0 0 0 0 0 0 0 0 0 0 0 11 0 0 0 11 
11 0 0 0 0 0 0 0 0 11 0 0 0 0 0 11 0 0 0 0 0 0 11 0 0 0 0 0 11 0 0 0 0 11 
11 0 0 0 0 11 0 0 0 0 0 0 0 11 0 11 11 11 11 0 0 0 0 11 0 0 0 11 0 0 0 0 0 11 
11 0 0 0 0 0 0 11 0 0 0 0 0 0 0 0 0 11 0 0 0 11 0 0 0 11 0 0 11 15 0 0 0 11 
11 0 11 0 0 0 0 0 0 0 0 11 0 11 0 0 0 0 0 0 0 0 0 11 0 0 11 0 0 0 0 0 0 11 
11 0 0 0 11 0 0 0 0 0 0 11 11 11 0 11 0 0 0 0 0 15 0 0 0 0 11 11 11 0 0 0 0 11 
11 0 0 0 0 11 0 0 0 0 0 0 0 0 0 0 0 11 0 0 0 0 0 0 0 0 0 0 0 0 0 0 0 11 
11 0 0 0 0 0 0 0 0 0 0 11 0 11 11 0 0 0 0 0 11 0 0 0 0 0 0 11 0 11 0 11 11 11 
11 0 0 0 11 0 0 0 0 0 0 0 0 11 0 0 0 11 0 0 0 0 0 0 0 0 0 11 0 0 15 0 0 11 
11 11 0 0 0 0 0 0 0 11 0 15 14 11 0 0 0 0 11 0 0 0 0 11 0 0 0 0 0 0 0 0 0 11 
11 0 0 0 0 0 0 0 11 0 0 0 0 0 0 0 11 0 0 0 0 11 0 0 11 0 0 0 0 0 0 15 11 11 
11 0 11 0 0 0 0 0 11 0 11 0 11 0 11 11 0 0 0 11 0 11 0 11 0 0 0 0 0 0 15 11 11 11 
11 0 0 0 0 0 11 0 0 0 0 11 0 0 0 0 11 0 0 0 0 0 11 0 11 11 0 0 0 0 0 0 0 11 
11 0 0 0 0 0 0 11 0 0 11 0 11 0 0 11 0 0 0 0 11 11 0 0 11 0 0 0 11 11 11 0 0 11 
11 0 0 0 0 0 0 0 0 0 0 0 0 0 0 0 0 0 11 11 0 0 11 11 0 0 0 0 0 0 0 0 11 11 
11 11 0 0 0 0 0 0 0 0 11 11 0 0 0 11 0 11 0 0 0 0 0 0 0 0 11 0 11 0 0 0 0 11 
11 11 0 0 0 0 0 0 0 0 0 0 0 11 0 0 0 0 0 0 0 0 0 0 11 11 0 0 0 0 0 0 0 11 
11 0 0 0 0 0 11 11 0 0 0 0 0 0 0 0 0 11 0 11 0 0 0 11 0 0 11 0 0 0 0 0 0 11 
11 11 0 11 11 0 0 11 0 0 11 0 0 0 0 0 0 0 11 0 11 0 0 0 0 11 0 0 0 0 0 0 0 11 
11 11 11 11 11 11 11 11 11 11 11 11 11 11 11 11 11 11 11 11 11 11 11 11 11 11 11 11 11 11 11 11 11 11 

13846
11 11 11 11 11 11 11 11 11 11 11 11 11 11 11 11 11 11 11 11 11 11 11 11 11 11 11 11 11 11 11 11 11 11 
11 11 0 0 0 0 0 0 0 0 0 0 0 0 0 0 0 0 0 0 0 0 0 0 0 0 0 0 0 11 0 0 0 11 
11 11 0 0 0 0 0 11 0 0 0 0 11 11 0 0 0 11 0 0 0 0 0 0 0 0 0 0 0 11 0 0 0 11 
11 0 0 0 0 0 11 0 0 11 0 0 0 0 0 11 0 0 0 0 0 0 11 0 0 0 0 0 11 0 0 0 0 11 
11 0 0 0 0 11 0 0 0 0 0 0 0 11 0 11 11 11 11 0 0 0 0 11 0 0 0 11 0 0 0 0 0 11 
11 0 0 0 0 0 0 11 0 0 0 0 0 0 0 0 0 11 0 0 0 11 0 15 0 11 0 0 0 0 0 0 0 11 
11 0 11 0 0 11 0 0 0 0 0 11 0 0 0 0 0 0 0 0 0 0 0 0 0 0 11 0 0 0 0 0 0 11 
11 0 0 0 11 0 0 0 0 0 0 11 11 0 0 11 0 0 0 0 0 15 0 0 0 0 11 11 11 0 0 0 0 11 
11 0 0 0 0 11 0 0 0 0 0 0 0 0 0 0 0 11 0 0 0 0 0 0 0 0 0 0 0 0 0 0 0 11 
11 0 0 0 0 0 11 0 0 0 0 11 0 11 11 0 0 0 0 0 11 0 0 0 0 0 0 11 0 11 0 11 11 11 
11 0 0 0 11 0 0 0 0 0 0 0 15 11 0 0 0 11 0 0 0 0 0 0 0 0 0 11 0 0 15 0 0 11 
11 11 0 0 0 0 0 0 0 11 0 0 15 11 0 0 0 0 11 0 0 0 0 11 0 0 0 0 0 0 0 0 0 11 
11 0 0 0 0 0 0 0 11 0 0 0 0 0 0 11 11 0 0 0 0 11 0 0 11 0 0 0 0 0 0 0 11 11 
11 0 11 0 0 0 0 0 11 0 11 0 11 0 11 11 0 0 0 11 0 11 0 11 0 0 0 0 0 0 15 11 11 11 
11 0 0 0 0 0 11 0 0 0 0 11 0 0 0 0 11 0 0 0 0 0 11 0 11 11 0 0 0 15 0 0 0 11 
11 0 0 0 0 0 0 11 0 0 0 0 11 0 0 11 0 0 0 0 11 11 0 0 11 0 0 0 11 11 11 0 0 11 
11 0 0 0 0 0 0 0 0 0 0 0 0 0 0 0 0 0 11 11 0 0 11 11 0 0 0 0 0 0 0 0 11 11 
11 11 0 0 0 0 0 0 0 0 11 11 0 0 0 11 0 11 0 0 0 0 0 0 0 0 11 0 11 0 0 0 0 11 
11 11 0 0 0 0 0 0 0 11 0 0 0 11 0 0 0 0 0 0 0 0 0 0 11 11 0 0 0 0 0 0 0 11 
11 0 0 0 0 0 11 11 0 0 0 0 0 0 0 0 0 11 0 11 0 0 0 11 0 0 11 0 0 0 0 0 0 11 
11 11 0 11 11 0 0 11 0 0 11 0 0 0 0 0 0 0 11 0 11 0 0 0 0 11 0 0 0 0 0 0 0 11 
11 11 11 11 11 11 11 11 11 11 11 11 11 11 11 11 11 11 11 11 11 11 11 11 11 11 11 11 11 11 11 11 11 11 

13842
11 11 11 11 11 11 11 11 11 11 11 11 11 11 11 11 11 11 11 11 11 11 11 11 11 11 11 11 11 11 11 11 11 11 
11 11 0 0 0 0 0 0 0 0 0 0 0 0 0 0 0 0 0 0 0 0 0 0 0 0 0 0 0 11 0 0 0 11 
11 11 0 0 0 0 0 11 0 0 0 0 11 11 0 0 0 11 0 0 0 0 0 0 0 0 0 0 0 11 0 0 0 11 
11 0 0 0 0 0 11 0 0 11 0 0 0 0 0 11 0 0 0 0 0 0 11 0 0 0 0 0 11 0 0 0 0 11 
11 0 0 0 0 11 0 0 0 0 0 0 0 11 0 11 11 11 11 0 0 0 0 11 0 0 0 11 0 0 0 0 0 11 
11 0 0 0 0 0 0 11 0 0 0 0 0 0 0 0 0 11 0 0 0 11 0 15 0 11 0 0 0 0 0 0 0 11 
11 0 11 0 0 11 0 0 0 0 0 11 0 0 0 0 0 0 0 0 0 0 0 0 15 0 11 0 0 0 0 0 0 11 
11 0 0 0 11 0 0 0 0 0 0 11 11 0 0 11 0 0 0 0 0 0 0 0 0 0 11 11 11 0 0 0 0 11 
11 0 0 0 0 11 0 0 0 0 0 0 0 0 0 0 0 11 0 0 0 0 0 0 0 0 0 0 0 0 0 0 0 11 
11 0 0 0 0 0 11 0 0 0 0 11 15 11 11 0 0 0 0 0 11 0 0 0 0 0 0 11 0 11 0 11 11 11 
11 0 0 0 11 0 0 0 0 0 0 0 15 11 0 0 0 11 0 0 0 0 0 0 0 0 0 11 0 0 0 0 0 11 
11 11 0 0 0 0 0 0 0 11 0 0 0 11 0 0 0 0 11 0 0 0 0 11 0 0 0 0 0 0 0 0 0 11 
11 0 0 0 0 0 0 0 11 0 0 0 0 0 0 11 11 0 0 0 0 11 0 0 11 0 0 0 0 0 0 0 11 11 
11 0 11 0 0 0 0 0 11 0 11 0 11 0 11 11 0 0 0 11 0 11 0 11 0 0 0 0 0 15 0 11 11 11 
11 0 0 0 0 0 11 0 0 0 0 11 0 0 0 0 11 0 0 0 0 0 11 0 11 11 0 0 0 14 15 0 0 11 
11 0 0 0 0 0 0 11 0 0 0 0 11 0 0 11 0 0 0 0 11 11 0 0 11 0 0 0 11 11 11 0 0 11 
11 0 0 0 0 0 0 0 0 0 0 0 0 0 0 0 0 0 11 11 0 0 11 11 0 0 0 0 0 0 0 0 11 11 
11 11 0 0 0 0 0 0 0 0 11 11 0 0 0 11 0 11 0 0 0 0 0 0 0 0 11 0 11 0 0 0 0 11 
11 11 0 0 0 0 0 0 0 11 0 0 0 11 0 0 0 0 0 0 0 0 0 0 11 11 0 0 0 0 0 0 0 11 
11 0 0 0 0 0 11 11 0 0 0 0 0 0 0 0 0 11 0 11 0 0 0 11 0 0 11 0 0 0 0 0 0 11 
11 11 0 11 11 0 0 11 0 0 11 0 0 0 0 0 0 0 11 0 11 0 0 0 0 11 0 0 0 0 0 0 0 11 
11 11 11 11 11 11 11 11 11 11 11 11 11 11 11 11 11 11 11 11 11 11 11 11 11 11 11 11 11 11 11 11 11 11 

13821
11 11 11 11 11 11 11 11 11 11 11 11 11 11 11 11 11 11 11 11 11 11 11 11 11 11 11 11 11 11 11 11 11 11 
11 11 0 0 0 0 0 0 0 0 0 0 0 0 0 0 0 0 0 0 0 0 0 0 0 0 0 0 0 11 0 0 0 11 
11 11 0 0 0 0 0 11 0 0 0 0 11 11 0 0 0 11 0 0 0 0 0 0 0 0 0 0 0 11 0 0 0 11 
11 0 0 0 0 0 11 0 0 11 0 0 0 0 0 11 0 0 0 0 0 0 11 0 0 0 0 0 11 13 0 15 0 11 
11 0 0 0 0 11 0 0 0 0 0 0 0 11 0 11 11 11 11 0 0 0 0 11 0 0 0 11 0 0 0 0 0 11 
11 0 0 0 0 0 0 11 0 0 0 0 0 0 0 0 0 11 0 0 0 11 0 0 0 11 0 0 0 0 0 0 0 11 
11 0 11 0 0 11 0 0 0 0 0 11 0 0 0 0 0 0 0 0 0 0 0 0 0 0 11 0 0 0 0 0 0 11 
11 0 0 0 11 0 0 0 0 0 0 11 11 0 0 11 0 0 0 0 0 0 0 0 0 0 11 11 11 15 0 0 0 11 
11 0 0 0 0 11 0 0 0 0 0 0 0 0 0 0 0 11 0 0 0 0 0 0 0 0 0 0 0 0 0 0 0 11 
11 0 0 0 0 0 11 0 0 0 15 11 0 11 11 0 0 0 0 0 11 0 0 0 0 0 0 11 0 11 0 11 11 11 
11 0 0 0 11 0 0 0 0 0 0 0 0 11 0 0 0 11 0 0 0 0 0 0 0 0 0 11 0 0 0 0 0 11 
11 11 0 0 0 0 0 0 0 11 0 15 0 11 0 0 0 0 11 0 0 0 0 11 0 0 0 0 0 0 0 0 0 11 
11 0 0 0 0 0 0 0 11 0 0 0 0 0 0 11 11 0 0 0 0 11 0 0 11 0 0 0 0 0 0 0 11 11 
11 0 11 0 0 0 0 0 11 0 11 0 11 0 11 11 0 0 0 11 0 11 0 11 0 0 0 0 0 0 15 11 11 11 
11 0 0 0 0 0 11 0 0 0 0 11 0 0 0 0 11 0 0 0 0 0 11 0 11 11 0 0 0 0 0 0 0 11 
11 0 0 0 0 0 0 11 0 0 0 0 11 0 0 11 0 0 0 0 11 11 0 0 11 0 15 0 11 11 11 0 0 11 
11 0 0 0 0 0 0 0 0 0 0 0 0 0 0 0 0 0 11 11 0 0 11 11 0 0 0 0 0 0 0 0 11 11 
11 11 0 0 0 0 0 0 0 0 11 11 0 0 0 11 0 11 0 0 0 0 0 0 0 0 11 0 11 0 0 0 0 11 
11 11 0 0 0 0 0 0 0 11 0 0 0 11 0 0 0 0 0 0 0 0 0 0 11 11 0 0 0 0 0 0 0 11 
11 0 0 0 0 0 11 11 0 0 0 0 0 0 0 0 0 11 0 11 0 0 0 11 0 0 11 0 0 0 0 0 0 11 
11 11 0 11 11 0 0 11 0 0 11 0 0 0 0 0 0 0 11 0 11 0 0 0 0 11 0 0 0 0 0 0 0 11 
11 11 11 11 11 11 11 11 11 11 11 11 11 11 11 11 11 11 11 11 11 11 11 11 11 11 11 11 11 11 11 11 11 11 

13773
11 11 11 11 11 11 11 11 11 11 11 11 11 11 11 11 11 11 11 11 11 11 11 11 11 11 11 11 11 11 11 11 11 11 
11 11 0 0 0 0 0 0 0 0 0 0 0 0 0 0 0 0 0 0 0 0 0 0 0 0 0 0 0 11 0 0 0 11 
11 11 0 0 0 0 0 11 0 0 0 0 11 11 0 0 0 11 0 0 0 0 0 0 0 0 0 0 0 11 0 0 0 11 
11 0 0 0 0 0 11 0 0 11 0 0 0 0 0 11 0 0 0 0 0 0 11 0 0 0 0 0 11 0 0 0 0 11 
11 0 0 0 0 11 0 0 0 0 0 0 0 11 0 11 11 11 11 0 0 0 0 11 0 0 0 11 0 0 0 0 0 11 
11 0 0 0 0 0 0 11 0 0 0 0 0 0 0 0 0 11 0 0 0 11 0 15 0 11 0 0 0 15 0 0 0 11 
11 0 11 0 0 11 0 0 0 0 0 11 0 0 0 0 0 0 0 0 0 0 0 0 0 0 11 0 0 0 0 0 0 11 
11 0 0 0 11 0 0 0 0 0 0 11 11 0 0 11 0 0 0 0 0 0 0 0 0 0 11 11 11 0 0 0 0 11 
11 0 0 0 0 11 0 0 0 0 0 0 0 0 0 0 0 11 0 0 0 0 0 0 0 0 11 0 0 0 0 0 0 11 
11 0 0 0 0 0 11 0 0 0 15 11 0 11 11 0 0 0 0 0 11 0 0 0 0 0 0 11 0 11 0 11 11 11 
11 0 0 0 11 0 0 0 0 0 0 0 0 11 0 0 0 11 0 0 0 0 0 0 0 0 0 11 0 0 0 0 0 11 
11 11 0 0 0 0 0 0 0 11 0 0 15 11 0 0 0 0 11 0 0 0 0 11 0 0 0 0 0 0 0 0 0 11 
11 0 0 0 0 0 0 0 11 0 0 0 0 0 0 11 11 0 0 0 0 11 0 0 11 0 0 0 0 0 0 0 11 11 
11 0 11 0 0 0 0 0 11 0 11 0 11 0 11 11 0 0 0 11 0 11 0 11 0 0 0 0 0 0 15 11 11 11 
11 0 0 0 0 0 11 0 0 0 0 11 0 0 0 0 11 0 0 0 0 0 11 0 11 11 0 0 0 0 0 0 0 11 
11 0 0 0 0 0 0 11 0 0 0 0 11 0 0 11 0 0 0 0 11 11 0 0 11 0 0 0 11 11 11 12 0 11 
11 0 0 0 0 0 0 0 0 0 0 0 0 0 0 0 0 0 11 11 0 0 11 11 0 0 0 0 0 0 0 0 11 11 
11 11 0 0 0 0 0 0 0 0 11 11 0 0 0 11 0 11 0 0 0 0 0 0 0 0 11 12 11 12 0 0 0 11 
11 11 0 0 0 0 0 0 0 11 0 0 0 11 0 0 0 0 0 0 0 0 0 0 11 11 0 0 0 0 0 11 0 11 
11 0 0 0 0 0 11 11 0 0 0 0 0 0 0 0 0 11 0 11 0 0 0 11 0 0 11 0 0 0 0 0 0 11 
11 11 0 11 11 0 0 11 0 0 11 0 0 0 0 0 0 0 11 0 11 0 0 0 0 11 0 0 0 0 0 0 0 11 
11 11 11 11 11 11 11 11 11 11 11 11 11 11 11 11 11 11 11 11 11 11 11 11 11 11 11 11 11 11 11 11 11 11 

13773
11 11 11 11 11 11 11 11 11 11 11 11 11 11 11 11 11 11 11 11 11 11 11 11 11 11 11 11 11 11 11 11 11 11 
11 11 0 0 0 0 0 0 0 0 0 0 0 0 0 0 0 0 0 0 0 0 0 0 0 0 0 0 0 11 0 0 0 11 
11 11 0 0 0 0 0 11 0 0 0 0 11 11 0 0 0 11 0 0 0 0 0 0 0 0 0 0 0 11 0 0 0 11 
11 0 0 0 0 0 11 0 0 11 0 0 0 0 0 11 0 0 0 0 0 0 11 0 0 0 0 0 11 0 0 0 0 11 
11 0 0 0 0 11 0 0 0 0 0 0 0 11 0 11 11 11 11 0 0 0 0 11 0 0 0 11 0 0 0 0 0 11 
11 0 0 0 0 0 0 11 0 0 0 0 0 0 0 0 0 11 0 0 0 11 0 15 0 11 0 0 0 15 0 0 0 11 
11 0 11 0 0 11 0 0 0 0 0 11 0 0 0 0 0 0 0 0 0 0 0 0 0 0 11 0 0 0 0 0 0 11 
11 0 0 0 11 0 0 0 0 0 0 11 11 0 0 11 0 0 0 0 0 0 0 0 0 0 11 11 11 0 0 0 0 11 
11 0 0 0 0 11 0 0 0 0 0 0 0 0 0 0 0 11 0 0 0 0 0 0 0 0 11 0 0 0 0 0 0 11 
11 0 0 0 0 0 11 0 0 0 15 11 0 11 11 0 0 0 0 0 11 0 0 0 0 0 0 11 0 11 0 11 11 11 
11 0 0 0 11 0 0 0 0 0 0 0 0 11 0 0 0 11 0 0 0 0 0 0 0 0 0 11 0 0 0 0 0 11 
11 11 0 0 0 0 0 0 0 11 0 0 15 11 0 0 0 0 11 0 0 0 0 11 0 0 0 0 0 0 0 0 0 11 
11 0 0 0 0 0 0 0 11 0 0 0 0 0 0 11 11 0 0 0 0 11 0 0 11 0 0 0 0 0 0 0 11 11 
11 0 11 0 0 0 0 0 11 0 11 0 11 0 11 11 0 0 0 11 0 11 0 11 0 0 0 0 0 0 15 11 11 11 
11 0 0 0 0 0 11 0 0 0 0 11 0 0 0 0 11 0 0 0 0 0 11 0 11 11 0 0 0 0 0 0 0 11 
11 0 0 0 0 0 0 11 0 0 0 0 11 0 0 11 0 0 0 0 11 11 0 0 11 0 0 0 11 11 11 12 0 11 
11 0 0 0 0 0 0 0 0 0 0 0 0 0 0 0 0 0 11 11 0 0 11 11 0 0 0 0 0 0 0 0 11 11 
11 11 0 0 0 0 0 0 0 0 11 11 0 0 0 11 0 11 0 0 0 0 0 0 0 0 11 12 11 12 0 0 0 11 
11 11 0 0 0 0 0 0 0 11 0 0 0 11 0 0 0 0 0 0 0 0 0 0 11 11 0 0 0 0 0 11 0 11 
11 0 0 0 0 0 11 11 0 0 0 0 0 0 0 0 0 11 0 11 0 0 0 11 0 0 11 0 0 0 0 0 0 11 
11 11 0 11 11 0 0 11 0 0 11 0 0 0 0 0 0 0 11 0 11 0 0 0 0 11 0 0 0 0 0 0 0 11 
11 11 11 11 11 11 11 11 11 11 11 11 11 11 11 11 11 11 11 11 11 11 11 11 11 11 11 11 11 11 11 11 11 11 

13851
11 11 11 11 11 11 11 11 11 11 11 11 11 11 11 11 11 11 11 11 11 11 11 11 11 11 11 11 11 11 11 11 11 11 
11 11 0 0 0 0 0 0 0 0 0 0 0 0 0 0 0 0 0 0 0 0 0 0 0 0 0 0 0 11 0 0 0 11 
11 11 0 0 0 0 0 11 0 0 0 0 11 11 0 0 0 11 0 0 0 0 0 0 0 0 0 0 0 11 0 0 0 11 
11 0 0 0 0 0 0 0 0 11 0 0 0 0 0 11 0 0 0 0 0 0 11 0 0 0 15 0 11 0 0 0 0 11 
11 0 0 0 0 11 0 0 0 0 0 0 0 11 0 11 11 11 11 0 0 0 0 11 0 0 0 11 0 15 0 0 0 11 
11 0 0 0 0 0 0 11 0 0 0 0 0 0 0 0 0 11 0 0 0 11 0 0 0 11 0 11 11 0 0 0 0 11 
11 0 11 0 0 0 0 0 0 0 0 11 0 11 0 0 0 0 0 0 0 0 0 0 0 0 11 0 0 0 0 0 0 11 
11 0 0 0 11 0 0 0 0 0 0 11 11 0 0 11 0 0 0 0 0 0 0 0 0 0 11 11 11 0 0 0 0 11 
11 0 0 0 0 11 0 0 0 0 0 0 0 0 0 0 0 11 0 0 0 0 0 0 0 0 0 0 0 0 0 0 0 11 
11 0 0 0 0 0 11 0 0 0 15 11 0 11 11 0 0 0 0 0 11 0 0 0 0 0 0 11 0 11 0 11 11 11 
11 0 0 0 11 0 0 0 0 0 0 15 0 11 0 0 0 11 0 0 0 0 0 0 0 0 0 11 0 0 0 0 0 11 
11 11 0 0 0 0 0 0 0 11 0 0 0 11 0 0 0 0 11 0 0 0 0 11 0 0 0 0 0 0 0 0 0 11 
11 0 0 0 0 0 0 0 11 0 0 0 0 0 0 11 11 0 0 0 0 11 0 0 11 0 0 0 0 0 0 15 11 11 
11 0 0 0 0 0 0 0 11 0 11 0 11 0 0 11 0 0 11 11 0 11 0 11 0 0 0 0 0 0 15 11 11 11 
11 0 0 0 0 0 11 0 0 0 0 0 0 0 0 0 11 0 0 0 0 0 11 0 11 11 0 0 0 0 0 0 0 11 
11 0 0 0 0 0 0 11 0 0 11 0 11 0 0 11 0 0 0 0 11 11 0 0 11 0 0 0 11 11 11 0 0 11 
11 0 0 0 0 0 0 0 0 0 0 0 0 0 0 0 0 0 11 11 0 0 11 11 0 0 0 0 0 0 0 0 11 11 
11 11 0 0 0 0 0 0 0 0 11 11 0 0 0 11 0 11 0 0 0 0 0 0 0 0 11 0 11 0 11 11 0 11 
11 11 0 0 0 0 0 0 0 11 0 0 0 11 0 0 0 0 0 0 0 0 0 0 11 11 0 0 0 0 0 0 0 11 
11 0 0 0 0 0 11 11 0 0 0 0 0 0 0 0 0 11 0 11 0 0 0 11 0 0 11 0 0 0 0 0 0 11 
11 11 0 11 11 0 0 11 0 0 11 0 0 0 0 0 0 0 11 0 11 0 0 0 0 11 0 0 0 0 0 0 0 11 
11 11 11 11 11 11 11 11 11 11 11 11 11 11 11 11 11 11 11 11 11 11 11 11 11 11 11 11 11 11 11 11 11 11 

13849
11 11 11 11 11 11 11 11 11 11 11 11 11 11 11 11 11 11 11 11 11 11 11 11 11 11 11 11 11 11 11 11 11 11 
11 11 0 0 0 0 0 0 0 0 0 0 0 0 0 0 0 0 0 0 0 0 0 0 0 0 0 0 0 11 0 0 0 11 
11 11 0 0 0 0 0 11 0 0 0 0 11 11 0 0 0 11 0 0 0 0 0 0 0 0 0 0 0 11 0 0 0 11 
11 0 0 0 0 0 0 0 0 11 0 0 0 0 0 11 0 0 0 0 0 0 11 0 0 0 0 0 11 0 0 0 0 11 
11 0 0 0 0 11 0 0 0 0 0 0 0 11 0 11 11 11 11 0 0 0 0 11 0 0 0 11 0 0 0 0 0 11 
11 0 0 0 0 0 0 11 0 0 0 0 0 0 0 0 0 11 0 0 0 11 0 0 0 11 11 0 11 0 0 0 0 11 
11 0 11 0 0 0 0 0 0 0 0 11 0 11 0 0 0 0 0 0 0 0 0 0 15 0 11 0 0 0 15 0 0 11 
11 0 0 0 11 0 0 0 0 0 0 11 11 0 0 11 0 0 0 0 0 0 0 0 0 0 11 11 11 0 0 0 0 11 
11 0 0 0 0 11 0 0 0 0 0 0 0 0 0 0 0 11 0 0 0 0 0 0 0 0 0 0 0 0 0 0 0 11 
11 0 0 0 0 0 11 0 0 0 0 11 15 11 11 0 0 0 0 0 11 0 0 0 0 0 0 11 0 11 0 11 11 11 
11 0 0 0 11 0 0 0 0 0 0 0 15 11 0 0 0 11 0 0 0 0 0 0 0 0 0 11 0 0 0 0 0 11 
11 11 0 0 0 0 0 0 0 11 0 0 0 11 0 0 0 0 11 0 0 0 0 11 0 0 0 0 0 0 0 0 0 11 
11 0 0 0 0 0 0 0 11 0 0 0 0 0 0 11 11 0 0 0 0 11 0 0 11 0 0 0 0 0 0 0 11 11 
11 0 0 0 0 0 0 0 11 0 11 0 11 0 0 11 0 0 11 11 0 11 0 11 0 0 0 0 0 15 0 11 11 11 
11 0 0 0 0 0 11 0 0 0 0 0 0 0 0 0 11 0 0 0 0 0 11 0 11 11 0 0 0 15 0 0 0 11 
11 0 0 0 0 0 0 11 0 0 11 0 11 0 0 11 0 0 0 0 11 11 0 0 11 0 0 0 11 11 11 0 0 11 
11 0 0 0 0 0 0 0 0 0 0 0 0 0 0 0 0 0 11 11 0 0 11 11 0 0 0 0 0 0 0 0 11 11 
11 11 0 0 0 0 0 0 0 0 11 11 0 0 0 11 0 11 0 0 0 0 0 0 0 0 11 0 11 0 0 11 0 11 
11 11 0 0 0 0 0 0 0 11 0 0 0 11 0 0 0 0 0 0 0 0 0 0 11 11 0 0 0 0 0 0 0 11 
11 0 0 0 0 0 11 11 0 0 0 0 0 0 0 0 0 11 0 11 0 0 0 11 0 0 11 0 0 0 0 0 12 11 
11 11 0 11 11 0 0 11 0 0 11 0 0 0 0 0 0 0 11 0 11 0 0 0 0 11 0 0 0 0 0 0 0 11 
11 11 11 11 11 11 11 11 11 11 11 11 11 11 11 11 11 11 11 11 11 11 11 11 11 11 11 11 11 11 11 11 11 11 

13849
11 11 11 11 11 11 11 11 11 11 11 11 11 11 11 11 11 11 11 11 11 11 11 11 11 11 11 11 11 11 11 11 11 11 
11 11 0 0 0 0 0 0 0 0 0 0 0 0 0 0 0 0 0 0 0 0 0 0 0 0 0 0 0 11 0 0 0 11 
11 11 0 0 0 0 0 11 0 0 0 0 11 11 0 0 0 11 0 0 0 0 0 0 0 0 0 0 0 11 0 0 0 11 
11 0 0 0 0 0 0 0 0 11 0 0 0 0 0 11 0 0 0 0 0 0 11 0 0 0 0 0 11 0 0 0 0 11 
11 0 0 0 0 11 0 0 0 0 0 0 0 11 0 11 11 11 11 0 0 0 0 11 0 0 0 11 0 0 0 0 0 11 
11 0 0 0 0 0 0 11 0 0 0 0 0 0 0 0 0 11 0 0 0 11 0 0 0 11 11 0 11 0 0 0 0 11 
11 0 11 0 0 0 0 0 0 0 0 11 0 11 0 0 0 0 0 0 0 0 0 0 15 0 11 0 0 0 15 0 0 11 
11 0 0 0 11 0 0 0 0 0 0 11 11 0 0 11 0 0 0 0 0 0 0 0 0 0 11 11 11 0 0 0 0 11 
11 0 0 0 0 11 0 0 0 0 0 0 0 0 0 0 0 11 0 0 0 0 0 0 0 0 0 0 0 0 0 0 0 11 
11 0 0 0 0 0 11 0 0 0 0 11 15 11 11 0 0 0 0 0 11 0 0 0 0 0 0 11 0 11 0 11 11 11 
11 0 0 0 11 0 0 0 0 0 0 0 15 11 0 0 0 11 0 0 0 0 0 0 0 0 0 11 0 0 0 0 0 11 
11 11 0 0 0 0 0 0 0 11 0 0 0 11 0 0 0 0 11 0 0 0 0 11 0 0 0 0 0 0 0 0 0 11 
11 0 0 0 0 0 0 0 11 0 0 0 0 0 0 11 11 0 0 0 0 11 0 0 11 0 0 0 0 0 0 0 11 11 
11 0 0 0 0 0 0 0 11 0 11 0 11 0 0 11 0 0 11 11 0 11 0 11 0 0 0 0 0 15 0 11 11 11 
11 0 0 0 0 0 11 0 0 0 0 0 0 0 0 0 11 0 0 0 0 0 11 0 11 11 0 0 0 15 0 0 0 11 
11 0 0 0 0 0 0 11 0 0 11 0 11 0 0 11 0 0 0 0 11 11 0 0 11 0 0 0 11 11 11 0 0 11 
11 0 0 0 0 0 0 0 0 0 0 0 0 0 0 0 0 0 11 11 0 0 11 11 0 0 0 0 0 0 0 0 11 11 
11 11 0 0 0 0 0 0 0 0 11 11 0 0 0 11 0 11 0 0 0 0 0 0 0 0 11 0 11 0 0 11 0 11 
11 11 0 0 0 0 0 0 0 11 0 0 0 11 0 0 0 0 0 0 0 0 0 0 11 11 0 0 0 0 0 0 0 11 
11 0 0 0 0 0 11 11 0 0 0 0 0 0 0 0 0 11 0 11 0 0 0 11 0 0 11 0 0 0 0 0 12 11 
11 11 0 11 11 0 0 11 0 0 11 0 0 0 0 0 0 0 11 0 11 0 0 0 0 11 0 0 0 0 0 0 0 11 
11 11 11 11 11 11 11 11 11 11 11 11 11 11 11 11 11 11 11 11 11 11 11 11 11 11 11 11 11 11 11 11 11 11 

13849
11 11 11 11 11 11 11 11 11 11 11 11 11 11 11 11 11 11 11 11 11 11 11 11 11 11 11 11 11 11 11 11 11 11 
11 11 0 0 0 0 0 0 0 0 0 0 0 0 0 0 0 0 0 0 0 0 0 0 0 0 0 0 0 11 0 0 0 11 
11 11 0 0 0 0 0 11 0 0 0 0 11 11 0 0 0 11 0 0 0 0 0 0 0 0 0 0 0 11 0 0 0 11 
11 0 0 0 0 0 0 0 0 11 0 0 0 0 0 11 0 0 0 0 0 0 11 0 0 0 0 0 11 0 0 0 0 11 
11 0 0 0 0 11 0 0 0 0 0 0 0 11 0 11 11 11 11 0 0 0 0 11 0 0 0 11 0 0 0 0 0 11 
11 0 0 0 0 0 0 11 0 0 0 0 0 0 0 0 0 11 0 0 0 11 0 0 0 11 11 0 11 0 0 0 0 11 
11 0 11 0 0 0 0 0 0 0 0 11 0 11 0 0 0 0 0 0 0 0 0 0 15 0 11 0 0 0 15 0 0 11 
11 0 0 0 11 0 0 0 0 0 0 11 11 0 0 11 0 0 0 0 0 0 0 0 0 0 11 11 11 0 0 0 0 11 
11 0 0 0 0 11 0 0 0 0 0 0 0 0 0 0 0 11 0 0 0 0 0 0 0 0 0 0 0 0 0 0 0 11 
11 0 0 0 0 0 11 0 0 0 0 11 15 11 11 0 0 0 0 0 11 0 0 0 0 0 0 11 0 11 0 11 11 11 
11 0 0 0 11 0 0 0 0 0 0 0 15 11 0 0 0 11 0 0 0 0 0 0 0 0 0 11 0 0 0 0 0 11 
11 11 0 0 0 0 0 0 0 11 0 0 0 11 0 0 0 0 11 0 0 0 0 11 0 0 0 0 0 0 0 0 0 11 
11 0 0 0 0 0 0 0 11 0 0 0 0 0 0 11 11 0 0 0 0 11 0 0 11 0 0 0 0 0 0 0 11 11 
11 0 0 0 0 0 0 0 11 0 11 0 11 0 0 11 0 0 11 11 0 11 0 11 0 0 0 0 0 15 0 11 11 11 
11 0 0 0 0 0 11 0 0 0 0 0 0 0 0 0 11 0 0 0 0 0 11 0 11 11 0 0 0 15 0 0 0 11 
11 0 0 0 0 0 0 11 0 0 11 0 11 0 0 11 0 0 0 0 11 11 0 0 11 0 0 0 11 11 11 0 0 11 
11 0 0 0 0 0 0 0 0 0 0 0 0 0 0 0 0 0 11 11 0 0 11 11 0 0 0 0 0 0 0 0 11 11 
11 11 0 0 0 0 0 0 0 0 11 11 0 0 0 11 0 11 0 0 0 0 0 0 0 0 11 0 11 0 0 11 0 11 
11 11 0 0 0 0 0 0 0 11 0 0 0 11 0 0 0 0 0 0 0 0 0 0 11 11 0 0 0 0 0 0 0 11 
11 0 0 0 0 0 11 11 0 0 0 0 0 0 0 0 0 11 0 11 0 0 0 11 0 0 11 0 0 0 0 0 12 11 
11 11 0 11 11 0 0 11 0 0 11 0 0 0 0 0 0 0 11 0 11 0 0 0 0 11 0 0 0 0 0 0 0 11 
11 11 11 11 11 11 11 11 11 11 11 11 11 11 11 11 11 11 11 11 11 11 11 11 11 11 11 11 11 11 11 11 11 11 

13833
11 11 11 11 11 11 11 11 11 11 11 11 11 11 11 11 11 11 11 11 11 11 11 11 11 11 11 11 11 11 11 11 11 11 
11 11 0 0 0 0 0 0 0 0 0 0 0 0 0 0 0 0 0 0 0 0 0 0 0 0 0 0 0 11 0 0 0 11 
11 11 0 0 0 0 0 11 0 0 0 0 11 11 0 0 0 11 0 0 0 0 0 0 0 0 0 0 0 11 0 0 0 11 
11 0 0 0 0 0 0 0 0 11 0 0 0 0 0 11 0 0 0 0 0 0 11 0 0 0 0 0 11 0 0 0 0 11 
11 0 0 0 0 11 0 0 0 0 0 0 0 11 0 11 11 11 11 0 0 0 0 11 0 0 0 11 0 0 0 0 0 11 
11 0 0 0 0 0 0 11 0 0 0 0 0 0 0 0 0 11 0 0 0 11 0 0 0 11 0 0 11 0 0 0 0 11 
11 0 11 0 0 0 0 0 0 0 0 11 0 11 0 0 0 0 0 0 0 0 0 0 0 0 11 0 0 0 0 0 0 11 
11 0 0 0 11 0 0 0 0 0 0 11 11 0 0 11 0 0 0 0 0 15 0 0 0 0 11 11 11 0 0 0 0 11 
11 0 0 0 0 11 0 0 0 0 0 0 0 0 0 0 0 11 0 0 0 0 0 0 0 15 0 15 0 0 0 0 0 11 
11 0 0 0 0 0 11 0 0 15 0 11 0 11 11 0 0 0 0 0 11 0 0 0 0 0 0 11 0 11 0 11 11 11 
11 0 0 0 11 0 0 0 0 0 15 0 0 11 0 0 0 11 0 0 0 0 0 0 0 0 0 11 0 0 0 0 0 11 
11 11 0 0 0 0 0 0 0 11 0 0 0 11 0 0 0 0 11 0 0 0 0 11 0 0 0 0 0 0 0 0 0 11 
11 0 0 0 0 0 0 0 11 0 0 0 0 0 0 11 11 0 0 0 0 11 0 0 11 0 0 0 0 0 0 15 11 11 
11 0 0 0 0 0 0 0 11 0 11 0 11 0 0 11 0 0 11 11 0 11 0 11 0 0 0 0 0 0 0 11 11 11 
11 0 0 0 0 0 11 0 0 0 0 0 0 0 0 0 11 0 0 0 0 0 11 0 11 11 0 0 0 15 0 0 0 11 
11 0 0 0 0 0 0 11 0 0 11 0 11 0 0 11 0 0 0 0 11 11 0 0 11 0 0 0 11 11 11 0 0 11 
11 0 0 0 0 0 0 0 0 0 0 0 0 0 0 0 0 0 11 11 0 0 11 11 0 0 0 0 0 0 0 0 11 11 
11 11 0 0 0 0 0 0 0 0 11 11 0 0 0 11 0 11 0 0 0 0 0 0 0 0 11 0 11 0 0 11 0 11 
11 11 0 0 0 0 0 0 0 11 0 0 0 11 0 0 0 0 0 0 0 0 0 0 11 11 0 0 0 0 0 0 0 11 
11 0 0 0 0 0 11 11 0 0 0 0 0 0 0 0 0 11 0 11 0 0 0 11 0 0 11 0 0 0 0 0 0 11 
11 11 0 11 11 0 0 11 0 0 11 0 0 0 0 0 0 0 11 0 11 0 0 0 0 11 0 0 0 0 0 0 0 11 
11 11 11 11 11 11 11 11 11 11 11 11 11 11 11 11 11 11 11 11 11 11 11 11 11 11 11 11 11 11 11 11 11 11 

13856
11 11 11 11 11 11 11 11 11 11 11 11 11 11 11 11 11 11 11 11 11 11 11 11 11 11 11 11 11 11 11 11 11 11 
11 11 0 0 0 0 0 0 0 0 0 0 0 0 0 0 0 0 0 0 0 0 0 0 0 0 0 0 0 11 0 0 0 11 
11 11 0 0 0 0 0 11 11 0 0 0 11 11 0 0 0 11 0 0 0 0 0 0 0 0 0 0 0 11 0 0 0 11 
11 0 0 0 0 0 0 0 0 11 0 0 0 0 0 11 0 0 0 0 0 0 11 0 0 0 0 0 11 0 0 0 0 11 
11 0 0 0 0 11 0 0 0 0 0 0 0 11 0 11 11 11 11 0 0 0 0 11 0 0 0 11 0 0 0 0 0 11 
11 0 0 0 0 0 0 11 0 0 0 0 0 0 0 0 0 11 0 0 0 11 0 15 0 11 0 0 0 0 0 0 0 11 
11 0 11 0 0 0 0 0 0 0 0 11 0 11 0 0 0 0 0 0 0 0 0 0 15 0 11 0 0 0 0 0 0 11 
11 0 0 0 11 0 0 0 0 0 0 11 11 0 0 11 0 0 0 0 0 0 0 0 0 11 11 11 11 0 0 0 0 11 
11 0 0 0 0 11 0 0 0 0 0 0 0 0 0 0 0 11 0 0 0 0 0 0 0 0 0 0 0 0 0 0 0 11 
11 0 0 0 0 0 11 0 0 15 0 11 0 11 11 0 0 0 0 0 11 0 0 0 0 0 0 11 0 11 0 11 11 11 
11 0 0 0 11 0 0 0 0 0 0 0 0 11 0 0 0 11 0 0 0 0 0 0 0 0 0 11 0 0 0 0 0 11 
11 11 0 0 0 0 0 0 0 11 0 0 15 11 0 0 0 0 11 0 0 0 0 11 0 0 0 0 0 0 0 0 0 11 
11 0 0 0 0 0 0 0 11 0 0 0 0 0 0 11 11 0 0 0 0 11 0 0 11 0 0 0 0 0 0 0 11 11 
11 0 0 0 0 0 0 0 11 0 11 0 11 0 0 11 0 0 11 11 0 11 0 0 0 0 0 0 15 15 0 11 11 11 
11 0 0 0 0 0 11 0 0 0 0 0 0 0 0 0 11 0 0 0 0 0 11 0 11 11 0 0 0 15 0 0 0 11 
11 0 0 0 0 11 0 11 0 0 11 0 11 0 0 11 0 0 0 0 11 11 0 0 11 0 0 0 11 11 11 0 0 11 
11 0 0 0 0 0 0 0 0 0 0 0 0 0 0 0 0 0 11 11 0 0 11 11 0 0 0 0 0 0 0 0 11 11 
11 11 0 0 0 0 0 0 0 0 11 11 0 0 0 11 0 11 0 0 0 0 0 0 0 0 0 0 11 0 0 11 0 11 
11 11 0 0 0 0 0 0 0 11 0 0 0 11 0 0 0 0 0 0 0 0 0 0 11 11 0 0 0 0 0 0 0 11 
11 0 0 0 0 0 11 0 0 0 0 0 0 0 0 0 0 11 0 11 0 0 0 11 0 0 11 0 0 0 0 0 0 11 
11 11 0 11 11 0 0 11 0 0 11 0 0 0 0 0 0 0 11 0 11 0 0 0 0 11 0 0 11 0 0 0 0 11 
11 11 11 11 11 11 11 11 11 11 11 11 11 11 11 11 11 11 11 11 11 11 11 11 11 11 11 11 11 11 11 11 11 11 

13856
11 11 11 11 11 11 11 11 11 11 11 11 11 11 11 11 11 11 11 11 11 11 11 11 11 11 11 11 11 11 11 11 11 11 
11 11 0 0 0 0 0 0 0 0 0 0 0 0 0 0 0 0 0 0 0 0 0 0 0 0 0 0 0 11 0 0 0 11 
11 11 0 0 0 0 0 11 11 0 0 0 11 11 0 0 0 11 0 0 0 0 0 0 0 0 0 0 0 11 0 0 0 11 
11 0 0 0 0 0 0 0 0 11 0 0 0 0 0 11 0 0 0 0 0 0 11 0 0 0 0 0 11 0 0 0 0 11 
11 0 0 0 0 11 0 0 0 0 0 0 0 11 0 11 11 11 11 0 0 0 0 11 0 0 0 11 0 0 0 0 0 11 
11 0 0 0 0 0 0 11 0 0 0 0 0 0 0 0 0 11 0 0 0 11 0 15 0 11 0 0 0 0 0 0 0 11 
11 0 11 0 0 0 0 0 0 0 0 11 0 11 0 0 0 0 0 0 0 0 0 0 15 0 11 0 0 0 0 0 0 11 
11 0 0 0 11 0 0 0 0 0 0 11 11 0 0 11 0 0 0 0 0 0 0 0 0 11 11 11 11 0 0 0 0 11 
11 0 0 0 0 11 0 0 0 0 0 0 0 0 0 0 0 11 0 0 0 0 0 0 0 0 0 0 0 0 0 0 0 11 
11 0 0 0 0 0 11 0 0 15 0 11 0 11 11 0 0 0 0 0 11 0 0 0 0 0 0 11 0 11 0 11 11 11 
11 0 0 0 11 0 0 0 0 0 0 0 0 11 0 0 0 11 0 0 0 0 0 0 0 0 0 11 0 0 0 0 0 11 
11 11 0 0 0 0 0 0 0 11 0 0 15 11 0 0 0 0 11 0 0 0 0 11 0 0 0 0 0 0 0 0 0 11 
11 0 0 0 0 0 0 0 11 0 0 0 0 0 0 11 11 0 0 0 0 11 0 0 11 0 0 0 0 0 0 0 11 11 
11 0 0 0 0 0 0 0 11 0 11 0 11 0 0 11 0 0 11 11 0 11 0 0 0 0 0 0 15 15 0 11 11 11 
11 0 0 0 0 0 11 0 0 0 0 0 0 0 0 0 11 0 0 0 0 0 11 0 11 11 0 0 0 15 0 0 0 11 
11 0 0 0 0 11 0 11 0 0 11 0 11 0 0 11 0 0 0 0 11 11 0 0 11 0 0 0 11 11 11 0 0 11 
11 0 0 0 0 0 0 0 0 0 0 0 0 0 0 0 0 0 11 11 0 0 11 11 0 0 0 0 0 0 0 0 11 11 
11 11 0 0 0 0 0 0 0 0 11 11 0 0 0 11 0 11 0 0 0 0 0 0 0 0 0 0 11 0 0 11 0 11 
11 11 0 0 0 0 0 0 0 11 0 0 0 11 0 0 0 0 0 0 0 0 0 0 11 11 0 0 0 0 0 0 0 11 
11 0 0 0 0 0 11 0 0 0 0 0 0 0 0 0 0 11 0 11 0 0 0 11 0 0 11 0 0 0 0 0 0 11 
11 11 0 11 11 0 0 11 0 0 11 0 0 0 0 0 0 0 11 0 11 0 0 0 0 11 0 0 11 0 0 0 0 11 
11 11 11 11 11 11 11 11 11 11 11 11 11 11 11 11 11 11 11 11 11 11 11 11 11 11 11 11 11 11 11 11 11 11 

13856
11 11 11 11 11 11 11 11 11 11 11 11 11 11 11 11 11 11 11 11 11 11 11 11 11 11 11 11 11 11 11 11 11 11 
11 11 0 0 0 0 0 0 0 0 0 0 0 0 0 0 0 0 0 0 0 0 0 0 0 0 0 0 0 11 0 0 0 11 
11 11 0 0 0 0 0 11 11 0 0 0 11 11 0 0 0 11 0 0 0 0 0 0 0 0 0 0 0 11 0 0 0 11 
11 0 0 0 0 0 0 0 0 11 0 0 0 0 0 11 0 0 0 0 0 0 11 0 0 0 0 0 11 0 0 0 0 11 
11 0 0 0 0 11 0 0 0 0 0 0 0 11 0 11 11 11 11 0 0 0 0 11 0 0 0 11 0 0 0 0 0 11 
11 0 0 0 0 0 0 11 0 0 0 0 0 0 0 0 0 11 0 0 0 11 0 15 0 11 0 0 0 0 0 0 0 11 
11 0 11 0 0 0 0 0 0 0 0 11 0 11 0 0 0 0 0 0 0 0 0 0 15 0 11 0 0 0 0 0 0 11 
11 0 0 0 11 0 0 0 0 0 0 11 11 0 0 11 0 0 0 0 0 0 0 0 0 11 11 11 11 0 0 0 0 11 
11 0 0 0 0 11 0 0 0 0 0 0 0 0 0 0 0 11 0 0 0 0 0 0 0 0 0 0 0 0 0 0 0 11 
11 0 0 0 0 0 11 0 0 15 0 11 0 11 11 0 0 0 0 0 11 0 0 0 0 0 0 11 0 11 0 11 11 11 
11 0 0 0 11 0 0 0 0 0 0 0 0 11 0 0 0 11 0 0 0 0 0 0 0 0 0 11 0 0 0 0 0 11 
11 11 0 0 0 0 0 0 0 11 0 0 15 11 0 0 0 0 11 0 0 0 0 11 0 0 0 0 0 0 0 0 0 11 
11 0 0 0 0 0 0 0 11 0 0 0 0 0 0 11 11 0 0 0 0 11 0 0 11 0 0 0 0 0 0 0 11 11 
11 0 0 0 0 0 0 0 11 0 11 0 11 0 0 11 0 0 11 11 0 11 0 0 0 0 0 0 15 15 0 11 11 11 
11 0 0 0 0 0 11 0 0 0 0 0 0 0 0 0 11 0 0 0 0 0 11 0 11 11 0 0 0 15 0 0 0 11 
11 0 0 0 0 11 0 11 0 0 11 0 11 0 0 11 0 0 0 0 11 11 0 0 11 0 0 0 11 11 11 0 0 11 
11 0 0 0 0 0 0 0 0 0 0 0 0 0 0 0 0 0 11 11 0 0 11 11 0 0 0 0 0 0 0 0 11 11 
11 11 0 0 0 0 0 0 0 0 11 11 0 0 0 11 0 11 0 0 0 0 0 0 0 0 0 0 11 0 0 11 0 11 
11 11 0 0 0 0 0 0 0 11 0 0 0 11 0 0 0 0 0 0 0 0 0 0 11 11 0 0 0 0 0 0 0 11 
11 0 0 0 0 0 11 0 0 0 0 0 0 0 0 0 0 11 0 11 0 0 0 11 0 0 11 0 0 0 0 0 0 11 
11 11 0 11 11 0 0 11 0 0 11 0 0 0 0 0 0 0 11 0 11 0 0 0 0 11 0 0 11 0 0 0 0 11 
11 11 11 11 11 11 11 11 11 11 11 11 11 11 11 11 11 11 11 11 11 11 11 11 11 11 11 11 11 11 11 11 11 11 

13807
11 11 11 11 11 11 11 11 11 11 11 11 11 11 11 11 11 11 11 11 11 11 11 11 11 11 11 11 11 11 11 11 11 11 
11 11 0 0 0 0 0 0 0 0 0 0 0 0 0 0 0 0 0 0 0 0 0 0 0 0 0 0 0 11 0 0 0 11 
11 11 0 0 0 0 0 11 11 0 0 0 11 11 0 0 0 11 0 0 0 0 0 0 0 0 0 0 0 11 0 0 0 11 
11 0 0 0 0 0 0 0 0 11 0 0 0 0 0 11 0 0 0 0 0 0 11 0 0 0 0 0 11 0 0 0 0 11 
11 0 0 0 0 11 0 0 0 0 0 0 0 11 0 11 11 11 11 0 0 0 0 11 0 0 0 11 0 0 0 0 0 11 
11 0 0 0 0 0 0 11 0 0 0 0 0 0 0 0 0 11 0 0 0 11 0 0 0 11 0 0 0 0 0 0 11 11 
11 0 11 0 0 0 0 0 0 0 0 11 0 11 0 0 0 0 0 0 0 0 0 0 15 0 11 12 0 0 0 0 0 11 
11 0 0 0 11 0 0 0 0 0 0 11 11 0 0 11 0 0 0 0 0 0 15 0 0 11 11 11 11 0 0 0 0 11 
11 0 0 0 0 11 0 0 0 0 0 0 0 0 0 0 0 11 0 0 0 0 0 0 0 0 0 0 0 0 0 0 0 11 
11 0 0 0 0 0 11 0 0 0 0 11 0 11 11 0 0 0 0 0 11 0 0 0 0 0 0 11 0 11 0 11 11 11 
11 0 0 0 11 0 0 0 0 0 0 14 0 11 0 0 0 11 0 0 0 0 0 0 0 0 0 11 0 0 0 0 0 11 
11 11 0 0 0 0 0 0 0 11 0 15 0 11 0 0 0 0 11 0 0 0 0 11 0 0 0 0 0 0 0 0 0 11 
11 0 0 0 0 0 0 0 11 0 0 0 0 0 0 11 11 0 0 0 0 11 0 0 11 0 0 0 0 0 0 0 11 11 
11 0 0 0 0 0 0 0 11 0 11 0 11 0 0 11 0 0 11 11 0 11 0 0 0 0 0 0 15 0 0 11 11 11 
11 0 0 0 0 0 11 0 0 0 0 0 0 0 0 0 11 0 0 0 0 0 11 0 11 11 15 0 0 0 0 0 0 11 
11 0 0 0 0 11 0 11 0 0 11 0 11 0 0 11 0 0 0 0 11 11 0 0 11 0 0 0 11 11 11 0 0 11 
11 0 0 0 0 0 0 0 0 0 0 0 0 0 0 0 0 0 11 11 0 0 11 11 0 0 0 0 0 0 0 0 11 11 
11 11 0 0 0 0 0 0 0 0 11 11 0 0 0 11 0 11 0 0 0 0 0 0 0 0 0 0 11 0 0 11 0 11 
11 11 0 0 0 0 0 0 0 11 0 0 0 11 0 0 0 0 0 0 0 0 0 0 11 11 0 0 0 0 0 0 0 11 
11 0 0 0 0 0 11 0 0 0 0 0 0 0 0 0 0 11 0 11 0 0 0 11 0 0 11 0 0 0 0 0 0 11 
11 11 0 11 11 0 0 11 0 0 11 0 0 0 0 0 0 0 11 0 11 0 0 0 0 11 0 0 11 0 0 0 0 11 
11 11 11 11 11 11 11 11 11 11 11 11 11 11 11 11 11 11 11 11 11 11 11 11 11 11 11 11 11 11 11 11 11 11 

13807
11 11 11 11 11 11 11 11 11 11 11 11 11 11 11 11 11 11 11 11 11 11 11 11 11 11 11 11 11 11 11 11 11 11 
11 11 0 0 0 0 0 0 0 0 0 0 0 0 0 0 0 0 0 0 0 0 0 0 0 0 0 0 0 11 0 0 0 11 
11 11 0 0 0 0 0 11 11 0 0 0 11 11 0 0 0 11 0 0 0 0 0 0 0 0 0 0 0 11 0 0 0 11 
11 0 0 0 0 0 0 0 0 11 0 0 0 0 0 11 0 0 0 0 0 0 11 0 0 0 0 0 11 0 0 0 0 11 
11 0 0 0 0 11 0 0 0 0 0 0 0 11 0 11 11 11 11 0 0 0 0 11 0 0 0 11 0 0 0 0 0 11 
11 0 0 0 0 0 0 11 0 0 0 0 0 0 0 0 0 11 0 0 0 11 0 0 0 11 0 0 0 0 0 0 11 11 
11 0 11 0 0 0 0 0 0 0 0 11 0 11 0 0 0 0 0 0 0 0 0 0 15 0 11 12 0 0 0 0 0 11 
11 0 0 0 11 0 0 0 0 0 0 11 11 0 0 11 0 0 0 0 0 0 15 0 0 11 11 11 11 0 0 0 0 11 
11 0 0 0 0 11 0 0 0 0 0 0 0 0 0 0 0 11 0 0 0 0 0 0 0 0 0 0 0 0 0 0 0 11 
11 0 0 0 0 0 11 0 0 0 0 11 0 11 11 0 0 0 0 0 11 0 0 0 0 0 0 11 0 11 0 11 11 11 
11 0 0 0 11 0 0 0 0 0 0 14 0 11 0 0 0 11 0 0 0 0 0 0 0 0 0 11 0 0 0 0 0 11 
11 11 0 0 0 0 0 0 0 11 0 15 0 11 0 0 0 0 11 0 0 0 0 11 0 0 0 0 0 0 0 0 0 11 
11 0 0 0 0 0 0 0 11 0 0 0 0 0 0 11 11 0 0 0 0 11 0 0 11 0 0 0 0 0 0 0 11 11 
11 0 0 0 0 0 0 0 11 0 11 0 11 0 0 11 0 0 11 11 0 11 0 0 0 0 0 0 15 0 0 11 11 11 
11 0 0 0 0 0 11 0 0 0 0 0 0 0 0 0 11 0 0 0 0 0 11 0 11 11 15 0 0 0 0 0 0 11 
11 0 0 0 0 11 0 11 0 0 11 0 11 0 0 11 0 0 0 0 11 11 0 0 11 0 0 0 11 11 11 0 0 11 
11 0 0 0 0 0 0 0 0 0 0 0 0 0 0 0 0 0 11 11 0 0 11 11 0 0 0 0 0 0 0 0 11 11 
11 11 0 0 0 0 0 0 0 0 11 11 0 0 0 11 0 11 0 0 0 0 0 0 0 0 0 0 11 0 0 11 0 11 
11 11 0 0 0 0 0 0 0 11 0 0 0 11 0 0 0 0 0 0 0 0 0 0 11 11 0 0 0 0 0 0 0 11 
11 0 0 0 0 0 11 0 0 0 0 0 0 0 0 0 0 11 0 11 0 0 0 11 0 0 11 0 0 0 0 0 0 11 
11 11 0 11 11 0 0 11 0 0 11 0 0 0 0 0 0 0 11 0 11 0 0 0 0 11 0 0 11 0 0 0 0 11 
11 11 11 11 11 11 11 11 11 11 11 11 11 11 11 11 11 11 11 11 11 11 11 11 11 11 11 11 11 11 11 11 11 11 

13868
11 11 11 11 11 11 11 11 11 11 11 11 11 11 11 11 11 11 11 11 11 11 11 11 11 11 11 11 11 11 11 11 11 11 
11 11 0 0 0 0 0 0 0 0 0 0 0 0 0 0 0 0 0 0 0 0 0 0 0 0 0 0 0 0 0 0 0 11 
11 11 0 0 0 0 0 11 11 0 0 0 11 11 0 0 0 11 0 0 0 0 0 0 0 0 0 0 0 11 0 0 0 11 
11 0 0 0 0 0 11 0 0 11 0 0 0 0 11 11 0 0 0 0 0 0 11 0 0 0 0 0 11 0 0 0 0 11 
11 0 0 0 0 11 0 0 0 0 0 0 0 11 0 11 11 11 11 0 0 0 0 11 0 0 0 11 0 0 0 0 0 11 
11 0 0 0 0 0 0 11 0 0 0 0 0 0 0 0 0 11 0 0 0 11 0 15 0 11 0 12 0 0 0 0 0 11 
11 0 11 0 0 0 0 0 0 0 0 11 0 0 0 0 0 0 0 0 0 0 0 0 15 0 11 0 0 0 0 0 0 11 
11 0 0 0 11 0 0 0 0 0 11 11 11 11 0 11 0 0 0 0 0 0 0 0 0 11 11 11 11 0 0 0 0 11 
11 0 0 0 0 11 0 0 0 0 0 0 0 0 0 0 0 11 0 0 0 0 0 0 0 0 0 0 0 0 0 0 0 11 
11 0 0 0 0 0 0 0 0 0 0 11 0 11 11 0 0 0 0 0 11 0 0 0 0 0 0 11 0 11 0 11 11 11 
11 0 0 0 11 0 0 0 0 0 0 15 0 11 0 0 0 11 0 0 0 0 0 0 0 0 0 0 0 0 0 0 0 11 
11 11 0 0 0 0 0 0 0 11 0 0 0 11 0 0 0 0 11 0 0 0 0 11 0 0 0 0 0 0 0 0 0 11 
11 0 0 0 0 0 0 0 11 0 0 0 15 0 0 0 11 0 0 0 0 11 0 0 11 0 0 0 0 0 0 0 11 11 
11 0 0 0 0 0 0 0 11 0 11 0 11 0 11 11 0 0 11 11 0 11 0 0 0 0 0 0 0 15 0 11 11 11 
11 0 0 0 0 0 11 0 0 0 0 11 0 0 0 0 11 0 0 0 0 0 11 0 11 11 0 0 0 15 0 0 0 11 
11 0 0 0 0 11 0 11 0 0 11 0 11 0 0 11 0 0 0 0 11 11 0 0 11 0 0 0 11 11 11 0 0 11 
11 0 0 0 0 0 0 0 0 0 0 0 0 0 0 0 0 0 11 11 0 0 11 11 0 0 0 0 0 0 0 0 11 11 
11 11 0 0 0 0 0 0 0 0 11 11 0 0 0 11 0 11 0 0 0 0 0 0 0 0 0 0 11 0 0 11 0 11 
11 11 0 0 0 0 0 0 0 0 0 0 0 11 0 0 0 0 0 0 0 0 0 0 11 11 0 0 0 0 0 0 0 11 
11 0 0 0 0 0 11 11 0 0 0 0 0 0 0 0 0 11 0 11 0 0 0 11 0 0 11 0 0 0 0 0 0 11 
11 11 0 11 11 0 0 11 0 0 11 0 0 0 0 0 0 0 11 0 11 0 0 0 0 11 0 0 0 0 0 0 0 11 
11 11 11 11 11 11 11 11 11 11 11 11 11 11 11 11 11 11 11 11 11 11 11 11 11 11 11 11 11 11 11 11 11 11 

13868
11 11 11 11 11 11 11 11 11 11 11 11 11 11 11 11 11 11 11 11 11 11 11 11 11 11 11 11 11 11 11 11 11 11 
11 11 0 0 0 0 0 0 0 0 0 0 0 0 0 0 0 0 0 0 0 0 0 0 0 0 0 0 0 0 0 0 0 11 
11 11 0 0 0 0 0 11 11 0 0 0 11 11 0 0 0 11 0 0 0 0 0 0 0 0 0 0 0 11 0 0 0 11 
11 0 0 0 0 0 11 0 0 11 0 0 0 0 11 11 0 0 0 0 0 0 11 0 0 0 0 0 11 0 0 0 0 11 
11 0 0 0 0 11 0 0 0 0 0 0 0 11 0 11 11 11 11 0 0 0 0 11 0 0 0 11 0 0 0 0 0 11 
11 0 0 0 0 0 0 11 0 0 0 0 0 0 0 0 0 11 0 0 0 11 0 15 0 11 0 12 0 0 0 0 0 11 
11 0 11 0 0 0 0 0 0 0 0 11 0 0 0 0 0 0 0 0 0 0 0 0 15 0 11 0 0 0 0 0 0 11 
11 0 0 0 11 0 0 0 0 0 11 11 11 11 0 11 0 0 0 0 0 0 0 0 0 11 11 11 11 0 0 0 0 11 
11 0 0 0 0 11 0 0 0 0 0 0 0 0 0 0 0 11 0 0 0 0 0 0 0 0 0 0 0 0 0 0 0 11 
11 0 0 0 0 0 0 0 0 0 0 11 0 11 11 0 0 0 0 0 11 0 0 0 0 0 0 11 0 11 0 11 11 11 
11 0 0 0 11 0 0 0 0 0 0 15 0 11 0 0 0 11 0 0 0 0 0 0 0 0 0 0 0 0 0 0 0 11 
11 11 0 0 0 0 0 0 0 11 0 0 0 11 0 0 0 0 11 0 0 0 0 11 0 0 0 0 0 0 0 0 0 11 
11 0 0 0 0 0 0 0 11 0 0 0 15 0 0 0 11 0 0 0 0 11 0 0 11 0 0 0 0 0 0 0 11 11 
11 0 0 0 0 0 0 0 11 0 11 0 11 0 11 11 0 0 11 11 0 11 0 0 0 0 0 0 0 15 0 11 11 11 
11 0 0 0 0 0 11 0 0 0 0 11 0 0 0 0 11 0 0 0 0 0 11 0 11 11 0 0 0 15 0 0 0 11 
11 0 0 0 0 11 0 11 0 0 11 0 11 0 0 11 0 0 0 0 11 11 0 0 11 0 0 0 11 11 11 0 0 11 
11 0 0 0 0 0 0 0 0 0 0 0 0 0 0 0 0 0 11 11 0 0 11 11 0 0 0 0 0 0 0 0 11 11 
11 11 0 0 0 0 0 0 0 0 11 11 0 0 0 11 0 11 0 0 0 0 0 0 0 0 0 0 11 0 0 11 0 11 
11 11 0 0 0 0 0 0 0 0 0 0 0 11 0 0 0 0 0 0 0 0 0 0 11 11 0 0 0 0 0 0 0 11 
11 0 0 0 0 0 11 11 0 0 0 0 0 0 0 0 0 11 0 11 0 0 0 11 0 0 11 0 0 0 0 0 0 11 
11 11 0 11 11 0 0 11 0 0 11 0 0 0 0 0 0 0 11 0 11 0 0 0 0 11 0 0 0 0 0 0 0 11 
11 11 11 11 11 11 11 11 11 11 11 11 11 11 11 11 11 11 11 11 11 11 11 11 11 11 11 11 11 11 11 11 11 11 

13868
11 11 11 11 11 11 11 11 11 11 11 11 11 11 11 11 11 11 11 11 11 11 11 11 11 11 11 11 11 11 11 11 11 11 
11 11 0 0 0 0 0 0 0 0 0 0 0 0 0 0 0 0 0 0 0 0 0 0 0 0 0 0 0 0 0 0 0 11 
11 11 0 0 0 0 0 11 11 0 0 0 11 11 0 0 0 11 0 0 0 0 0 0 0 0 0 0 0 11 0 0 0 11 
11 0 0 0 0 0 11 0 0 11 0 0 0 0 11 11 0 0 0 0 0 0 11 0 0 0 0 0 11 0 0 0 0 11 
11 0 0 0 0 11 0 0 0 0 0 0 0 11 0 11 11 11 11 0 0 0 0 11 0 0 0 11 0 0 0 0 0 11 
11 0 0 0 0 0 0 11 0 0 0 0 0 0 0 0 0 11 0 0 0 11 0 15 0 11 0 12 0 0 0 0 0 11 
11 0 11 0 0 0 0 0 0 0 0 11 0 0 0 0 0 0 0 0 0 0 0 0 15 0 11 0 0 0 0 0 0 11 
11 0 0 0 11 0 0 0 0 0 11 11 11 11 0 11 0 0 0 0 0 0 0 0 0 11 11 11 11 0 0 0 0 11 
11 0 0 0 0 11 0 0 0 0 0 0 0 0 0 0 0 11 0 0 0 0 0 0 0 0 0 0 0 0 0 0 0 11 
11 0 0 0 0 0 0 0 0 0 0 11 0 11 11 0 0 0 0 0 11 0 0 0 0 0 0 11 0 11 0 11 11 11 
11 0 0 0 11 0 0 0 0 0 0 15 0 11 0 0 0 11 0 0 0 0 0 0 0 0 0 0 0 0 0 0 0 11 
11 11 0 0 0 0 0 0 0 11 0 0 0 11 0 0 0 0 11 0 0 0 0 11 0 0 0 0 0 0 0 0 0 11 
11 0 0 0 0 0 0 0 11 0 0 0 15 0 0 0 11 0 0 0 0 11 0 0 11 0 0 0 0 0 0 0 11 11 
11 0 0 0 0 0 0 0 11 0 11 0 11 0 11 11 0 0 11 11 0 11 0 0 0 0 0 0 0 15 0 11 11 11 
11 0 0 0 0 0 11 0 0 0 0 11 0 0 0 0 11 0 0 0 0 0 11 0 11 11 0 0 0 15 0 0 0 11 
11 0 0 0 0 11 0 11 0 0 11 0 11 0 0 11 0 0 0 0 11 11 0 0 11 0 0 0 11 11 11 0 0 11 
11 0 0 0 0 0 0 0 0 0 0 0 0 0 0 0 0 0 11 11 0 0 11 11 0 0 0 0 0 0 0 0 11 11 
11 11 0 0 0 0 0 0 0 0 11 11 0 0 0 11 0 11 0 0 0 0 0 0 0 0 0 0 11 0 0 11 0 11 
11 11 0 0 0 0 0 0 0 0 0 0 0 11 0 0 0 0 0 0 0 0 0 0 11 11 0 0 0 0 0 0 0 11 
11 0 0 0 0 0 11 11 0 0 0 0 0 0 0 0 0 11 0 11 0 0 0 11 0 0 11 0 0 0 0 0 0 11 
11 11 0 11 11 0 0 11 0 0 11 0 0 0 0 0 0 0 11 0 11 0 0 0 0 11 0 0 0 0 0 0 0 11 
11 11 11 11 11 11 11 11 11 11 11 11 11 11 11 11 11 11 11 11 11 11 11 11 11 11 11 11 11 11 11 11 11 11 

13851
11 11 11 11 11 11 11 11 11 11 11 11 11 11 11 11 11 11 11 11 11 11 11 11 11 11 11 11 11 11 11 11 11 11 
11 11 0 0 0 0 0 0 0 0 0 0 0 0 0 0 0 0 0 0 0 0 0 0 0 0 0 0 0 0 0 0 0 11 
11 11 0 0 0 0 0 11 11 0 0 0 11 11 0 0 0 11 0 0 0 0 0 0 0 0 0 0 0 11 0 0 0 11 
11 0 0 0 0 0 11 0 0 11 0 0 0 0 11 11 0 0 0 0 0 0 11 0 0 0 0 0 11 0 0 0 0 11 
11 0 0 0 0 11 0 0 0 0 0 0 0 11 0 11 11 11 11 0 0 0 0 11 0 0 0 11 0 0 0 0 0 11 
11 0 0 0 0 0 0 11 0 0 0 0 0 0 0 0 0 11 0 0 0 11 0 15 0 11 13 0 0 0 0 0 0 11 
11 0 11 0 0 0 0 0 0 0 0 11 0 0 0 0 0 0 0 0 0 0 0 0 15 0 11 0 0 0 0 0 0 11 
11 0 0 0 11 0 0 0 0 0 11 11 11 11 0 11 0 0 0 0 0 0 0 0 0 11 11 11 11 0 0 0 0 11 
11 0 0 0 0 11 0 0 0 0 0 0 0 0 0 0 0 11 0 0 0 0 0 0 0 0 0 0 0 0 0 0 0 11 
11 0 0 0 0 0 0 0 0 0 0 11 0 11 11 0 0 0 0 0 11 0 0 0 0 0 0 11 0 11 0 11 11 11 
11 0 0 0 11 0 0 0 0 0 0 0 0 11 0 0 0 11 0 0 0 0 0 0 0 0 0 0 0 0 0 0 0 11 
11 11 0 0 0 0 0 0 0 11 0 15 15 11 0 0 0 0 11 0 0 0 0 11 0 0 0 0 0 0 0 0 0 11 
11 0 0 0 0 0 0 0 11 0 0 0 0 0 0 0 11 0 0 0 0 11 0 0 11 0 0 0 0 0 0 0 11 11 
11 0 0 0 0 0 0 0 11 0 11 0 11 0 11 11 0 0 11 11 0 11 0 0 0 0 0 0 0 0 15 11 11 11 
11 0 0 0 0 0 11 0 0 0 0 11 0 0 0 0 11 0 0 0 0 0 11 0 11 11 0 0 15 0 0 0 0 11 
11 0 0 0 0 11 0 11 0 0 11 0 11 0 0 11 0 0 0 0 11 11 0 0 11 0 0 0 11 11 11 0 0 11 
11 0 0 0 0 0 0 0 0 0 0 0 0 0 0 0 0 0 11 11 0 0 11 11 0 0 0 0 0 0 0 0 11 11 
11 11 0 0 0 0 0 0 0 0 11 11 0 0 0 11 0 11 0 0 0 0 0 0 0 0 0 0 11 0 0 11 0 11 
11 11 0 0 0 0 0 0 0 0 0 0 0 11 0 0 0 0 0 0 0 0 0 0 11 11 0 0 0 0 0 0 0 11 
11 0 0 0 0 0 11 11 0 0 0 0 0 0 0 0 0 11 0 11 0 0 0 11 0 0 11 0 0 0 0 0 0 11 
11 11 0 11 11 0 0 11 0 0 11 0 0 0 0 0 0 0 11 0 11 0 0 0 0 11 0 0 0 0 0 0 0 11 
11 11 11 11 11 11 11 11 11 11 11 11 11 11 11 11 11 11 11 11 11 11 11 11 11 11 11 11 11 11 11 11 11 11 

13826
11 11 11 11 11 11 11 11 11 11 11 11 11 11 11 11 11 11 11 11 11 11 11 11 11 11 11 11 11 11 11 11 11 11 
11 11 0 0 0 0 0 0 0 0 0 0 0 0 0 0 0 0 0 0 0 0 0 0 0 0 0 0 0 0 0 0 0 11 
11 11 0 0 0 0 0 11 11 0 0 0 11 11 0 0 0 11 0 0 0 0 0 0 0 0 0 0 0 11 0 0 0 11 
11 0 0 0 0 0 11 0 0 11 0 0 0 0 11 11 0 0 0 0 0 0 11 0 0 0 0 0 11 0 0 0 0 11 
11 0 0 0 0 11 0 0 0 0 0 0 0 11 0 11 11 11 11 0 0 0 0 11 0 0 0 11 0 0 0 0 0 11 
11 0 0 0 0 0 0 11 0 0 0 0 0 0 0 0 0 11 0 0 0 11 0 15 0 11 0 0 0 15 0 0 0 11 
11 0 11 0 0 0 0 0 0 0 0 11 0 0 0 0 0 0 0 0 0 15 0 0 0 0 11 0 0 0 0 0 0 11 
11 0 0 0 11 0 0 0 0 0 11 11 11 11 0 11 0 0 0 0 0 0 0 0 0 11 11 11 11 0 0 0 0 11 
11 0 0 0 0 11 0 0 0 0 0 0 0 0 0 0 0 11 0 0 0 0 0 0 0 0 0 0 0 0 0 0 0 11 
11 0 0 0 0 0 0 0 0 0 14 11 15 11 11 0 0 0 0 0 11 0 0 0 0 0 0 11 0 11 0 11 11 11 
11 0 0 0 11 0 0 0 0 0 0 0 0 11 0 0 0 11 0 0 0 0 0 0 0 0 0 0 0 0 0 0 0 11 
11 11 0 0 0 0 0 0 0 11 0 0 0 11 0 0 0 0 11 0 0 0 0 11 0 0 0 0 0 0 0 0 0 11 
11 0 0 0 0 0 0 0 11 0 0 0 0 0 0 0 11 0 0 0 0 11 0 0 11 0 0 0 0 0 0 0 11 11 
11 0 0 0 0 0 0 0 11 0 11 0 11 0 11 11 0 0 11 11 0 11 0 0 0 0 0 0 0 0 15 11 11 11 
11 0 0 0 0 0 11 0 0 0 0 11 0 0 0 0 11 0 0 0 0 0 11 0 11 11 0 0 0 0 15 0 0 11 
11 0 0 0 0 11 0 11 0 0 11 0 11 0 0 11 0 0 0 0 11 11 0 0 11 0 0 0 11 11 11 0 0 11 
11 0 0 0 0 0 0 0 0 0 0 0 0 0 0 0 0 0 11 11 0 0 11 11 0 0 0 0 0 0 0 0 11 11 
11 11 0 0 0 0 0 0 0 0 11 11 0 0 0 11 0 11 0 0 0 0 0 0 0 0 0 0 11 0 0 11 0 11 
11 11 0 0 0 0 0 0 0 0 0 0 0 11 0 0 0 0 0 0 0 0 0 0 11 11 0 0 0 0 0 0 0 11 
11 0 0 0 0 0 11 11 0 0 0 0 0 0 0 0 0 11 0 11 0 0 0 11 0 0 11 0 0 0 0 0 0 11 
11 11 0 11 11 0 0 11 0 0 11 0 0 0 0 0 0 0 11 0 11 0 0 0 0 11 0 0 0 0 0 0 0 11 
11 11 11 11 11 11 11 11 11 11 11 11 11 11 11 11 11 11 11 11 11 11 11 11 11 11 11 11 11 11 11 11 11 11 

13858
11 11 11 11 11 11 11 11 11 11 11 11 11 11 11 11 11 11 11 11 11 11 11 11 11 11 11 11 11 11 11 11 11 11 
11 11 0 0 0 0 0 0 0 0 0 0 0 0 0 0 0 0 0 0 0 0 0 0 0 0 0 0 0 11 0 0 0 11 
11 11 0 0 0 0 0 11 0 0 0 0 11 11 0 0 0 11 0 0 0 0 0 0 0 0 0 0 0 11 0 0 0 11 
11 0 0 0 0 0 11 0 0 11 0 0 0 0 0 11 0 0 0 0 0 0 11 0 0 0 0 0 11 0 0 0 0 11 
11 0 0 0 0 11 0 0 0 0 0 0 0 11 0 11 11 11 11 0 0 0 0 11 0 0 0 11 0 0 0 0 0 11 
11 0 0 0 0 0 0 11 0 0 0 0 0 0 0 0 0 11 0 0 0 11 0 15 0 11 0 0 11 11 0 0 0 11 
11 0 11 0 0 11 0 0 0 0 0 11 0 0 0 0 0 0 0 0 0 0 0 0 0 0 11 0 0 0 0 0 0 11 
11 0 0 0 11 0 0 0 0 0 11 11 11 11 0 11 0 0 0 0 0 0 0 0 0 11 11 11 11 0 0 0 0 11 
11 0 0 0 0 11 0 0 0 0 0 0 0 0 0 0 0 11 0 0 0 0 0 0 0 0 0 15 0 0 0 0 0 11 
11 0 0 0 0 0 0 0 0 0 0 11 0 11 11 0 0 0 0 0 11 0 0 0 0 0 0 11 0 11 0 11 11 11 
11 0 0 0 11 0 0 0 0 0 0 0 0 11 0 0 0 11 0 0 0 0 0 0 0 0 0 0 0 0 0 0 0 11 
11 11 0 0 0 0 0 0 0 11 0 15 15 11 0 0 0 0 11 0 0 0 0 11 0 0 0 0 0 0 0 0 0 11 
11 0 0 0 0 0 0 0 11 0 0 0 0 0 0 0 11 0 0 0 0 11 0 0 11 0 0 0 0 0 0 0 11 11 
11 0 11 0 0 0 0 0 11 0 11 0 11 0 11 11 0 0 11 11 0 11 0 0 0 0 0 0 0 0 15 11 11 11 
11 0 0 0 0 0 11 0 0 0 0 11 0 0 0 0 11 0 0 0 0 0 11 0 11 11 0 0 0 15 0 0 0 11 
11 0 0 0 0 0 0 11 0 0 0 0 11 0 0 11 0 0 0 0 11 11 0 0 11 0 0 0 11 11 11 0 0 11 
11 0 0 0 0 0 0 0 0 0 0 0 0 0 0 0 0 0 11 11 0 0 11 11 0 0 0 0 0 0 0 0 11 11 
11 11 0 0 0 0 0 0 0 0 11 11 0 0 0 11 0 11 0 0 0 0 0 0 0 0 0 0 11 0 0 0 0 11 
11 11 0 0 0 0 0 0 0 11 0 0 0 11 0 0 0 0 0 0 0 0 0 0 11 11 0 0 0 0 0 0 0 11 
11 0 0 0 0 0 11 0 0 0 0 0 0 0 0 0 0 11 0 11 0 0 0 11 0 0 11 0 0 0 0 0 0 11 
11 11 0 11 11 0 0 11 0 0 11 0 0 0 0 0 0 0 11 0 11 0 0 0 0 11 0 0 11 0 0 0 0 11 
11 11 11 11 11 11 11 11 11 11 11 11 11 11 11 11 11 11 11 11 11 11 11 11 11 11 11 11 11 11 11 11 11 11 

13858
11 11 11 11 11 11 11 11 11 11 11 11 11 11 11 11 11 11 11 11 11 11 11 11 11 11 11 11 11 11 11 11 11 11 
11 11 0 0 0 0 0 0 0 0 0 0 0 0 0 0 0 0 0 0 0 0 0 0 0 0 0 0 0 11 0 0 0 11 
11 11 0 0 0 0 0 11 0 0 0 0 11 11 0 0 0 11 0 0 0 0 0 0 0 0 0 0 0 11 0 0 0 11 
11 0 0 0 0 0 11 0 0 11 0 0 0 0 0 11 0 0 0 0 0 0 11 0 0 0 0 0 11 0 0 0 0 11 
11 0 0 0 0 11 0 0 0 0 0 0 0 11 0 11 11 11 11 0 0 0 0 11 0 0 0 11 0 0 0 0 0 11 
11 0 0 0 0 0 0 11 0 0 0 0 0 0 0 0 0 11 0 0 0 11 0 15 0 11 0 0 11 11 0 0 0 11 
11 0 11 0 0 11 0 0 0 0 0 11 0 0 0 0 0 0 0 0 0 0 0 0 0 0 11 0 0 0 0 0 0 11 
11 0 0 0 11 0 0 0 0 0 11 11 11 11 0 11 0 0 0 0 0 0 0 0 0 11 11 11 11 0 0 0 0 11 
11 0 0 0 0 11 0 0 0 0 0 0 0 0 0 0 0 11 0 0 0 0 0 0 0 0 0 15 0 0 0 0 0 11 
11 0 0 0 0 0 0 0 0 0 0 11 0 11 11 0 0 0 0 0 11 0 0 0 0 0 0 11 0 11 0 11 11 11 
11 0 0 0 11 0 0 0 0 0 0 0 0 11 0 0 0 11 0 0 0 0 0 0 0 0 0 0 0 0 0 0 0 11 
11 11 0 0 0 0 0 0 0 11 0 15 15 11 0 0 0 0 11 0 0 0 0 11 0 0 0 0 0 0 0 0 0 11 
11 0 0 0 0 0 0 0 11 0 0 0 0 0 0 0 11 0 0 0 0 11 0 0 11 0 0 0 0 0 0 0 11 11 
11 0 11 0 0 0 0 0 11 0 11 0 11 0 11 11 0 0 11 11 0 11 0 0 0 0 0 0 0 0 15 11 11 11 
11 0 0 0 0 0 11 0 0 0 0 11 0 0 0 0 11 0 0 0 0 0 11 0 11 11 0 0 0 15 0 0 0 11 
11 0 0 0 0 0 0 11 0 0 0 0 11 0 0 11 0 0 0 0 11 11 0 0 11 0 0 0 11 11 11 0 0 11 
11 0 0 0 0 0 0 0 0 0 0 0 0 0 0 0 0 0 11 11 0 0 11 11 0 0 0 0 0 0 0 0 11 11 
11 11 0 0 0 0 0 0 0 0 11 11 0 0 0 11 0 11 0 0 0 0 0 0 0 0 0 0 11 0 0 0 0 11 
11 11 0 0 0 0 0 0 0 11 0 0 0 11 0 0 0 0 0 0 0 0 0 0 11 11 0 0 0 0 0 0 0 11 
11 0 0 0 0 0 11 0 0 0 0 0 0 0 0 0 0 11 0 11 0 0 0 11 0 0 11 0 0 0 0 0 0 11 
11 11 0 11 11 0 0 11 0 0 11 0 0 0 0 0 0 0 11 0 11 0 0 0 0 11 0 0 11 0 0 0 0 11 
11 11 11 11 11 11 11 11 11 11 11 11 11 11 11 11 11 11 11 11 11 11 11 11 11 11 11 11 11 11 11 11 11 11 

13858
11 11 11 11 11 11 11 11 11 11 11 11 11 11 11 11 11 11 11 11 11 11 11 11 11 11 11 11 11 11 11 11 11 11 
11 11 0 0 0 0 0 0 0 0 0 0 0 0 0 0 0 0 0 0 0 0 0 0 0 0 0 0 0 11 0 0 0 11 
11 11 0 0 0 0 0 11 0 0 0 0 11 11 0 0 0 11 0 0 0 0 0 0 0 0 0 0 0 11 0 0 0 11 
11 0 0 0 0 0 11 0 0 11 0 0 0 0 0 11 0 0 0 0 0 0 11 0 0 0 0 0 11 0 0 0 0 11 
11 0 0 0 0 11 0 0 0 0 0 0 0 11 0 11 11 11 11 0 0 0 0 11 0 0 0 11 0 0 0 0 0 11 
11 0 0 0 0 0 0 11 0 0 0 0 0 0 0 0 0 11 0 0 0 11 0 15 0 11 0 0 11 11 0 0 0 11 
11 0 11 0 0 11 0 0 0 0 0 11 0 0 0 0 0 0 0 0 0 0 0 0 0 0 11 0 0 0 0 0 0 11 
11 0 0 0 11 0 0 0 0 0 11 11 11 11 0 11 0 0 0 0 0 0 0 0 0 11 11 11 11 0 0 0 0 11 
11 0 0 0 0 11 0 0 0 0 0 0 0 0 0 0 0 11 0 0 0 0 0 0 0 0 0 15 0 0 0 0 0 11 
11 0 0 0 0 0 0 0 0 0 0 11 0 11 11 0 0 0 0 0 11 0 0 0 0 0 0 11 0 11 0 11 11 11 
11 0 0 0 11 0 0 0 0 0 0 0 0 11 0 0 0 11 0 0 0 0 0 0 0 0 0 0 0 0 0 0 0 11 
11 11 0 0 0 0 0 0 0 11 0 15 15 11 0 0 0 0 11 0 0 0 0 11 0 0 0 0 0 0 0 0 0 11 
11 0 0 0 0 0 0 0 11 0 0 0 0 0 0 0 11 0 0 0 0 11 0 0 11 0 0 0 0 0 0 0 11 11 
11 0 11 0 0 0 0 0 11 0 11 0 11 0 11 11 0 0 11 11 0 11 0 0 0 0 0 0 0 0 15 11 11 11 
11 0 0 0 0 0 11 0 0 0 0 11 0 0 0 0 11 0 0 0 0 0 11 0 11 11 0 0 0 15 0 0 0 11 
11 0 0 0 0 0 0 11 0 0 0 0 11 0 0 11 0 0 0 0 11 11 0 0 11 0 0 0 11 11 11 0 0 11 
11 0 0 0 0 0 0 0 0 0 0 0 0 0 0 0 0 0 11 11 0 0 11 11 0 0 0 0 0 0 0 0 11 11 
11 11 0 0 0 0 0 0 0 0 11 11 0 0 0 11 0 11 0 0 0 0 0 0 0 0 0 0 11 0 0 0 0 11 
11 11 0 0 0 0 0 0 0 11 0 0 0 11 0 0 0 0 0 0 0 0 0 0 11 11 0 0 0 0 0 0 0 11 
11 0 0 0 0 0 11 0 0 0 0 0 0 0 0 0 0 11 0 11 0 0 0 11 0 0 11 0 0 0 0 0 0 11 
11 11 0 11 11 0 0 11 0 0 11 0 0 0 0 0 0 0 11 0 11 0 0 0 0 11 0 0 11 0 0 0 0 11 
11 11 11 11 11 11 11 11 11 11 11 11 11 11 11 11 11 11 11 11 11 11 11 11 11 11 11 11 11 11 11 11 11 11 

13845
11 11 11 11 11 11 11 11 11 11 11 11 11 11 11 11 11 11 11 11 11 11 11 11 11 11 11 11 11 11 11 11 11 11 
11 11 0 0 0 0 0 0 0 0 0 0 0 0 0 0 0 0 0 0 0 0 0 0 0 0 0 0 0 11 0 0 0 11 
11 11 0 0 0 0 0 11 0 0 0 0 11 11 0 0 0 11 0 0 0 0 0 0 0 0 0 0 0 11 0 0 0 11 
11 0 0 0 0 0 11 0 0 11 0 0 0 0 0 11 0 0 0 0 0 0 11 0 0 0 0 0 11 0 0 0 0 11 
11 0 0 0 0 11 0 0 0 0 0 0 0 11 0 11 11 11 11 0 0 0 0 11 0 0 0 11 0 12 0 0 0 11 
11 0 0 0 0 0 0 11 0 0 0 0 0 0 0 0 0 11 0 0 0 11 0 0 0 11 0 0 11 15 0 0 0 11 
11 0 11 0 0 11 0 0 0 0 0 11 0 0 0 0 0 0 0 0 0 0 0 0 15 0 11 0 0 0 0 0 0 11 
11 0 0 0 11 0 0 0 0 0 11 11 11 11 0 11 0 0 0 0 0 0 0 0 0 11 11 11 11 0 0 0 0 11 
11 0 0 0 0 11 0 0 0 0 0 0 0 0 0 0 0 11 0 0 0 0 0 0 0 0 0 0 0 0 0 0 0 11 
11 0 0 0 0 0 0 0 0 0 0 11 0 11 11 0 0 0 0 0 11 0 0 0 0 0 0 11 0 11 0 11 11 11 
11 0 0 0 11 0 0 0 0 0 0 0 0 11 0 0 0 11 0 0 0 0 0 0 0 0 0 0 0 0 0 0 0 11 
11 11 0 0 0 0 0 0 0 11 0 15 15 11 0 0 0 0 11 0 0 0 0 11 0 0 0 0 0 0 0 0 0 11 
11 0 0 0 0 0 0 0 11 0 0 0 0 0 0 0 11 0 0 0 0 11 0 0 11 0 0 0 0 0 0 0 11 11 
11 0 11 0 0 0 0 0 11 0 11 0 11 0 11 11 0 0 11 11 0 11 0 0 0 0 0 0 15 0 15 11 11 11 
11 0 0 0 0 0 11 0 0 0 0 11 0 0 0 0 11 0 0 0 0 0 11 0 11 11 0 0 0 0 0 0 0 11 
11 0 0 0 0 0 0 11 0 0 0 0 11 0 0 11 0 0 0 0 11 11 0 0 11 0 0 0 11 11 11 0 0 11 
11 0 0 0 0 0 0 0 0 0 0 0 0 0 0 0 0 0 11 11 0 0 11 11 0 0 0 0 0 0 0 0 11 11 
11 11 0 0 0 0 0 0 0 0 11 11 0 0 0 11 0 11 0 0 0 0 0 0 0 0 0 0 11 0 0 0 0 11 
11 11 0 0 0 0 0 0 0 11 0 0 0 11 0 0 0 0 0 0 0 0 0 0 11 11 0 0 0 0 0 0 0 11 
11 0 0 0 0 0 11 0 0 0 0 0 0 0 0 0 0 11 0 11 0 0 0 11 0 0 11 0 0 0 0 0 0 11 
11 11 0 11 11 0 0 11 0 0 11 0 0 0 0 0 0 0 11 0 11 0 0 0 0 11 0 0 11 0 0 0 0 11 
11 11 11 11 11 11 11 11 11 11 11 11 11 11 11 11 11 11 11 11 11 11 11 11 11 11 11 11 11 11 11 11 11 11 

13845
11 11 11 11 11 11 11 11 11 11 11 11 11 11 11 11 11 11 11 11 11 11 11 11 11 11 11 11 11 11 11 11 11 11 
11 11 0 0 0 0 0 0 0 0 0 0 0 0 0 0 0 0 0 0 0 0 0 0 0 0 0 0 0 11 0 0 0 11 
11 11 0 0 0 0 0 11 0 0 0 0 11 11 0 0 0 11 0 0 0 0 0 0 0 0 0 0 0 11 0 0 0 11 
11 0 0 0 0 0 11 0 0 11 0 0 0 0 0 11 0 0 0 0 0 0 11 0 0 0 0 0 11 0 0 0 0 11 
11 0 0 0 0 11 0 0 0 0 0 0 0 11 0 11 11 11 11 0 0 0 0 11 0 0 0 11 0 12 0 0 0 11 
11 0 0 0 0 0 0 11 0 0 0 0 0 0 0 0 0 11 0 0 0 11 0 0 0 11 0 0 11 15 0 0 0 11 
11 0 11 0 0 11 0 0 0 0 0 11 0 0 0 0 0 0 0 0 0 0 0 0 15 0 11 0 0 0 0 0 0 11 
11 0 0 0 11 0 0 0 0 0 11 11 11 11 0 11 0 0 0 0 0 0 0 0 0 11 11 11 11 0 0 0 0 11 
11 0 0 0 0 11 0 0 0 0 0 0 0 0 0 0 0 11 0 0 0 0 0 0 0 0 0 0 0 0 0 0 0 11 
11 0 0 0 0 0 0 0 0 0 0 11 0 11 11 0 0 0 0 0 11 0 0 0 0 0 0 11 0 11 0 11 11 11 
11 0 0 0 11 0 0 0 0 0 0 0 0 11 0 0 0 11 0 0 0 0 0 0 0 0 0 0 0 0 0 0 0 11 
11 11 0 0 0 0 0 0 0 11 0 15 15 11 0 0 0 0 11 0 0 0 0 11 0 0 0 0 0 0 0 0 0 11 
11 0 0 0 0 0 0 0 11 0 0 0 0 0 0 0 11 0 0 0 0 11 0 0 11 0 0 0 0 0 0 0 11 11 
11 0 11 0 0 0 0 0 11 0 11 0 11 0 11 11 0 0 11 11 0 11 0 0 0 0 0 0 15 0 15 11 11 11 
11 0 0 0 0 0 11 0 0 0 0 11 0 0 0 0 11 0 0 0 0 0 11 0 11 11 0 0 0 0 0 0 0 11 
11 0 0 0 0 0 0 11 0 0 0 0 11 0 0 11 0 0 0 0 11 11 0 0 11 0 0 0 11 11 11 0 0 11 
11 0 0 0 0 0 0 0 0 0 0 0 0 0 0 0 0 0 11 11 0 0 11 11 0 0 0 0 0 0 0 0 11 11 
11 11 0 0 0 0 0 0 0 0 11 11 0 0 0 11 0 11 0 0 0 0 0 0 0 0 0 0 11 0 0 0 0 11 
11 11 0 0 0 0 0 0 0 11 0 0 0 11 0 0 0 0 0 0 0 0 0 0 11 11 0 0 0 0 0 0 0 11 
11 0 0 0 0 0 11 0 0 0 0 0 0 0 0 0 0 11 0 11 0 0 0 11 0 0 11 0 0 0 0 0 0 11 
11 11 0 11 11 0 0 11 0 0 11 0 0 0 0 0 0 0 11 0 11 0 0 0 0 11 0 0 11 0 0 0 0 11 
11 11 11 11 11 11 11 11 11 11 11 11 11 11 11 11 11 11 11 11 11 11 11 11 11 11 11 11 11 11 11 11 11 11 

