14321
11 11 11 11 11 11 11 11 11 11 11 11 11 11 11 11 11 11 11 11 11 11 11 11 11 11 11 11 11 11 11 11 11 11 11 11 
11 0 0 0 11 0 11 0 11 0 0 0 0 0 0 0 11 0 0 11 0 0 0 0 0 11 0 0 0 11 0 0 0 0 11 11 
11 0 0 11 0 0 0 0 0 11 0 11 0 0 11 0 0 0 0 0 0 0 0 0 0 0 0 0 0 0 11 0 0 0 0 11 
11 0 0 0 0 0 0 0 0 0 11 0 0 0 0 0 0 0 0 0 11 0 0 0 11 0 0 11 0 11 0 0 0 11 0 11 
11 0 0 0 0 0 0 0 0 0 0 0 11 11 0 0 0 0 0 0 0 0 0 0 0 0 0 0 0 0 0 0 0 0 0 11 
11 11 0 0 0 11 0 11 0 0 0 11 0 11 0 11 0 0 0 0 0 0 0 0 0 0 0 0 11 0 0 0 0 0 0 11 
11 0 11 0 0 11 0 11 0 11 0 0 11 0 11 0 0 0 0 11 0 0 0 0 0 0 0 11 0 0 11 11 11 0 0 11 
11 0 0 0 0 11 0 0 0 11 11 0 11 0 0 11 0 0 0 11 0 0 0 0 0 0 0 11 11 11 0 11 0 0 0 11 
11 0 0 0 0 0 0 0 0 11 0 0 0 0 0 11 0 11 11 11 11 0 11 0 0 11 0 0 0 0 11 0 0 0 0 11 
11 0 11 0 11 0 11 0 0 0 0 11 0 0 0 11 0 0 0 0 0 0 0 0 0 11 0 0 0 0 0 0 11 0 0 11 
11 0 11 0 0 0 11 0 0 0 0 0 0 0 0 0 0 0 11 0 11 0 0 0 0 11 0 0 0 11 0 0 11 11 0 11 
11 0 0 0 0 0 0 0 0 0 0 0 0 0 0 0 0 0 0 0 0 0 0 0 0 0 0 0 0 0 11 11 11 0 0 11 
11 11 0 0 0 0 0 0 11 0 0 11 11 0 0 11 11 0 0 0 0 11 0 0 0 0 0 0 0 0 0 0 0 0 0 11 
11 0 11 0 0 0 0 0 0 0 0 0 0 11 0 0 0 0 0 0 0 0 0 0 0 11 0 0 0 0 0 0 0 0 0 11 
11 0 0 11 0 0 0 0 0 11 0 15 0 0 0 0 11 0 0 0 0 15 0 0 11 0 0 0 0 0 0 11 0 0 0 11 
11 0 0 0 0 0 11 0 0 0 0 15 0 0 0 0 11 0 0 0 0 15 0 15 0 0 0 11 11 11 0 0 15 0 0 11 
11 0 11 0 0 11 0 0 0 0 0 0 0 0 0 0 11 0 0 0 0 0 11 0 0 11 0 0 0 11 0 0 0 0 11 11 
11 0 0 0 0 11 11 0 0 0 0 0 0 0 0 0 0 0 11 0 0 11 0 0 0 0 0 0 0 11 0 0 0 0 11 11 
11 11 11 0 0 0 0 0 0 0 0 11 11 0 0 0 0 0 0 0 0 0 0 11 0 0 0 0 0 0 0 0 0 0 0 11 
11 0 0 0 11 0 0 0 11 0 11 0 0 11 0 11 0 0 0 11 0 0 11 0 11 0 11 0 0 0 0 0 0 0 0 11 
11 0 0 0 0 11 0 0 0 0 0 0 0 0 0 0 0 11 0 0 0 0 0 11 0 0 0 0 0 11 0 0 0 0 0 11 
11 11 11 11 11 11 11 11 11 11 11 11 11 11 11 11 11 11 11 11 11 11 11 11 11 11 11 11 11 11 11 11 11 11 11 11 

14305
11 11 11 11 11 11 11 11 11 11 11 11 11 11 11 11 11 11 11 11 11 11 11 11 11 11 11 11 11 11 11 11 11 11 11 11 
11 0 0 0 11 0 11 0 11 0 0 0 0 0 0 0 11 0 0 11 0 0 0 0 0 11 0 0 0 11 0 0 0 0 11 11 
11 0 0 11 0 0 0 0 0 11 0 11 0 0 11 0 0 0 0 0 0 0 0 0 0 0 0 0 0 0 11 0 0 0 0 11 
11 0 0 0 0 0 0 0 0 0 11 0 0 0 0 0 0 0 0 0 11 0 0 0 11 0 0 11 0 11 0 0 0 11 0 11 
11 0 0 0 0 0 0 0 0 0 0 0 11 11 0 0 0 0 0 0 0 0 0 0 0 0 0 0 0 0 0 0 0 0 0 11 
11 11 0 0 0 11 0 11 0 0 0 11 0 11 0 11 0 0 0 0 0 0 0 0 0 0 0 0 11 0 0 0 0 0 0 11 
11 0 11 0 0 11 0 11 0 11 0 0 11 0 11 0 0 0 0 11 0 0 0 0 0 0 0 11 0 0 11 11 11 0 0 11 
11 0 0 0 0 11 0 0 0 11 11 0 11 0 0 11 0 0 0 11 0 0 0 0 0 0 0 11 11 11 0 11 0 0 0 11 
11 0 0 0 0 0 0 0 0 11 0 0 0 0 0 11 0 11 11 11 11 0 11 0 0 11 0 0 0 0 11 0 0 0 0 11 
11 0 11 0 11 0 11 0 0 0 0 11 0 0 0 11 0 0 0 0 0 0 0 0 0 11 0 0 0 0 0 0 11 0 0 11 
11 0 11 0 0 0 11 0 0 0 0 0 0 0 0 0 0 0 11 0 11 0 0 0 0 11 0 0 0 11 0 0 11 11 0 11 
11 0 0 0 0 0 0 0 0 0 0 0 0 0 0 0 0 0 0 0 0 0 0 0 0 0 0 0 0 0 11 11 11 0 0 11 
11 11 0 0 0 0 0 0 11 0 0 11 11 0 0 11 11 0 0 0 0 11 0 0 0 0 0 0 0 0 0 0 0 0 0 11 
11 0 11 0 0 0 0 0 0 0 15 0 0 11 0 0 0 0 0 0 0 0 0 0 0 11 0 0 0 0 0 0 0 0 0 11 
11 0 0 11 0 0 0 0 0 11 0 0 15 0 0 0 11 0 0 0 0 15 15 0 11 0 0 15 0 0 0 11 0 0 0 11 
11 0 0 0 0 0 11 0 0 0 0 0 0 0 0 0 11 0 0 0 0 0 0 0 0 0 0 11 11 11 0 0 0 0 0 11 
11 0 11 0 0 11 0 0 0 0 0 0 0 0 0 0 11 0 0 0 0 0 11 0 0 11 0 0 0 11 0 0 0 0 11 11 
11 0 0 0 0 11 11 0 0 0 0 0 15 0 0 0 0 0 11 0 0 11 0 0 0 0 0 15 0 11 0 0 0 0 11 11 
11 11 11 0 0 0 0 0 0 0 0 11 11 0 0 0 0 0 0 0 0 0 0 11 0 0 0 0 0 0 0 0 0 0 0 11 
11 0 0 0 11 0 0 0 11 0 11 0 0 11 0 11 0 0 0 11 0 0 11 0 11 0 11 0 0 0 0 0 0 0 0 11 
11 0 0 0 0 11 0 0 0 0 0 0 0 0 0 0 0 11 0 0 0 0 0 11 0 0 0 0 0 11 0 0 0 0 0 11 
11 11 11 11 11 11 11 11 11 11 11 11 11 11 11 11 11 11 11 11 11 11 11 11 11 11 11 11 11 11 11 11 11 11 11 11 

14305
11 11 11 11 11 11 11 11 11 11 11 11 11 11 11 11 11 11 11 11 11 11 11 11 11 11 11 11 11 11 11 11 11 11 11 11 
11 0 0 0 11 0 11 0 11 0 0 0 0 0 0 0 11 0 0 11 0 0 0 0 0 11 0 0 0 11 0 0 0 0 11 11 
11 0 0 11 0 0 0 0 0 11 0 11 0 0 11 0 0 0 0 0 0 0 0 0 0 0 0 0 0 0 11 0 0 0 0 11 
11 0 0 0 0 0 0 0 0 0 11 0 0 0 0 0 0 0 0 0 11 0 0 0 11 0 0 11 0 11 0 0 0 11 0 11 
11 0 0 0 0 0 0 0 0 0 0 0 11 11 0 0 0 0 0 0 0 0 0 0 0 0 0 0 0 0 0 0 0 0 0 11 
11 11 0 0 0 11 0 11 0 0 0 11 0 11 0 11 0 0 0 0 0 0 0 0 0 0 0 0 11 0 0 0 0 0 0 11 
11 0 11 0 0 11 0 11 0 11 0 0 11 0 11 0 0 0 0 11 0 0 0 0 0 0 0 11 0 0 11 11 11 0 0 11 
11 0 0 0 0 11 0 0 0 11 11 0 11 0 0 11 0 0 0 11 0 0 0 0 0 0 0 11 11 11 0 11 0 0 0 11 
11 0 0 0 0 0 0 0 0 11 0 0 0 0 0 11 0 11 11 11 11 0 11 0 0 11 0 0 0 0 11 0 0 0 0 11 
11 0 11 0 11 0 11 0 0 0 0 11 0 0 0 11 0 0 0 0 0 0 0 0 0 11 0 0 0 0 0 0 11 0 0 11 
11 0 11 0 0 0 11 0 0 0 0 0 0 0 0 0 0 0 11 0 11 0 0 0 0 11 0 0 0 11 0 0 11 11 0 11 
11 0 0 0 0 0 0 0 0 0 0 0 0 0 0 0 0 0 0 0 0 0 0 0 0 0 0 0 0 0 11 11 11 0 0 11 
11 11 0 0 0 0 0 0 11 0 0 11 11 0 0 11 11 0 0 0 0 11 0 0 0 0 0 0 0 0 0 0 0 0 0 11 
11 0 11 0 0 0 0 0 0 0 15 0 0 11 0 0 0 0 0 0 0 0 0 0 0 11 0 0 0 0 0 0 0 0 0 11 
11 0 0 11 0 0 0 0 0 11 0 0 15 0 0 0 11 0 0 0 0 15 15 0 11 0 0 15 0 0 0 11 0 0 0 11 
11 0 0 0 0 0 11 0 0 0 0 0 0 0 0 0 11 0 0 0 0 0 0 0 0 0 0 11 11 11 0 0 0 0 0 11 
11 0 11 0 0 11 0 0 0 0 0 0 0 0 0 0 11 0 0 0 0 0 11 0 0 11 0 0 0 11 0 0 0 0 11 11 
11 0 0 0 0 11 11 0 0 0 0 0 15 0 0 0 0 0 11 0 0 11 0 0 0 0 0 15 0 11 0 0 0 0 11 11 
11 11 11 0 0 0 0 0 0 0 0 11 11 0 0 0 0 0 0 0 0 0 0 11 0 0 0 0 0 0 0 0 0 0 0 11 
11 0 0 0 11 0 0 0 11 0 11 0 0 11 0 11 0 0 0 11 0 0 11 0 11 0 11 0 0 0 0 0 0 0 0 11 
11 0 0 0 0 11 0 0 0 0 0 0 0 0 0 0 0 11 0 0 0 0 0 11 0 0 0 0 0 11 0 0 0 0 0 11 
11 11 11 11 11 11 11 11 11 11 11 11 11 11 11 11 11 11 11 11 11 11 11 11 11 11 11 11 11 11 11 11 11 11 11 11 

14305
11 11 11 11 11 11 11 11 11 11 11 11 11 11 11 11 11 11 11 11 11 11 11 11 11 11 11 11 11 11 11 11 11 11 11 11 
11 0 0 0 11 0 11 0 11 0 0 0 0 0 0 0 11 0 0 11 0 0 0 0 0 11 0 0 0 11 0 0 0 0 11 11 
11 0 0 11 0 0 0 0 0 11 0 11 0 0 11 0 0 0 0 0 0 0 0 0 0 0 0 0 0 0 11 0 0 0 0 11 
11 0 0 0 0 0 0 0 0 0 11 0 0 0 0 0 0 0 0 0 11 0 0 0 11 0 0 11 0 11 0 0 0 11 0 11 
11 0 0 0 0 0 0 0 0 0 0 0 11 11 0 0 0 0 0 0 0 0 0 0 0 0 0 0 0 0 0 0 0 0 0 11 
11 11 0 0 0 11 0 11 0 0 0 11 0 11 0 11 0 0 0 0 0 0 0 0 0 0 0 0 11 0 0 0 0 0 0 11 
11 0 11 0 0 11 0 11 0 11 0 0 11 0 11 0 0 0 0 11 0 0 0 0 0 0 0 11 0 0 11 11 11 0 0 11 
11 0 0 0 0 11 0 0 0 11 11 0 11 0 0 11 0 0 0 11 0 0 0 0 0 0 0 11 11 11 0 11 0 0 0 11 
11 0 0 0 0 0 0 0 0 11 0 0 0 0 0 11 0 11 11 11 11 0 11 0 0 11 0 0 0 0 11 0 0 0 0 11 
11 0 11 0 11 0 11 0 0 0 0 11 0 0 0 11 0 0 0 0 0 0 0 0 0 11 0 0 0 0 0 0 11 0 0 11 
11 0 11 0 0 0 11 0 0 0 0 0 0 0 0 0 0 0 11 0 11 0 0 0 0 11 0 0 0 11 0 0 11 11 0 11 
11 0 0 0 0 0 0 0 0 0 0 0 0 0 0 0 0 0 0 0 0 0 0 0 0 0 0 0 0 0 11 11 11 0 0 11 
11 11 0 0 0 0 0 0 11 0 0 11 11 0 0 11 11 0 0 0 0 11 0 0 0 0 0 0 0 0 0 0 0 0 0 11 
11 0 11 0 0 0 0 0 0 0 15 0 0 11 0 0 0 0 0 0 0 0 0 0 0 11 0 0 0 0 0 0 0 0 0 11 
11 0 0 11 0 0 0 0 0 11 0 0 15 0 0 0 11 0 0 0 0 15 15 0 11 0 0 15 0 0 0 11 0 0 0 11 
11 0 0 0 0 0 11 0 0 0 0 0 0 0 0 0 11 0 0 0 0 0 0 0 0 0 0 11 11 11 0 0 0 0 0 11 
11 0 11 0 0 11 0 0 0 0 0 0 0 0 0 0 11 0 0 0 0 0 11 0 0 11 0 0 0 11 0 0 0 0 11 11 
11 0 0 0 0 11 11 0 0 0 0 0 15 0 0 0 0 0 11 0 0 11 0 0 0 0 0 15 0 11 0 0 0 0 11 11 
11 11 11 0 0 0 0 0 0 0 0 11 11 0 0 0 0 0 0 0 0 0 0 11 0 0 0 0 0 0 0 0 0 0 0 11 
11 0 0 0 11 0 0 0 11 0 11 0 0 11 0 11 0 0 0 11 0 0 11 0 11 0 11 0 0 0 0 0 0 0 0 11 
11 0 0 0 0 11 0 0 0 0 0 0 0 0 0 0 0 11 0 0 0 0 0 11 0 0 0 0 0 11 0 0 0 0 0 11 
11 11 11 11 11 11 11 11 11 11 11 11 11 11 11 11 11 11 11 11 11 11 11 11 11 11 11 11 11 11 11 11 11 11 11 11 

14302
11 11 11 11 11 11 11 11 11 11 11 11 11 11 11 11 11 11 11 11 11 11 11 11 11 11 11 11 11 11 11 11 11 11 11 11 
11 0 0 0 11 0 11 0 11 0 0 0 0 0 0 0 11 0 0 11 0 0 0 0 0 11 0 0 0 11 0 0 0 0 11 11 
11 0 0 11 0 0 0 0 0 11 0 11 0 0 11 0 0 0 0 0 0 0 0 0 0 0 0 0 0 0 11 0 0 0 0 11 
11 0 0 0 0 0 0 0 0 0 11 0 0 0 0 0 0 0 0 0 11 0 0 0 11 0 0 11 0 11 0 0 0 11 0 11 
11 0 0 0 0 0 0 0 0 0 0 0 11 11 0 0 0 0 0 0 0 0 0 0 0 0 0 0 0 0 0 0 0 0 0 11 
11 11 0 0 0 11 0 11 0 0 0 11 0 11 0 11 0 0 0 0 0 0 0 0 0 0 0 0 11 0 0 0 0 0 0 11 
11 0 11 0 0 11 0 11 0 11 0 0 11 0 11 0 0 0 0 11 0 0 0 0 0 0 0 11 0 0 11 11 11 0 0 11 
11 0 0 0 0 11 0 0 0 11 11 0 11 0 0 11 0 0 0 11 0 0 0 0 0 0 0 11 11 11 0 11 0 0 0 11 
11 0 0 0 0 0 0 0 0 11 0 0 0 0 0 11 0 11 11 11 11 0 11 0 0 11 0 0 0 0 11 0 0 0 0 11 
11 0 11 0 11 0 11 0 0 0 0 11 0 0 0 11 0 0 0 0 0 0 0 0 0 11 0 0 0 0 0 0 11 0 0 11 
11 0 11 0 0 0 11 0 0 0 0 0 0 0 0 0 0 0 11 0 11 0 0 0 0 11 0 0 0 11 0 0 11 11 0 11 
11 0 0 0 0 0 0 0 0 0 0 0 0 0 0 0 0 0 0 0 0 0 0 0 0 0 0 0 15 0 11 11 11 0 0 11 
11 11 0 0 0 0 0 0 11 0 0 11 11 0 0 11 11 0 0 0 0 11 0 0 0 0 0 0 0 0 0 0 0 0 0 11 
11 0 11 0 0 0 0 0 0 0 0 15 0 11 0 0 0 0 0 0 0 0 15 0 0 11 0 0 0 0 0 0 0 0 0 11 
11 0 0 11 0 0 0 0 0 11 0 0 15 0 0 0 11 0 0 0 0 0 0 0 11 0 0 0 0 0 0 11 0 0 0 11 
11 0 0 0 0 0 11 0 0 0 0 0 0 0 0 0 11 0 0 0 0 0 0 15 0 0 0 11 11 11 0 0 0 0 0 11 
11 0 11 0 0 11 0 0 0 0 0 0 0 0 0 0 11 0 0 0 0 0 11 0 0 11 0 0 0 11 0 0 0 0 11 11 
11 0 0 0 0 11 11 0 0 0 15 0 0 0 0 0 0 0 11 0 11 11 0 0 0 0 0 0 0 11 0 0 0 0 11 11 
11 11 11 0 0 0 0 0 0 0 0 11 11 0 0 0 0 0 0 0 0 0 0 11 0 0 0 0 0 0 0 0 0 0 0 11 
11 0 0 0 11 0 0 0 11 0 11 0 0 11 0 11 0 0 0 11 0 0 11 0 11 0 11 0 0 0 0 0 0 0 0 11 
11 0 0 0 0 11 0 0 0 0 0 0 0 0 0 0 0 11 0 0 0 0 0 11 0 0 0 0 0 11 0 0 0 0 0 11 
11 11 11 11 11 11 11 11 11 11 11 11 11 11 11 11 11 11 11 11 11 11 11 11 11 11 11 11 11 11 11 11 11 11 11 11 

14313
11 11 11 11 11 11 11 11 11 11 11 11 11 11 11 11 11 11 11 11 11 11 11 11 11 11 11 11 11 11 11 11 11 11 11 11 
11 0 0 0 11 0 11 0 11 0 0 0 0 0 0 0 11 0 0 11 0 0 0 0 0 11 0 0 0 11 0 0 0 0 0 11 
11 0 0 11 0 0 0 0 0 11 0 11 0 0 11 0 0 0 0 0 0 0 0 0 0 0 0 0 0 0 11 0 0 0 0 11 
11 0 0 0 0 0 0 0 0 0 11 0 0 0 0 0 0 0 0 0 11 0 0 0 11 0 0 11 0 11 0 0 0 11 0 11 
11 0 0 0 0 0 0 0 0 0 0 0 11 11 0 0 0 0 0 0 0 0 0 0 0 0 0 0 0 0 0 0 0 0 0 11 
11 11 0 0 0 0 0 11 0 0 0 11 0 11 0 11 0 0 0 0 0 0 0 0 0 0 0 0 11 0 0 0 0 0 0 11 
11 0 11 0 0 11 0 11 0 11 0 0 11 0 11 0 0 0 0 11 0 0 0 0 0 0 0 11 0 0 11 11 11 0 0 11 
11 0 0 0 0 11 0 0 0 11 11 0 11 0 0 11 0 0 0 11 0 0 0 0 0 0 0 11 11 11 0 11 0 0 0 11 
11 0 0 0 0 0 0 0 0 11 0 0 0 0 0 11 0 11 11 11 11 0 11 0 0 11 0 0 0 0 11 0 0 0 0 11 
11 0 11 0 11 0 11 0 0 0 0 11 0 0 0 11 0 0 0 0 11 0 0 0 0 11 0 0 0 0 0 0 11 0 0 11 
11 0 11 0 0 0 11 11 0 0 0 0 0 0 0 0 0 0 11 0 11 0 0 0 0 11 0 0 0 11 0 0 11 11 0 11 
11 0 0 0 0 0 0 0 0 0 0 0 0 0 0 0 0 0 0 0 0 0 0 0 0 0 0 0 15 0 11 11 11 0 0 11 
11 11 0 0 0 0 0 0 11 0 0 11 11 0 0 11 11 0 0 0 0 11 0 0 0 0 0 0 0 0 11 0 0 0 0 11 
11 0 11 0 0 0 0 0 0 0 0 0 0 11 0 0 0 0 0 0 0 0 0 0 0 11 0 0 0 0 0 0 0 0 0 11 
11 0 0 11 0 0 0 0 0 11 0 0 0 0 0 0 11 0 0 0 0 0 0 0 11 0 0 0 0 0 0 11 0 0 0 11 
11 0 0 0 0 0 11 0 0 0 15 15 0 0 0 0 11 0 0 0 15 15 0 0 0 0 0 11 11 11 0 0 0 0 0 11 
11 0 11 0 0 11 0 0 0 0 0 0 0 0 0 0 11 0 0 0 0 0 11 0 0 0 0 0 11 11 0 0 0 0 11 11 
11 0 0 0 0 11 11 0 0 0 0 0 0 0 0 0 0 0 11 0 0 11 15 0 0 0 0 0 0 11 0 0 0 0 11 11 
11 0 11 0 0 0 0 0 0 0 0 11 11 0 0 0 0 0 0 0 0 0 0 11 0 0 0 0 0 0 0 0 0 0 0 11 
11 0 0 0 11 0 0 0 11 0 11 0 0 11 0 11 0 0 0 11 0 0 11 0 11 0 11 0 0 0 0 0 0 0 0 11 
11 0 0 0 0 11 0 0 0 0 0 0 0 0 0 0 0 11 0 0 0 0 0 11 0 0 0 0 0 11 0 0 0 0 0 11 
11 11 11 11 11 11 11 11 11 11 11 11 11 11 11 11 11 11 11 11 11 11 11 11 11 11 11 11 11 11 11 11 11 11 11 11 

14303
11 11 11 11 11 11 11 11 11 11 11 11 11 11 11 11 11 11 11 11 11 11 11 11 11 11 11 11 11 11 11 11 11 11 11 11 
11 0 0 0 11 0 11 0 11 0 0 0 0 0 0 0 11 0 0 11 0 0 0 0 0 11 0 0 0 11 0 0 0 0 0 11 
11 0 0 11 0 0 0 0 0 11 0 11 0 0 11 0 0 0 0 0 0 0 0 0 0 0 0 0 0 0 11 0 0 0 0 11 
11 0 0 0 0 0 0 0 0 0 11 0 0 0 0 0 0 0 0 0 11 0 0 0 11 0 0 11 0 11 0 0 0 11 0 11 
11 0 0 0 0 0 0 0 0 0 0 0 11 11 0 0 0 0 0 0 0 0 0 0 0 0 0 0 0 0 0 0 0 0 0 11 
11 11 0 0 0 0 0 11 0 0 0 11 0 11 0 11 0 0 0 0 0 0 0 0 0 0 0 0 11 0 0 0 0 0 0 11 
11 0 11 0 0 11 0 11 0 11 0 0 11 0 11 0 0 0 0 11 0 0 0 0 0 0 0 11 0 0 11 11 11 0 0 11 
11 0 0 0 0 11 0 0 0 11 11 0 11 0 0 11 0 0 0 11 0 0 0 0 0 0 0 11 11 11 0 11 0 0 0 11 
11 0 0 0 0 0 0 0 0 11 0 0 0 0 0 11 0 11 11 11 11 0 11 0 0 11 0 0 0 0 11 0 0 0 0 11 
11 0 11 0 11 0 11 0 0 0 0 11 0 0 0 11 0 0 0 0 11 0 0 0 0 11 0 0 0 0 0 0 11 0 0 11 
11 0 11 0 0 0 11 11 0 0 0 0 0 0 0 0 0 0 11 0 11 0 0 0 0 11 0 0 0 11 0 0 11 11 0 11 
11 0 0 0 0 0 0 0 0 0 0 0 0 0 0 0 0 0 0 0 0 0 0 0 0 0 0 0 0 0 11 11 11 0 0 11 
11 11 0 0 0 0 0 0 11 0 0 11 11 0 0 11 11 0 0 0 0 11 0 0 0 0 0 15 0 0 11 0 0 0 0 11 
11 0 11 0 0 0 0 0 0 0 0 0 0 11 0 0 0 0 0 0 0 0 15 0 0 11 0 0 0 0 0 0 0 0 0 11 
11 0 0 11 0 0 0 0 0 11 0 15 0 0 0 0 11 0 0 0 14 15 0 0 11 0 0 0 0 0 0 11 0 0 0 11 
11 0 0 0 0 0 11 0 0 0 0 15 0 0 0 0 11 0 0 0 0 0 0 0 0 0 0 11 11 11 0 0 0 0 0 11 
11 0 11 0 0 11 0 0 0 0 0 0 0 0 0 0 11 0 0 0 0 0 11 0 0 0 0 0 11 11 0 0 0 0 11 11 
11 0 0 0 0 11 11 0 0 0 0 0 0 0 0 0 0 0 11 0 0 11 0 0 0 0 0 15 0 11 0 0 0 0 11 11 
11 0 11 0 0 0 0 0 0 0 0 11 11 0 0 0 0 0 0 0 0 0 0 11 0 0 0 0 0 0 0 0 0 0 0 11 
11 0 0 0 11 0 0 0 11 0 11 0 0 11 0 11 0 0 0 11 0 0 11 0 11 0 11 0 0 0 0 0 0 0 0 11 
11 0 0 0 0 11 0 0 0 0 0 0 0 0 0 0 0 11 0 0 0 0 0 11 0 0 0 0 0 11 0 0 0 0 0 11 
11 11 11 11 11 11 11 11 11 11 11 11 11 11 11 11 11 11 11 11 11 11 11 11 11 11 11 11 11 11 11 11 11 11 11 11 

14303
11 11 11 11 11 11 11 11 11 11 11 11 11 11 11 11 11 11 11 11 11 11 11 11 11 11 11 11 11 11 11 11 11 11 11 11 
11 0 0 0 11 0 11 0 11 0 0 0 0 0 0 0 11 0 0 11 0 0 0 0 0 11 0 0 0 11 0 0 0 0 0 11 
11 0 0 11 0 0 0 0 0 11 0 11 0 0 11 0 0 0 0 0 0 0 0 0 0 0 0 0 0 0 11 0 0 0 0 11 
11 0 0 0 0 0 0 0 0 0 11 0 0 0 0 0 0 0 0 0 11 0 0 0 11 0 0 11 0 11 0 0 0 11 0 11 
11 0 0 0 0 0 0 0 0 0 0 0 11 11 0 0 0 0 0 0 0 0 0 0 0 0 0 0 0 0 0 0 0 0 0 11 
11 11 0 0 0 0 0 11 0 0 0 11 0 11 0 11 0 0 0 0 0 0 0 0 0 0 0 0 11 0 0 0 0 0 0 11 
11 0 11 0 0 11 0 11 0 11 0 0 11 0 11 0 0 0 0 11 0 0 0 0 0 0 0 11 0 0 11 11 11 0 0 11 
11 0 0 0 0 11 0 0 0 11 11 0 11 0 0 11 0 0 0 11 0 0 0 0 0 0 0 11 11 11 0 11 0 0 0 11 
11 0 0 0 0 0 0 0 0 11 0 0 0 0 0 11 0 11 11 11 11 0 11 0 0 11 0 0 0 0 11 0 0 0 0 11 
11 0 11 0 11 0 11 0 0 0 0 11 0 0 0 11 0 0 0 0 11 0 0 0 0 11 0 0 0 0 0 0 11 0 0 11 
11 0 11 0 0 0 11 11 0 0 0 0 0 0 0 0 0 0 11 0 11 0 0 0 0 11 0 0 0 11 0 0 11 11 0 11 
11 0 0 0 0 0 0 0 0 0 0 0 0 0 0 0 0 0 0 0 0 0 0 0 0 0 0 0 0 0 11 11 11 0 0 11 
11 11 0 0 0 0 0 0 11 0 0 11 11 0 0 11 11 0 0 0 0 11 0 0 0 0 0 15 0 0 11 0 0 0 0 11 
11 0 11 0 0 0 0 0 0 0 0 0 0 11 0 0 0 0 0 0 0 0 15 0 0 11 0 0 0 0 0 0 0 0 0 11 
11 0 0 11 0 0 0 0 0 11 0 15 0 0 0 0 11 0 0 0 14 15 0 0 11 0 0 0 0 0 0 11 0 0 0 11 
11 0 0 0 0 0 11 0 0 0 0 15 0 0 0 0 11 0 0 0 0 0 0 0 0 0 0 11 11 11 0 0 0 0 0 11 
11 0 11 0 0 11 0 0 0 0 0 0 0 0 0 0 11 0 0 0 0 0 11 0 0 0 0 0 11 11 0 0 0 0 11 11 
11 0 0 0 0 11 11 0 0 0 0 0 0 0 0 0 0 0 11 0 0 11 0 0 0 0 0 15 0 11 0 0 0 0 11 11 
11 0 11 0 0 0 0 0 0 0 0 11 11 0 0 0 0 0 0 0 0 0 0 11 0 0 0 0 0 0 0 0 0 0 0 11 
11 0 0 0 11 0 0 0 11 0 11 0 0 11 0 11 0 0 0 11 0 0 11 0 11 0 11 0 0 0 0 0 0 0 0 11 
11 0 0 0 0 11 0 0 0 0 0 0 0 0 0 0 0 11 0 0 0 0 0 11 0 0 0 0 0 11 0 0 0 0 0 11 
11 11 11 11 11 11 11 11 11 11 11 11 11 11 11 11 11 11 11 11 11 11 11 11 11 11 11 11 11 11 11 11 11 11 11 11 

14303
11 11 11 11 11 11 11 11 11 11 11 11 11 11 11 11 11 11 11 11 11 11 11 11 11 11 11 11 11 11 11 11 11 11 11 11 
11 0 0 0 11 0 11 0 11 0 0 0 0 0 0 0 11 0 0 11 0 0 0 0 0 11 0 0 0 11 0 0 0 0 0 11 
11 0 0 11 0 0 0 0 0 11 0 11 0 0 11 0 0 0 0 0 0 0 0 0 0 0 0 0 0 0 11 0 0 0 0 11 
11 0 0 0 0 0 0 0 0 0 11 0 0 0 0 0 0 0 0 0 11 0 0 0 11 0 0 11 0 11 0 0 0 11 0 11 
11 0 0 0 0 0 0 0 0 0 0 0 11 11 0 0 0 0 0 0 0 0 0 0 0 0 0 0 0 0 0 0 0 0 0 11 
11 11 0 0 0 0 0 11 0 0 0 11 0 11 0 11 0 0 0 0 0 0 0 0 0 0 0 0 11 0 0 0 0 0 0 11 
11 0 11 0 0 11 0 11 0 11 0 0 11 0 11 0 0 0 0 11 0 0 0 0 0 0 0 11 0 0 11 11 11 0 0 11 
11 0 0 0 0 11 0 0 0 11 11 0 11 0 0 11 0 0 0 11 0 0 0 0 0 0 0 11 11 11 0 11 0 0 0 11 
11 0 0 0 0 0 0 0 0 11 0 0 0 0 0 11 0 11 11 11 11 0 11 0 0 11 0 0 0 0 11 0 0 0 0 11 
11 0 11 0 11 0 11 0 0 0 0 11 0 0 0 11 0 0 0 0 11 0 0 0 0 11 0 0 0 0 0 0 11 0 0 11 
11 0 11 0 0 0 11 11 0 0 0 0 0 0 0 0 0 0 11 0 11 0 0 0 0 11 0 0 0 11 0 0 11 11 0 11 
11 0 0 0 0 0 0 0 0 0 0 0 0 0 0 0 0 0 0 0 0 0 0 0 0 0 0 0 0 0 11 11 11 0 0 11 
11 11 0 0 0 0 0 0 11 0 0 11 11 0 0 11 11 0 0 0 0 11 0 0 0 0 0 15 0 0 11 0 0 0 0 11 
11 0 11 0 0 0 0 0 0 0 0 0 0 11 0 0 0 0 0 0 0 0 15 0 0 11 0 0 0 0 0 0 0 0 0 11 
11 0 0 11 0 0 0 0 0 11 0 15 0 0 0 0 11 0 0 0 14 15 0 0 11 0 0 0 0 0 0 11 0 0 0 11 
11 0 0 0 0 0 11 0 0 0 0 15 0 0 0 0 11 0 0 0 0 0 0 0 0 0 0 11 11 11 0 0 0 0 0 11 
11 0 11 0 0 11 0 0 0 0 0 0 0 0 0 0 11 0 0 0 0 0 11 0 0 0 0 0 11 11 0 0 0 0 11 11 
11 0 0 0 0 11 11 0 0 0 0 0 0 0 0 0 0 0 11 0 0 11 0 0 0 0 0 15 0 11 0 0 0 0 11 11 
11 0 11 0 0 0 0 0 0 0 0 11 11 0 0 0 0 0 0 0 0 0 0 11 0 0 0 0 0 0 0 0 0 0 0 11 
11 0 0 0 11 0 0 0 11 0 11 0 0 11 0 11 0 0 0 11 0 0 11 0 11 0 11 0 0 0 0 0 0 0 0 11 
11 0 0 0 0 11 0 0 0 0 0 0 0 0 0 0 0 11 0 0 0 0 0 11 0 0 0 0 0 11 0 0 0 0 0 11 
11 11 11 11 11 11 11 11 11 11 11 11 11 11 11 11 11 11 11 11 11 11 11 11 11 11 11 11 11 11 11 11 11 11 11 11 

14292
11 11 11 11 11 11 11 11 11 11 11 11 11 11 11 11 11 11 11 11 11 11 11 11 11 11 11 11 11 11 11 11 11 11 11 11 
11 0 0 0 11 0 11 0 11 0 0 0 0 0 0 0 11 0 0 11 0 0 0 0 0 11 0 0 0 11 0 0 0 0 0 11 
11 0 0 11 0 0 0 0 0 11 0 11 0 0 11 0 0 0 0 0 0 0 0 0 0 0 0 0 0 0 11 0 0 0 0 11 
11 0 0 0 0 0 0 0 0 0 11 0 0 0 0 0 0 0 0 0 11 0 0 0 11 0 0 11 0 11 0 0 0 11 0 11 
11 0 0 0 0 0 0 0 0 0 0 0 11 11 0 0 0 0 0 0 0 0 0 0 0 0 0 0 0 0 0 0 0 0 0 11 
11 11 0 0 0 0 0 11 0 0 0 11 0 11 0 11 0 0 0 0 0 0 0 0 0 0 0 0 11 0 0 0 0 0 0 11 
11 0 11 0 0 11 0 11 0 11 0 0 11 0 11 0 0 0 0 11 0 0 0 0 0 0 0 11 0 0 11 11 11 0 0 11 
11 0 0 0 0 11 0 0 0 11 11 0 11 0 0 11 0 0 0 11 0 0 0 0 0 0 0 11 11 11 0 11 0 0 0 11 
11 0 0 0 0 11 0 0 0 11 0 0 0 0 0 11 0 11 11 11 11 0 11 0 0 11 0 0 0 0 11 0 0 0 0 11 
11 0 11 0 11 0 11 0 0 0 0 11 0 0 0 11 0 0 0 0 11 0 0 0 0 11 0 0 0 0 0 0 11 0 0 11 
11 0 11 0 0 0 11 11 0 0 0 0 0 0 0 0 0 0 11 0 11 0 0 0 0 11 0 0 0 11 0 0 11 11 0 11 
11 0 0 0 0 0 0 0 0 0 0 0 0 0 0 0 0 0 0 0 0 0 0 0 0 0 0 0 0 0 11 11 11 0 0 11 
11 11 0 0 0 0 0 0 11 0 0 11 11 0 0 11 11 0 0 0 0 11 0 0 0 0 0 15 0 0 11 0 0 0 0 11 
11 0 11 0 0 0 0 0 0 0 0 0 0 11 0 0 0 0 0 0 0 0 15 0 0 11 0 13 0 0 0 0 0 0 0 11 
11 0 0 11 0 0 0 0 0 11 0 0 0 0 0 0 11 0 0 0 0 15 0 0 11 0 0 0 0 0 0 11 0 0 0 11 
11 0 0 0 0 0 11 0 0 0 0 0 0 0 0 0 11 0 0 0 0 0 0 0 0 0 0 11 11 11 0 0 0 0 0 11 
11 0 11 0 0 11 0 0 0 15 0 15 0 0 0 0 11 0 0 0 0 0 11 0 0 0 0 0 11 11 0 0 0 0 11 11 
11 0 0 0 0 11 11 0 0 0 0 0 0 0 0 0 0 0 11 0 0 11 15 0 0 0 0 0 0 11 0 0 0 0 11 11 
11 0 11 0 0 0 0 0 0 0 0 11 11 0 0 0 0 0 0 11 0 0 0 11 0 0 0 0 0 0 0 0 0 0 0 11 
11 0 0 0 11 0 0 0 11 0 11 0 0 11 0 11 0 0 0 11 0 0 11 0 11 0 11 0 0 0 0 0 0 0 0 11 
11 0 0 0 0 11 0 0 0 0 0 0 0 0 0 0 0 11 0 0 0 0 0 11 0 0 0 0 0 11 0 0 0 0 0 11 
11 11 11 11 11 11 11 11 11 11 11 11 11 11 11 11 11 11 11 11 11 11 11 11 11 11 11 11 11 11 11 11 11 11 11 11 

14320
11 11 11 11 11 11 11 11 11 11 11 11 11 11 11 11 11 11 11 11 11 11 11 11 11 11 11 11 11 11 11 11 11 11 11 11 
11 0 0 0 11 0 11 0 11 0 0 0 0 0 0 0 11 0 0 11 0 0 0 0 0 11 0 0 0 11 0 0 0 0 0 11 
11 0 11 11 0 0 0 0 0 11 0 11 0 0 11 0 0 0 0 0 0 0 0 0 0 0 0 0 0 0 0 0 0 0 0 11 
11 0 0 0 0 0 0 0 0 0 11 0 0 0 0 0 0 0 0 0 11 0 0 0 11 0 0 11 0 11 0 0 0 11 0 11 
11 0 0 0 0 0 0 0 0 0 0 0 11 11 0 0 0 0 0 0 0 0 0 0 0 0 0 0 0 0 0 0 0 0 0 11 
11 11 0 0 0 11 0 11 0 0 0 11 0 11 0 0 0 0 0 0 0 0 0 0 0 0 0 0 11 0 0 0 0 0 0 11 
11 0 11 0 0 0 0 11 0 11 0 0 11 0 11 0 0 0 0 11 0 0 0 0 0 0 0 11 0 0 11 11 11 0 0 11 
11 0 0 0 0 11 0 0 0 11 11 0 11 0 0 11 0 0 0 11 0 0 0 0 0 0 0 11 11 11 0 11 0 0 0 11 
11 0 0 0 0 0 0 0 0 11 0 0 0 0 0 11 0 11 11 11 11 0 11 0 0 11 0 0 0 0 11 0 0 0 0 11 
11 0 11 0 11 0 11 0 0 0 0 11 0 0 0 11 0 0 0 0 11 0 0 0 0 11 0 0 0 0 0 0 11 0 0 11 
11 0 11 0 0 0 11 11 0 0 0 0 0 0 0 0 0 0 11 0 11 0 0 0 0 11 0 0 0 11 0 0 11 11 11 11 
11 0 0 0 0 0 0 0 0 0 0 0 0 0 0 0 0 0 0 0 0 0 0 0 0 0 0 0 0 0 11 11 11 0 0 11 
11 11 0 0 0 0 0 0 11 0 0 11 11 0 0 11 11 0 0 0 0 11 0 0 0 0 0 0 0 0 11 0 0 0 0 11 
11 0 11 0 0 0 0 0 0 0 0 0 0 11 0 0 0 0 0 0 0 0 0 0 0 11 0 0 0 0 0 0 0 0 0 11 
11 0 0 11 0 0 0 0 0 11 15 0 15 0 0 0 11 0 0 0 0 15 0 0 11 0 0 15 0 0 0 11 0 0 0 11 
11 0 0 0 0 0 11 0 0 0 0 0 0 0 0 0 11 0 0 0 15 0 15 0 0 0 0 11 0 11 0 0 0 0 0 11 
11 0 11 0 0 11 0 0 0 0 11 0 0 0 0 0 11 0 0 0 0 0 11 0 0 11 0 0 0 11 0 0 0 0 11 11 
11 0 0 0 0 11 11 0 0 0 0 0 0 0 0 0 0 0 11 0 0 11 0 0 0 0 0 0 0 11 0 0 0 0 11 11 
11 11 11 0 0 0 0 0 0 0 0 11 11 0 0 0 0 0 0 0 0 0 0 11 0 0 0 0 0 0 0 0 0 0 0 11 
11 0 0 0 11 0 0 0 11 0 11 0 0 11 0 11 0 0 0 11 0 0 11 0 11 0 11 0 0 0 0 0 0 0 0 11 
11 0 0 0 0 11 0 0 0 0 0 0 0 0 0 0 0 11 0 0 0 0 0 11 0 0 0 0 0 11 0 0 0 0 0 11 
11 11 11 11 11 11 11 11 11 11 11 11 11 11 11 11 11 11 11 11 11 11 11 11 11 11 11 11 11 11 11 11 11 11 11 11 

14320
11 11 11 11 11 11 11 11 11 11 11 11 11 11 11 11 11 11 11 11 11 11 11 11 11 11 11 11 11 11 11 11 11 11 11 11 
11 0 0 0 11 0 11 0 11 0 0 0 0 0 0 0 11 0 0 11 0 0 0 0 0 11 0 0 0 11 0 0 0 0 0 11 
11 0 11 11 0 0 0 0 0 11 0 11 0 0 11 0 0 0 0 0 0 0 0 0 0 0 0 0 0 0 0 0 0 0 0 11 
11 0 0 0 0 0 0 0 0 0 11 0 0 0 0 0 0 0 0 0 11 0 0 0 11 0 0 11 0 11 0 0 0 11 0 11 
11 0 0 0 0 0 0 0 0 0 0 0 11 11 0 0 0 0 0 0 0 0 0 0 0 0 0 0 0 0 0 0 0 0 0 11 
11 11 0 0 0 11 0 11 0 0 0 11 0 11 0 0 0 0 0 0 0 0 0 0 0 0 0 0 11 0 0 0 0 0 0 11 
11 0 11 0 0 0 0 11 0 11 0 0 11 0 11 0 0 0 0 11 0 0 0 0 0 0 0 11 0 0 11 11 11 0 0 11 
11 0 0 0 0 11 0 0 0 11 11 0 11 0 0 11 0 0 0 11 0 0 0 0 0 0 0 11 11 11 0 11 0 0 0 11 
11 0 0 0 0 0 0 0 0 11 0 0 0 0 0 11 0 11 11 11 11 0 11 0 0 11 0 0 0 0 11 0 0 0 0 11 
11 0 11 0 11 0 11 0 0 0 0 11 0 0 0 11 0 0 0 0 11 0 0 0 0 11 0 0 0 0 0 0 11 0 0 11 
11 0 11 0 0 0 11 11 0 0 0 0 0 0 0 0 0 0 11 0 11 0 0 0 0 11 0 0 0 11 0 0 11 11 0 11 
11 0 0 0 0 0 0 0 0 0 0 0 0 0 0 0 0 0 0 0 0 0 0 0 0 0 0 0 0 0 11 11 11 0 0 11 
11 11 0 0 0 0 0 0 11 0 0 11 11 0 0 11 11 0 0 0 0 11 0 0 0 0 0 0 0 0 11 0 0 0 0 11 
11 0 11 0 0 0 0 0 0 0 0 15 0 11 0 0 0 0 0 0 0 0 15 0 0 11 0 0 0 0 0 0 0 0 0 11 
11 0 0 11 0 0 0 0 0 11 0 0 15 0 0 0 11 0 0 0 0 0 0 0 11 0 0 15 0 0 0 11 0 0 0 11 
11 0 0 0 0 0 11 0 0 0 0 0 0 0 0 0 11 0 0 0 0 0 0 0 0 0 0 11 0 11 0 0 0 0 0 11 
11 0 11 0 0 11 0 0 0 0 11 15 0 0 0 0 11 0 0 0 0 0 11 0 0 11 0 0 0 11 0 0 0 0 11 11 
11 0 0 0 0 11 11 0 0 0 0 0 0 0 0 0 0 0 11 0 0 11 0 15 0 0 0 0 0 11 0 0 0 0 11 11 
11 11 11 0 0 0 0 0 0 0 0 11 11 0 0 0 0 0 0 0 0 0 0 11 0 0 0 0 0 0 0 0 0 0 0 11 
11 0 0 0 11 0 0 0 11 0 11 0 0 11 0 11 0 0 0 11 0 0 11 0 11 0 11 0 0 0 0 0 0 0 0 11 
11 0 0 0 0 11 0 0 0 0 0 0 0 0 0 0 0 11 0 0 0 0 0 11 0 0 0 0 0 11 0 0 0 0 0 11 
11 11 11 11 11 11 11 11 11 11 11 11 11 11 11 11 11 11 11 11 11 11 11 11 11 11 11 11 11 11 11 11 11 11 11 11 

14317
11 11 11 11 11 11 11 11 11 11 11 11 11 11 11 11 11 11 11 11 11 11 11 11 11 11 11 11 11 11 11 11 11 11 11 11 
11 0 0 0 11 0 11 0 11 0 0 0 0 0 0 0 11 0 0 11 0 0 0 0 0 11 0 0 0 11 0 0 0 0 0 11 
11 0 11 11 0 0 0 0 0 11 0 11 0 0 11 0 0 0 0 0 0 0 0 0 0 0 0 0 0 0 0 0 0 0 0 11 
11 0 0 0 0 0 0 0 0 0 11 0 0 0 0 0 0 0 0 0 11 0 0 0 11 0 0 11 0 11 0 0 0 11 0 11 
11 0 0 0 0 0 0 0 0 0 0 0 11 11 0 0 0 0 0 0 0 0 0 0 0 0 0 0 0 0 0 0 0 0 0 11 
11 11 0 0 0 11 0 11 0 0 0 11 0 11 0 0 0 0 0 0 0 0 0 0 0 0 0 0 11 0 0 0 0 0 0 11 
11 0 11 0 0 0 0 11 0 11 0 0 11 0 11 0 0 0 0 11 0 0 0 0 0 0 0 11 0 0 11 11 11 0 0 11 
11 0 0 0 0 11 0 0 0 11 11 0 11 0 0 11 0 0 0 11 0 0 0 0 0 0 0 11 11 11 0 11 0 0 0 11 
11 0 0 0 0 0 0 0 0 11 0 0 0 0 0 11 0 11 11 11 11 0 11 0 0 11 0 0 0 0 11 0 0 0 0 11 
11 0 11 0 11 0 11 0 0 0 0 11 0 0 0 11 0 0 0 0 11 0 0 0 0 11 0 0 0 0 0 0 11 0 0 11 
11 0 11 0 0 0 11 11 0 0 0 0 0 0 0 0 0 0 11 0 11 0 0 0 0 11 0 0 0 11 0 0 11 11 0 11 
11 0 0 0 0 0 0 0 0 0 0 0 0 0 0 0 0 0 0 0 0 0 0 0 0 0 0 0 0 0 11 11 11 0 0 11 
11 11 0 0 0 0 0 0 11 0 0 11 11 0 0 11 11 0 0 0 0 11 0 0 0 0 0 0 0 0 11 0 0 0 0 11 
11 0 11 0 0 0 0 0 0 0 15 0 0 11 0 0 0 0 0 0 0 0 0 0 0 11 0 0 0 0 0 0 0 0 0 11 
11 0 0 11 0 0 0 0 0 11 0 15 15 0 0 0 11 0 0 0 0 15 0 0 11 0 0 0 0 0 0 11 0 0 0 11 
11 0 0 0 0 0 11 0 0 0 0 0 0 0 0 0 11 0 0 0 0 15 0 0 0 0 0 11 0 11 0 0 0 0 0 11 
11 0 11 0 0 11 0 0 0 0 11 0 0 0 0 0 11 0 0 0 0 0 11 0 0 11 0 0 0 11 0 15 0 0 11 11 
11 0 0 0 0 11 11 0 0 0 0 0 0 0 0 0 0 0 11 0 0 11 0 0 0 0 0 0 0 11 0 0 0 0 11 11 
11 11 11 0 0 0 0 0 0 0 0 11 11 0 0 0 0 0 0 0 0 0 0 11 0 0 0 0 15 0 0 0 0 0 0 11 
11 0 0 0 11 0 0 0 11 0 11 0 0 11 0 11 0 0 0 11 0 0 11 0 11 0 11 0 0 0 0 0 0 0 0 11 
11 0 0 0 0 11 0 0 0 0 0 0 0 0 0 0 0 11 0 0 0 0 0 11 0 0 0 0 0 11 0 0 0 0 0 11 
11 11 11 11 11 11 11 11 11 11 11 11 11 11 11 11 11 11 11 11 11 11 11 11 11 11 11 11 11 11 11 11 11 11 11 11 

14317
11 11 11 11 11 11 11 11 11 11 11 11 11 11 11 11 11 11 11 11 11 11 11 11 11 11 11 11 11 11 11 11 11 11 11 11 
11 0 0 0 11 0 11 0 11 0 0 0 0 0 0 0 11 0 0 11 0 0 0 0 0 11 0 0 0 11 0 0 0 0 0 11 
11 0 11 11 0 0 0 0 0 11 0 11 0 0 11 0 0 0 0 0 0 0 0 0 0 0 0 0 0 0 0 0 0 0 0 11 
11 0 0 0 0 0 0 0 0 0 11 0 0 0 0 0 0 0 0 0 11 0 0 0 11 0 0 11 0 11 0 0 0 11 0 11 
11 0 0 0 0 0 0 0 0 0 0 0 11 11 0 0 0 0 0 0 0 0 0 0 0 0 0 0 0 0 0 0 0 0 0 11 
11 11 0 0 0 11 0 11 0 0 0 11 0 11 0 0 0 0 0 0 0 0 0 0 0 0 0 0 11 0 0 0 0 0 0 11 
11 0 11 0 0 0 0 11 0 11 0 0 11 0 11 0 0 0 0 11 0 0 0 0 0 0 0 11 0 0 11 11 11 0 0 11 
11 0 0 0 0 11 0 0 0 11 11 0 11 0 0 11 0 0 0 11 0 0 0 0 0 0 0 11 11 11 0 11 0 0 0 11 
11 0 0 0 0 0 0 0 0 11 0 0 0 0 0 11 0 11 11 11 11 0 11 0 0 11 0 0 0 0 11 0 0 0 0 11 
11 0 11 0 11 0 11 0 0 0 0 11 0 0 0 11 0 0 0 0 11 0 0 0 0 11 0 0 0 0 0 0 11 0 0 11 
11 0 11 0 0 0 11 11 0 0 0 0 0 0 0 0 0 0 11 0 11 0 0 0 0 11 0 0 0 11 0 0 11 11 0 11 
11 0 0 0 0 0 0 0 0 0 0 0 0 0 0 0 0 0 0 0 0 0 0 0 0 0 0 0 0 0 11 11 11 0 0 11 
11 11 0 0 0 0 0 0 11 0 0 11 11 0 0 11 11 0 0 0 0 11 0 0 0 0 0 0 0 0 11 0 0 0 0 11 
11 0 11 0 0 0 0 0 0 0 15 0 0 11 0 0 0 0 0 0 0 0 0 0 0 11 0 0 0 0 0 0 0 0 0 11 
11 0 0 11 0 0 0 0 0 11 0 15 15 0 0 0 11 0 0 0 0 15 0 0 11 0 0 0 0 0 0 11 0 0 0 11 
11 0 0 0 0 0 11 0 0 0 0 0 0 0 0 0 11 0 0 0 0 15 0 0 0 0 0 11 0 11 0 0 0 0 0 11 
11 0 11 0 0 11 0 0 0 0 11 0 0 0 0 0 11 0 0 0 0 0 11 0 0 11 0 0 0 11 0 15 0 0 11 11 
11 0 0 0 0 11 11 0 0 0 0 0 0 0 0 0 0 0 11 0 0 11 0 0 0 0 0 0 0 11 0 0 0 0 11 11 
11 11 11 0 0 0 0 0 0 0 0 11 11 0 0 0 0 0 0 0 0 0 0 11 0 0 0 0 15 0 0 0 0 0 0 11 
11 0 0 0 11 0 0 0 11 0 11 0 0 11 0 11 0 0 0 11 0 0 11 0 11 0 11 0 0 0 0 0 0 0 0 11 
11 0 0 0 0 11 0 0 0 0 0 0 0 0 0 0 0 11 0 0 0 0 0 11 0 0 0 0 0 11 0 0 0 0 0 11 
11 11 11 11 11 11 11 11 11 11 11 11 11 11 11 11 11 11 11 11 11 11 11 11 11 11 11 11 11 11 11 11 11 11 11 11 

14317
11 11 11 11 11 11 11 11 11 11 11 11 11 11 11 11 11 11 11 11 11 11 11 11 11 11 11 11 11 11 11 11 11 11 11 11 
11 0 0 0 11 0 11 0 11 0 0 0 0 0 0 0 11 0 0 11 0 0 0 0 0 11 0 0 0 11 0 0 0 0 0 11 
11 0 11 11 0 0 0 0 0 11 0 11 0 0 11 0 0 0 0 0 0 0 0 0 0 0 0 0 0 0 0 0 0 0 0 11 
11 0 0 0 0 0 0 0 0 0 11 0 0 0 0 0 0 0 0 0 11 0 0 0 11 0 0 11 0 11 0 0 0 11 0 11 
11 0 0 0 0 0 0 0 0 0 0 0 11 11 0 0 0 0 0 0 0 0 0 0 0 0 0 0 0 0 0 0 0 0 0 11 
11 11 0 0 0 11 0 11 0 0 0 11 0 11 0 0 0 0 0 0 0 0 0 0 0 0 0 0 11 0 0 0 0 0 0 11 
11 0 11 0 0 0 0 11 0 11 0 0 11 0 11 0 0 0 0 11 0 0 0 0 0 0 0 11 0 0 11 11 11 0 0 11 
11 0 0 0 0 11 0 0 0 11 11 0 11 0 0 11 0 0 0 11 0 0 0 0 0 0 0 11 11 11 0 11 0 0 0 11 
11 0 0 0 0 0 0 0 0 11 0 0 0 0 0 11 0 11 11 11 11 0 11 0 0 11 0 0 0 0 11 0 0 0 0 11 
11 0 11 0 11 0 11 0 0 0 0 11 0 0 0 11 0 0 0 0 11 0 0 0 0 11 0 0 0 0 0 0 11 0 0 11 
11 0 11 0 0 0 11 11 0 0 0 0 0 0 0 0 0 0 11 0 11 0 0 0 0 11 0 0 0 11 0 0 11 11 0 11 
11 0 0 0 0 0 0 0 0 0 0 0 0 0 0 0 0 0 0 0 0 0 0 0 0 0 0 0 0 0 11 11 11 0 0 11 
11 11 0 0 0 0 0 0 11 0 0 11 11 0 0 11 11 0 0 0 0 11 0 0 0 0 0 0 0 0 11 0 0 0 0 11 
11 0 11 0 0 0 0 0 0 0 15 0 0 11 0 0 0 0 0 0 0 0 0 0 0 11 0 0 0 0 0 0 0 0 0 11 
11 0 0 11 0 0 0 0 0 11 0 15 15 0 0 0 11 0 0 0 0 15 0 0 11 0 0 0 0 0 0 11 0 0 0 11 
11 0 0 0 0 0 11 0 0 0 0 0 0 0 0 0 11 0 0 0 0 15 0 0 0 0 0 11 0 11 0 0 0 0 0 11 
11 0 11 0 0 11 0 0 0 0 11 0 0 0 0 0 11 0 0 0 0 0 11 0 0 11 0 0 0 11 0 15 0 0 11 11 
11 0 0 0 0 11 11 0 0 0 0 0 0 0 0 0 0 0 11 0 0 11 0 0 0 0 0 0 0 11 0 0 0 0 11 11 
11 11 11 0 0 0 0 0 0 0 0 11 11 0 0 0 0 0 0 0 0 0 0 11 0 0 0 0 15 0 0 0 0 0 0 11 
11 0 0 0 11 0 0 0 11 0 11 0 0 11 0 11 0 0 0 11 0 0 11 0 11 0 11 0 0 0 0 0 0 0 0 11 
11 0 0 0 0 11 0 0 0 0 0 0 0 0 0 0 0 11 0 0 0 0 0 11 0 0 0 0 0 11 0 0 0 0 0 11 
11 11 11 11 11 11 11 11 11 11 11 11 11 11 11 11 11 11 11 11 11 11 11 11 11 11 11 11 11 11 11 11 11 11 11 11 

14298
11 11 11 11 11 11 11 11 11 11 11 11 11 11 11 11 11 11 11 11 11 11 11 11 11 11 11 11 11 11 11 11 11 11 11 11 
11 11 0 0 11 0 11 0 11 0 0 0 0 0 0 0 11 0 0 11 0 0 0 0 0 0 0 0 0 11 0 0 0 0 0 11 
11 0 11 11 0 0 0 0 0 11 0 11 0 0 11 0 0 0 0 0 0 0 0 11 0 0 0 0 0 0 11 0 0 0 0 11 
11 0 0 0 0 0 0 0 0 0 11 0 0 0 0 0 0 0 0 0 11 0 0 0 11 0 0 11 0 11 0 0 0 11 0 11 
11 0 0 0 0 0 0 0 0 0 0 0 11 11 0 0 0 0 0 0 0 0 0 0 0 0 0 0 0 0 0 0 0 0 0 11 
11 11 0 0 0 11 0 11 0 0 0 11 0 11 0 11 0 0 0 0 0 0 0 0 0 0 0 0 11 0 0 0 0 0 0 11 
11 0 11 0 0 0 0 11 0 11 0 0 0 0 11 0 0 0 0 11 0 0 0 0 0 0 0 11 0 0 11 11 11 0 0 11 
11 0 0 0 0 11 0 0 0 11 11 0 11 0 0 11 0 0 0 11 0 0 0 0 0 0 0 11 11 11 0 11 0 0 0 11 
11 0 11 0 0 0 0 0 0 11 0 0 0 0 0 11 0 11 11 11 11 0 11 0 0 11 0 0 0 0 11 0 0 0 0 11 
11 0 11 0 11 0 0 0 0 0 0 11 0 0 0 11 0 0 0 0 0 0 0 0 0 0 0 0 0 0 0 0 11 0 0 11 
11 0 11 0 0 0 11 0 0 0 0 0 0 0 0 0 0 0 11 0 11 0 0 0 0 11 0 0 0 11 0 0 11 11 0 11 
11 0 0 0 0 0 0 0 0 0 0 0 0 0 0 0 0 0 0 0 0 0 0 0 0 0 0 0 0 0 11 11 11 0 0 11 
11 11 0 0 0 0 0 0 11 0 0 11 11 0 0 11 11 0 0 0 0 11 0 0 0 0 0 0 0 12 11 0 0 0 0 11 
11 0 0 0 0 0 0 0 0 0 15 15 0 11 0 0 0 0 0 0 0 15 0 11 0 11 0 0 0 0 0 0 0 0 0 11 
11 0 0 11 0 0 0 0 0 11 0 0 15 0 0 0 11 0 0 0 0 0 0 0 11 0 0 0 0 0 0 0 0 0 0 11 
11 0 0 0 0 0 11 0 0 0 0 0 0 0 0 0 11 0 0 0 15 0 0 0 0 0 0 11 15 11 0 0 0 0 0 11 
11 0 11 0 0 11 0 0 0 0 11 0 0 0 0 0 11 0 0 0 0 0 11 0 0 0 0 0 11 11 0 0 0 0 11 11 
11 0 0 0 0 11 11 0 0 0 0 0 0 0 0 0 0 0 11 0 0 11 0 0 0 0 0 0 0 11 0 0 0 0 11 11 
11 11 11 0 0 0 11 0 0 0 0 11 11 0 0 0 0 0 0 0 0 0 11 11 0 0 0 0 15 0 0 0 0 0 0 11 
11 0 0 0 11 0 0 0 11 0 11 0 0 11 0 11 0 0 0 11 0 0 11 0 11 0 11 0 0 0 0 0 0 0 0 11 
11 0 0 0 0 11 0 0 0 0 0 0 0 0 0 0 0 11 0 0 0 0 0 11 0 0 0 0 0 11 0 0 0 0 0 11 
11 11 11 11 11 11 11 11 11 11 11 11 11 11 11 11 11 11 11 11 11 11 11 11 11 11 11 11 11 11 11 11 11 11 11 11 

14295
11 11 11 11 11 11 11 11 11 11 11 11 11 11 11 11 11 11 11 11 11 11 11 11 11 11 11 11 11 11 11 11 11 11 11 11 
11 11 0 0 11 0 11 0 11 0 0 0 0 0 0 0 11 0 0 11 0 0 0 0 0 0 0 0 0 11 0 0 0 0 0 11 
11 0 11 11 0 0 0 0 0 11 0 11 0 0 11 0 0 0 0 0 0 0 0 11 0 0 0 0 0 0 11 0 0 0 0 11 
11 0 0 0 0 0 0 0 0 0 11 0 0 0 0 0 0 0 0 0 11 0 0 0 11 0 0 11 0 11 0 0 0 11 0 11 
11 0 0 0 0 0 0 0 0 0 0 0 11 11 0 0 0 0 0 0 0 0 0 0 0 0 0 0 0 0 0 0 0 0 0 11 
11 11 0 0 0 11 0 11 0 0 0 11 0 11 0 11 0 0 0 0 0 0 0 0 0 0 0 0 11 0 0 0 0 0 0 11 
11 0 11 0 0 0 0 11 0 11 0 0 0 0 11 0 0 0 0 11 0 0 0 0 0 0 0 11 0 0 11 11 11 0 0 11 
11 0 0 0 0 11 0 0 0 11 11 0 11 0 0 11 0 0 0 11 0 0 0 0 0 0 0 11 11 11 0 11 0 0 0 11 
11 0 11 0 0 0 0 0 0 11 0 0 0 0 0 11 0 11 11 11 11 0 11 0 0 11 0 0 0 0 11 0 0 0 0 11 
11 0 11 0 11 0 0 0 0 0 0 11 0 0 0 11 0 0 0 0 0 0 0 0 0 0 0 0 0 0 0 0 11 0 0 11 
11 0 11 0 0 0 11 0 0 0 0 0 0 0 0 0 0 0 11 0 11 0 0 0 0 11 0 0 0 11 0 0 11 11 0 11 
11 0 0 0 0 0 0 0 0 0 0 0 0 0 0 0 0 0 0 0 0 0 0 0 0 0 0 0 0 0 11 11 11 0 0 11 
11 11 0 0 0 0 0 0 11 0 0 11 11 0 0 11 11 0 0 0 0 11 0 0 0 0 0 0 0 15 11 0 0 0 0 11 
11 0 0 0 0 0 0 0 0 0 0 14 0 11 0 0 0 0 0 0 0 0 15 11 0 11 0 0 0 0 0 0 0 0 0 11 
11 0 0 11 0 0 0 0 0 11 0 15 15 0 0 0 11 0 0 0 0 15 0 0 11 0 0 0 0 0 0 0 0 0 0 11 
11 0 0 0 0 0 11 0 0 0 0 0 0 0 0 0 11 0 0 0 0 0 0 0 0 0 15 11 0 11 0 0 0 0 0 11 
11 0 11 0 0 11 0 0 0 0 11 0 0 0 0 0 11 0 0 0 0 0 11 0 0 0 0 0 11 11 0 0 0 0 11 11 
11 0 0 0 0 11 11 0 0 0 0 0 0 0 0 0 0 0 11 0 0 11 0 0 0 0 0 0 0 11 0 0 0 0 11 11 
11 11 11 0 0 0 11 0 0 0 0 11 11 0 0 0 0 0 0 0 0 0 11 11 0 0 0 0 0 0 0 0 0 0 0 11 
11 0 0 0 11 0 0 0 11 0 11 0 0 11 0 11 0 0 0 11 0 0 11 0 11 0 11 0 0 0 0 0 0 0 0 11 
11 0 0 0 0 11 0 0 0 0 0 0 0 0 0 0 0 11 0 0 0 0 0 11 0 0 0 0 0 11 0 0 0 0 0 11 
11 11 11 11 11 11 11 11 11 11 11 11 11 11 11 11 11 11 11 11 11 11 11 11 11 11 11 11 11 11 11 11 11 11 11 11 

14269
11 11 11 11 11 11 11 11 11 11 11 11 11 11 11 11 11 11 11 11 11 11 11 11 11 11 11 11 11 11 11 11 11 11 11 11 
11 11 0 0 11 0 11 0 11 0 0 0 0 0 0 0 11 0 0 11 0 0 0 0 0 0 0 0 0 11 0 0 0 0 0 11 
11 0 11 11 0 0 0 0 0 11 0 11 0 0 11 0 0 0 0 0 0 0 0 11 0 0 0 0 0 0 11 0 0 0 0 11 
11 0 0 0 0 0 0 0 0 0 11 0 0 0 0 0 0 0 0 0 11 0 0 0 11 0 0 11 0 11 0 0 0 11 0 11 
11 0 0 0 0 0 0 0 0 0 0 0 11 11 0 0 0 0 0 0 0 0 0 0 0 0 0 0 0 0 0 0 0 0 0 11 
11 11 0 0 0 11 0 11 0 0 0 11 0 11 0 11 0 0 0 0 0 0 0 0 0 0 0 0 11 0 0 0 0 0 0 11 
11 0 11 0 0 0 0 11 0 11 0 0 0 0 11 0 0 0 0 11 0 0 0 0 0 0 0 11 0 0 11 11 11 0 0 11 
11 0 0 0 0 11 0 0 0 11 11 0 11 0 0 11 0 0 0 11 0 0 0 0 0 0 0 11 11 11 0 11 0 0 0 11 
11 0 11 0 0 0 0 0 0 11 0 0 0 0 0 11 0 11 11 11 11 0 11 0 0 11 0 0 0 0 11 0 0 0 0 11 
11 0 11 0 11 0 0 0 0 0 0 11 0 0 0 11 0 0 0 0 0 0 0 0 0 0 0 0 0 0 0 0 11 0 0 11 
11 0 11 0 0 0 11 0 0 0 0 0 0 0 0 0 0 0 11 0 11 0 0 0 0 11 0 0 0 11 0 0 11 11 0 11 
11 0 0 0 0 0 0 0 0 0 0 0 0 0 0 0 0 0 0 0 0 0 0 0 0 0 0 0 0 0 11 11 11 0 0 11 
11 11 0 0 0 0 0 0 11 0 0 11 11 0 0 11 11 0 0 0 0 11 0 0 0 0 0 15 0 0 11 0 0 0 0 11 
11 0 0 0 0 0 0 0 0 0 0 15 0 11 0 0 0 0 0 0 0 0 0 11 0 11 0 0 0 0 0 0 0 0 0 11 
11 0 0 11 0 0 0 0 0 11 0 0 0 0 0 0 11 0 0 0 0 15 14 0 11 0 0 0 0 0 0 0 0 0 0 11 
11 0 0 0 0 0 11 0 0 15 0 0 0 0 0 0 11 0 0 0 0 0 0 0 0 0 0 11 0 11 0 0 0 0 0 11 
11 0 11 0 0 11 0 0 0 0 11 0 0 0 0 0 11 0 0 0 0 0 11 0 0 0 0 0 11 11 0 0 0 0 11 11 
11 0 0 0 0 11 11 0 0 0 0 0 0 0 0 0 0 0 11 0 0 11 0 15 0 0 0 0 0 11 0 0 0 0 11 11 
11 11 11 0 0 0 11 0 0 0 0 11 11 0 0 0 0 0 0 0 0 0 11 11 0 0 0 0 0 0 0 0 0 0 0 11 
11 0 0 0 11 0 0 0 11 0 11 0 0 11 0 11 0 0 0 11 0 0 11 0 11 0 11 0 0 0 0 0 0 0 0 11 
11 0 0 0 0 11 0 0 0 0 0 0 0 0 0 0 0 11 0 0 0 0 0 11 0 0 0 0 0 11 0 0 0 0 0 11 
11 11 11 11 11 11 11 11 11 11 11 11 11 11 11 11 11 11 11 11 11 11 11 11 11 11 11 11 11 11 11 11 11 11 11 11 

14269
11 11 11 11 11 11 11 11 11 11 11 11 11 11 11 11 11 11 11 11 11 11 11 11 11 11 11 11 11 11 11 11 11 11 11 11 
11 11 0 0 11 0 11 0 11 0 0 0 0 0 0 0 11 0 0 11 0 0 0 0 0 0 0 0 0 11 0 0 0 0 0 11 
11 0 11 11 0 0 0 0 0 11 0 11 0 0 11 0 0 0 0 0 0 0 0 11 0 0 0 0 0 0 11 0 0 0 0 11 
11 0 0 0 0 0 0 0 0 0 11 0 0 0 0 0 0 0 0 0 11 0 0 0 11 0 0 11 0 11 0 0 0 11 0 11 
11 0 0 0 0 0 0 0 0 0 0 0 11 11 0 0 0 0 0 0 0 0 0 0 0 0 0 0 0 0 0 0 0 0 0 11 
11 11 0 0 0 11 0 11 0 0 0 11 0 11 0 11 0 0 0 0 0 0 0 0 0 0 0 0 11 0 0 0 0 0 0 11 
11 0 11 0 0 0 0 11 0 11 0 0 0 0 11 0 0 0 0 11 0 0 0 0 0 0 0 11 0 0 11 11 11 0 0 11 
11 0 0 0 0 11 0 0 0 11 11 0 11 0 0 11 0 0 0 11 0 0 0 0 0 0 0 11 11 11 0 11 0 0 0 11 
11 0 11 0 0 0 0 0 0 11 0 0 0 0 0 11 0 11 11 11 11 0 11 0 0 11 0 0 0 0 11 0 0 0 0 11 
11 0 11 0 11 0 0 0 0 0 0 11 0 0 0 11 0 0 0 0 0 0 0 0 0 0 0 0 0 0 0 0 11 0 0 11 
11 0 11 0 0 0 11 0 0 0 0 0 0 0 0 0 0 0 11 0 11 0 0 0 0 11 0 0 0 11 0 0 11 11 0 11 
11 0 0 0 0 0 0 0 0 0 0 0 0 0 0 0 0 0 0 0 0 0 0 0 0 0 0 0 0 0 11 11 11 0 0 11 
11 11 0 0 0 0 0 0 11 0 0 11 11 0 0 11 11 0 0 0 0 11 0 0 0 0 0 15 0 0 11 0 0 0 0 11 
11 0 0 0 0 0 0 0 0 0 0 15 0 11 0 0 0 0 0 0 0 0 0 11 0 11 0 0 0 0 0 0 0 0 0 11 
11 0 0 11 0 0 0 0 0 11 0 0 0 0 0 0 11 0 0 0 0 15 14 0 11 0 0 0 0 0 0 0 0 0 0 11 
11 0 0 0 0 0 11 0 0 15 0 0 0 0 0 0 11 0 0 0 0 0 0 0 0 0 0 11 0 11 0 0 0 0 0 11 
11 0 11 0 0 11 0 0 0 0 11 0 0 0 0 0 11 0 0 0 0 0 11 0 0 0 0 0 11 11 0 0 0 0 11 11 
11 0 0 0 0 11 11 0 0 0 0 0 0 0 0 0 0 0 11 0 0 11 0 15 0 0 0 0 0 11 0 0 0 0 11 11 
11 11 11 0 0 0 11 0 0 0 0 11 11 0 0 0 0 0 0 0 0 0 11 11 0 0 0 0 0 0 0 0 0 0 0 11 
11 0 0 0 11 0 0 0 11 0 11 0 0 11 0 11 0 0 0 11 0 0 11 0 11 0 11 0 0 0 0 0 0 0 0 11 
11 0 0 0 0 11 0 0 0 0 0 0 0 0 0 0 0 11 0 0 0 0 0 11 0 0 0 0 0 11 0 0 0 0 0 11 
11 11 11 11 11 11 11 11 11 11 11 11 11 11 11 11 11 11 11 11 11 11 11 11 11 11 11 11 11 11 11 11 11 11 11 11 

14269
11 11 11 11 11 11 11 11 11 11 11 11 11 11 11 11 11 11 11 11 11 11 11 11 11 11 11 11 11 11 11 11 11 11 11 11 
11 11 0 0 11 0 11 0 11 0 0 0 0 0 0 0 11 0 0 11 0 0 0 0 0 0 0 0 0 11 0 0 0 0 0 11 
11 0 11 11 0 0 0 0 0 11 0 11 0 0 11 0 0 0 0 0 0 0 0 11 0 0 0 0 0 0 11 0 0 0 0 11 
11 0 0 0 0 0 0 0 0 0 11 0 0 0 0 0 0 0 0 0 11 0 0 0 11 0 0 11 0 11 0 0 0 11 0 11 
11 0 0 0 0 0 0 0 0 0 0 0 11 11 0 0 0 0 0 0 0 0 0 0 0 0 0 0 0 0 0 0 0 0 0 11 
11 11 0 0 0 11 0 11 0 0 0 11 0 11 0 11 0 0 0 0 0 0 0 0 0 0 0 0 11 0 0 0 0 0 0 11 
11 0 11 0 0 0 0 11 0 11 0 0 0 0 11 0 0 0 0 11 0 0 0 0 0 0 0 11 0 0 11 11 11 0 0 11 
11 0 0 0 0 11 0 0 0 11 11 0 11 0 0 11 0 0 0 11 0 0 0 0 0 0 0 11 11 11 0 11 0 0 0 11 
11 0 11 0 0 0 0 0 0 11 0 0 0 0 0 11 0 11 11 11 11 0 11 0 0 11 0 0 0 0 11 0 0 0 0 11 
11 0 11 0 11 0 0 0 0 0 0 11 0 0 0 11 0 0 0 0 0 0 0 0 0 0 0 0 0 0 0 0 11 0 0 11 
11 0 11 0 0 0 11 0 0 0 0 0 0 0 0 0 0 0 11 0 11 0 0 0 0 11 0 0 0 11 0 0 11 11 0 11 
11 0 0 0 0 0 0 0 0 0 0 0 0 0 0 0 0 0 0 0 0 0 0 0 0 0 0 0 0 0 11 11 11 0 0 11 
11 11 0 0 0 0 0 0 11 0 0 11 11 0 0 11 11 0 0 0 0 11 0 0 0 0 0 15 0 0 11 0 0 0 0 11 
11 0 0 0 0 0 0 0 0 0 0 15 0 11 0 0 0 0 0 0 0 0 0 11 0 11 0 0 0 0 0 0 0 0 0 11 
11 0 0 11 0 0 0 0 0 11 0 0 0 0 0 0 11 0 0 0 0 15 14 0 11 0 0 0 0 0 0 0 0 0 0 11 
11 0 0 0 0 0 11 0 0 15 0 0 0 0 0 0 11 0 0 0 0 0 0 0 0 0 0 11 0 11 0 0 0 0 0 11 
11 0 11 0 0 11 0 0 0 0 11 0 0 0 0 0 11 0 0 0 0 0 11 0 0 0 0 0 11 11 0 0 0 0 11 11 
11 0 0 0 0 11 11 0 0 0 0 0 0 0 0 0 0 0 11 0 0 11 0 15 0 0 0 0 0 11 0 0 0 0 11 11 
11 11 11 0 0 0 11 0 0 0 0 11 11 0 0 0 0 0 0 0 0 0 11 11 0 0 0 0 0 0 0 0 0 0 0 11 
11 0 0 0 11 0 0 0 11 0 11 0 0 11 0 11 0 0 0 11 0 0 11 0 11 0 11 0 0 0 0 0 0 0 0 11 
11 0 0 0 0 11 0 0 0 0 0 0 0 0 0 0 0 11 0 0 0 0 0 11 0 0 0 0 0 11 0 0 0 0 0 11 
11 11 11 11 11 11 11 11 11 11 11 11 11 11 11 11 11 11 11 11 11 11 11 11 11 11 11 11 11 11 11 11 11 11 11 11 

14337
11 11 11 11 11 11 11 11 11 11 11 11 11 11 11 11 11 11 11 11 11 11 11 11 11 11 11 11 11 11 11 11 11 11 11 11 
11 11 0 0 11 0 11 0 11 0 0 0 0 0 0 0 11 0 0 11 0 0 0 0 0 11 0 0 0 11 0 0 0 0 11 11 
11 0 0 11 0 0 0 0 0 11 0 11 0 0 11 0 0 0 0 0 0 0 0 11 0 0 0 0 0 0 0 0 0 0 0 11 
11 0 0 0 0 0 0 0 0 0 11 0 0 0 0 0 0 0 0 0 11 0 0 0 11 0 0 11 0 11 0 0 0 11 0 11 
11 0 0 0 0 0 0 0 0 0 0 0 11 11 0 0 0 0 0 0 0 0 0 0 0 0 0 0 0 0 0 0 0 0 0 11 
11 11 0 0 0 11 0 11 0 0 0 11 0 11 0 0 0 0 0 0 0 0 0 0 0 0 0 0 11 0 0 0 0 0 0 11 
11 0 11 0 0 0 0 11 0 11 0 0 11 0 11 0 0 0 0 11 0 0 0 0 0 0 0 11 0 0 11 11 11 0 0 11 
11 0 0 0 0 11 0 0 0 11 11 0 11 0 0 11 0 0 0 11 0 0 0 0 0 0 0 11 11 11 0 11 0 0 0 11 
11 0 0 0 0 0 0 0 0 11 0 0 0 0 0 11 0 11 11 11 11 0 11 0 0 11 0 0 0 0 11 0 0 11 0 11 
11 0 11 0 11 0 11 0 0 0 0 11 0 0 0 11 0 0 0 0 11 0 0 0 0 0 0 0 0 0 0 0 11 0 0 11 
11 0 11 0 0 0 11 11 0 0 0 0 0 0 0 0 0 0 11 0 11 0 0 0 0 11 0 0 0 11 0 0 11 11 0 11 
11 0 0 0 0 0 0 0 0 0 0 0 0 0 0 0 0 0 0 0 0 0 0 0 0 0 0 0 0 0 11 11 11 0 0 11 
11 11 0 0 0 0 0 0 11 0 0 11 11 0 0 11 11 0 0 0 0 11 0 0 0 0 0 0 0 0 0 0 0 0 0 11 
11 0 11 0 0 0 0 0 0 0 0 15 0 11 0 0 0 0 0 0 0 0 15 0 0 11 0 0 0 0 0 0 0 0 0 11 
11 0 0 11 0 0 0 0 0 11 0 0 0 0 0 0 11 0 0 0 0 0 15 0 11 0 0 0 0 0 0 11 0 0 0 11 
11 0 0 0 0 0 11 0 0 0 0 15 0 0 0 0 11 0 0 0 0 0 0 0 0 0 15 11 0 11 0 0 0 0 0 11 
11 0 11 0 0 11 0 0 0 0 0 15 0 0 0 0 11 0 0 0 0 0 11 0 0 11 0 0 11 11 0 0 0 0 11 11 
11 0 0 0 0 11 11 0 0 0 0 0 0 0 0 0 0 0 11 0 0 11 0 0 0 0 0 0 0 11 0 0 0 0 11 11 
11 0 11 0 0 0 0 0 0 0 0 11 11 0 0 0 0 0 0 0 0 0 0 11 0 0 0 0 0 0 0 0 0 0 0 11 
11 0 0 0 11 0 0 0 11 0 11 0 0 11 0 11 0 0 0 11 0 0 11 0 11 0 11 0 0 0 0 0 0 0 0 11 
11 0 0 0 0 11 0 0 0 0 0 0 0 0 0 0 0 11 0 0 0 0 0 11 0 0 0 0 0 11 0 0 0 0 0 11 
11 11 11 11 11 11 11 11 11 11 11 11 11 11 11 11 11 11 11 11 11 11 11 11 11 11 11 11 11 11 11 11 11 11 11 11 

14337
11 11 11 11 11 11 11 11 11 11 11 11 11 11 11 11 11 11 11 11 11 11 11 11 11 11 11 11 11 11 11 11 11 11 11 11 
11 11 0 0 11 0 11 0 11 0 0 0 0 0 0 0 11 0 0 11 0 0 0 0 0 11 0 0 0 11 0 0 0 0 11 11 
11 0 0 11 0 0 0 0 0 11 0 11 0 0 11 0 0 0 0 0 0 0 0 11 0 0 0 0 0 0 0 0 0 0 0 11 
11 0 0 0 0 0 0 0 0 0 11 0 0 0 0 0 0 0 0 0 11 0 0 0 11 0 0 11 0 11 0 0 0 11 0 11 
11 0 0 0 0 0 0 0 0 0 0 0 11 11 0 0 0 0 0 0 0 0 0 0 0 0 0 0 0 0 0 0 0 0 0 11 
11 11 0 0 0 11 0 11 0 0 0 11 0 11 0 0 0 0 0 0 0 0 0 0 0 0 0 0 11 0 0 0 0 0 0 11 
11 0 11 0 0 0 0 11 0 11 0 0 11 0 11 0 0 0 0 11 0 0 0 0 0 0 0 11 0 0 11 11 11 0 0 11 
11 0 0 0 0 11 0 0 0 11 11 0 11 0 0 11 0 0 0 11 0 0 0 0 0 0 0 11 11 11 0 11 0 0 0 11 
11 0 0 0 0 0 0 0 0 11 0 0 0 0 0 11 0 11 11 11 11 0 11 0 0 11 0 0 0 0 11 0 0 11 0 11 
11 0 11 0 11 0 11 0 0 0 0 11 0 0 0 11 0 0 0 0 11 0 0 0 0 0 0 0 0 0 0 0 11 0 0 11 
11 0 11 0 0 0 11 11 0 0 0 0 0 0 0 0 0 0 11 0 11 0 0 0 0 11 0 0 0 11 0 0 11 11 0 11 
11 0 0 0 0 0 0 0 0 0 0 0 0 0 0 0 0 0 0 0 0 0 0 0 0 0 0 0 0 0 11 11 11 0 0 11 
11 11 0 0 0 0 0 0 11 0 0 11 11 0 0 11 11 0 0 0 0 11 0 0 0 0 0 0 0 0 0 0 0 0 0 11 
11 0 11 0 0 0 0 0 0 0 0 15 0 11 0 0 0 0 0 0 0 0 15 0 0 11 0 0 0 0 0 0 0 0 0 11 
11 0 0 11 0 0 0 0 0 11 0 0 0 0 0 0 11 0 0 0 0 0 15 0 11 0 0 0 0 0 0 11 0 0 0 11 
11 0 0 0 0 0 11 0 0 0 0 15 0 0 0 0 11 0 0 0 0 0 0 0 0 0 15 11 0 11 0 0 0 0 0 11 
11 0 11 0 0 11 0 0 0 0 0 15 0 0 0 0 11 0 0 0 0 0 11 0 0 11 0 0 11 11 0 0 0 0 11 11 
11 0 0 0 0 11 11 0 0 0 0 0 0 0 0 0 0 0 11 0 0 11 0 0 0 0 0 0 0 11 0 0 0 0 11 11 
11 0 11 0 0 0 0 0 0 0 0 11 11 0 0 0 0 0 0 0 0 0 0 11 0 0 0 0 0 0 0 0 0 0 0 11 
11 0 0 0 11 0 0 0 11 0 11 0 0 11 0 11 0 0 0 11 0 0 11 0 11 0 11 0 0 0 0 0 0 0 0 11 
11 0 0 0 0 11 0 0 0 0 0 0 0 0 0 0 0 11 0 0 0 0 0 11 0 0 0 0 0 11 0 0 0 0 0 11 
11 11 11 11 11 11 11 11 11 11 11 11 11 11 11 11 11 11 11 11 11 11 11 11 11 11 11 11 11 11 11 11 11 11 11 11 

14337
11 11 11 11 11 11 11 11 11 11 11 11 11 11 11 11 11 11 11 11 11 11 11 11 11 11 11 11 11 11 11 11 11 11 11 11 
11 11 0 0 11 0 11 0 11 0 0 0 0 0 0 0 11 0 0 11 0 0 0 0 0 11 0 0 0 11 0 0 0 0 11 11 
11 0 0 11 0 0 0 0 0 11 0 11 0 0 11 0 0 0 0 0 0 0 0 11 0 0 0 0 0 0 0 0 0 0 0 11 
11 0 0 0 0 0 0 0 0 0 11 0 0 0 0 0 0 0 0 0 11 0 0 0 11 0 0 11 0 11 0 0 0 11 0 11 
11 0 0 0 0 0 0 0 0 0 0 0 11 11 0 0 0 0 0 0 0 0 0 0 0 0 0 0 0 0 0 0 0 0 0 11 
11 11 0 0 0 11 0 11 0 0 0 11 0 11 0 0 0 0 0 0 0 0 0 0 0 0 0 0 11 0 0 0 0 0 0 11 
11 0 11 0 0 0 0 11 0 11 0 0 11 0 11 0 0 0 0 11 0 0 0 0 0 0 0 11 0 0 11 11 11 0 0 11 
11 0 0 0 0 11 0 0 0 11 11 0 11 0 0 11 0 0 0 11 0 0 0 0 0 0 0 11 11 11 0 11 0 0 0 11 
11 0 0 0 0 0 0 0 0 11 0 0 0 0 0 11 0 11 11 11 11 0 11 0 0 11 0 0 0 0 11 0 0 11 0 11 
11 0 11 0 11 0 11 0 0 0 0 11 0 0 0 11 0 0 0 0 11 0 0 0 0 0 0 0 0 0 0 0 11 0 0 11 
11 0 11 0 0 0 11 11 0 0 0 0 0 0 0 0 0 0 11 0 11 0 0 0 0 11 0 0 0 11 0 0 11 11 0 11 
11 0 0 0 0 0 0 0 0 0 0 0 0 0 0 0 0 0 0 0 0 0 0 0 0 0 0 0 0 0 11 11 11 0 0 11 
11 11 0 0 0 0 0 0 11 0 0 11 11 0 0 11 11 0 0 0 0 11 0 0 0 0 0 0 0 0 0 0 0 0 0 11 
11 0 11 0 0 0 0 0 0 0 0 15 0 11 0 0 0 0 0 0 0 0 15 0 0 11 0 0 0 0 0 0 0 0 0 11 
11 0 0 11 0 0 0 0 0 11 0 0 0 0 0 0 11 0 0 0 0 0 15 0 11 0 0 0 0 0 0 11 0 0 0 11 
11 0 0 0 0 0 11 0 0 0 0 15 0 0 0 0 11 0 0 0 0 0 0 0 0 0 15 11 0 11 0 0 0 0 0 11 
11 0 11 0 0 11 0 0 0 0 0 15 0 0 0 0 11 0 0 0 0 0 11 0 0 11 0 0 11 11 0 0 0 0 11 11 
11 0 0 0 0 11 11 0 0 0 0 0 0 0 0 0 0 0 11 0 0 11 0 0 0 0 0 0 0 11 0 0 0 0 11 11 
11 0 11 0 0 0 0 0 0 0 0 11 11 0 0 0 0 0 0 0 0 0 0 11 0 0 0 0 0 0 0 0 0 0 0 11 
11 0 0 0 11 0 0 0 11 0 11 0 0 11 0 11 0 0 0 11 0 0 11 0 11 0 11 0 0 0 0 0 0 0 0 11 
11 0 0 0 0 11 0 0 0 0 0 0 0 0 0 0 0 11 0 0 0 0 0 11 0 0 0 0 0 11 0 0 0 0 0 11 
11 11 11 11 11 11 11 11 11 11 11 11 11 11 11 11 11 11 11 11 11 11 11 11 11 11 11 11 11 11 11 11 11 11 11 11 

14332
11 11 11 11 11 11 11 11 11 11 11 11 11 11 11 11 11 11 11 11 11 11 11 11 11 11 11 11 11 11 11 11 11 11 11 11 
11 11 0 0 11 0 11 0 11 0 0 0 0 0 0 0 11 0 0 11 0 0 0 0 0 11 0 0 0 11 0 0 0 0 11 11 
11 0 0 11 0 0 0 0 0 11 0 11 0 0 11 0 0 0 0 0 0 0 0 11 0 0 0 0 0 0 0 0 0 0 0 11 
11 0 0 0 0 0 0 0 0 0 11 0 0 0 0 0 0 0 0 0 11 0 0 0 11 0 0 11 0 11 0 0 0 11 0 11 
11 0 0 0 0 0 0 0 0 0 0 0 11 11 0 0 0 0 0 0 0 0 0 0 0 0 0 0 0 0 0 0 0 0 0 11 
11 11 0 0 0 11 0 11 0 0 0 11 0 11 0 0 0 0 0 0 0 0 0 0 0 0 0 0 11 0 0 0 0 0 0 11 
11 0 11 0 0 0 0 11 0 11 0 0 11 0 11 0 0 0 0 11 0 0 0 0 0 0 0 11 0 0 11 11 11 0 0 11 
11 0 0 0 0 11 0 0 0 11 11 0 11 0 0 11 0 0 0 11 0 0 0 0 0 0 0 11 11 11 0 11 0 0 0 11 
11 0 0 0 0 0 0 0 0 11 0 0 0 0 0 11 0 11 11 11 11 0 11 0 0 11 0 0 0 0 11 0 0 11 0 11 
11 0 11 0 11 0 11 0 0 0 0 11 0 0 0 11 0 0 0 0 11 0 0 0 0 0 0 0 0 0 0 0 11 0 0 11 
11 0 11 0 0 0 11 11 0 0 0 0 0 0 0 0 0 0 11 0 11 0 0 0 0 11 0 0 0 11 0 0 11 11 0 11 
11 0 0 0 0 0 0 0 0 0 0 0 0 0 0 0 0 0 0 0 0 0 0 0 0 0 0 0 0 0 11 11 11 0 0 11 
11 11 0 0 0 0 0 0 11 0 0 11 11 0 0 11 11 0 0 0 0 11 15 0 0 0 0 0 0 0 0 0 0 0 11 11 
11 0 11 0 0 0 0 0 0 0 15 0 0 11 0 0 0 0 0 0 0 0 0 0 0 11 0 0 0 0 0 0 0 0 0 11 
11 0 0 11 0 0 0 0 0 11 0 0 15 0 0 0 11 0 0 0 15 0 15 0 11 0 15 0 0 0 0 11 0 0 0 11 
11 0 0 0 0 0 11 0 0 0 0 0 0 0 0 0 11 0 0 0 0 0 0 0 0 0 0 11 0 11 0 0 0 0 0 11 
11 0 11 0 0 11 0 0 0 0 0 0 0 0 0 0 11 0 0 0 0 0 11 0 0 11 0 0 11 11 0 0 0 0 11 11 
11 0 0 0 0 11 11 0 0 0 0 0 0 0 0 0 0 0 11 0 0 11 0 0 0 0 0 0 0 11 0 0 0 0 11 11 
11 0 11 0 0 0 0 0 0 0 0 11 11 0 0 0 0 0 0 0 0 0 0 11 0 0 0 0 0 0 0 0 0 0 0 11 
11 0 0 0 11 0 0 0 11 0 11 0 0 11 0 11 0 0 0 11 0 0 11 0 11 0 11 0 0 0 0 0 0 0 0 11 
11 0 0 0 0 11 0 0 0 0 0 0 0 0 0 0 0 11 0 0 0 0 0 11 0 0 0 0 0 11 0 0 0 0 0 11 
11 11 11 11 11 11 11 11 11 11 11 11 11 11 11 11 11 11 11 11 11 11 11 11 11 11 11 11 11 11 11 11 11 11 11 11 

14304
11 11 11 11 11 11 11 11 11 11 11 11 11 11 11 11 11 11 11 11 11 11 11 11 11 11 11 11 11 11 11 11 11 11 11 11 
11 11 0 0 11 0 11 0 11 0 0 0 0 0 0 0 11 0 0 11 0 0 0 0 0 11 0 0 0 11 0 0 0 0 11 11 
11 0 0 11 0 0 0 0 0 11 0 11 0 0 11 0 0 0 0 0 0 0 0 11 0 0 0 0 0 0 0 0 0 0 0 11 
11 0 0 0 0 0 0 0 0 0 11 0 0 0 0 0 0 0 0 0 11 0 0 0 11 0 0 11 0 11 0 0 0 11 0 11 
11 0 0 0 0 0 0 0 0 0 0 0 11 11 0 0 0 0 0 0 0 0 0 0 0 0 0 0 0 0 0 0 0 0 0 11 
11 11 0 0 0 11 0 11 0 0 0 11 0 11 0 0 0 0 0 0 0 0 0 0 0 0 0 0 11 0 0 0 0 0 0 11 
11 0 11 0 0 0 0 11 0 11 0 0 11 0 11 0 0 0 0 11 0 0 0 0 0 0 0 11 0 0 11 11 11 0 0 11 
11 0 0 0 0 11 0 0 0 11 11 0 11 0 0 11 0 0 0 11 0 0 0 0 0 0 0 11 11 11 0 11 0 0 0 11 
11 0 0 0 0 0 0 0 0 11 0 0 0 0 0 11 0 11 11 11 11 0 11 0 0 11 0 0 0 0 11 0 0 11 0 11 
11 0 11 0 11 0 11 0 0 0 0 11 0 0 0 11 0 0 0 0 11 0 0 0 0 0 0 0 0 0 0 0 11 0 0 11 
11 0 11 0 0 0 11 11 0 0 0 0 0 0 0 0 0 0 11 0 11 0 0 0 0 11 0 0 0 11 0 0 11 11 0 11 
11 0 0 0 0 0 0 0 0 0 0 0 0 0 0 0 0 0 0 0 0 0 0 0 0 0 0 0 0 0 11 11 11 0 0 11 
11 11 0 0 0 0 0 0 11 0 0 11 11 0 0 11 11 0 0 0 0 11 0 0 0 0 0 0 0 0 0 0 0 0 0 11 
11 0 11 0 0 0 0 0 0 0 0 15 0 11 0 0 0 0 0 0 0 0 0 0 0 11 0 0 0 0 0 0 0 0 0 11 
11 0 0 11 0 0 0 0 0 11 0 15 0 0 0 0 11 0 0 0 0 0 0 0 11 0 15 0 0 0 0 11 0 0 0 11 
11 0 0 0 0 0 11 0 0 0 0 15 0 0 0 0 11 0 0 0 0 0 15 0 0 0 0 11 0 11 0 0 0 0 0 11 
11 0 11 0 0 11 0 0 0 0 0 0 0 0 0 0 11 0 0 0 0 0 11 0 0 11 0 0 11 11 0 0 0 0 11 11 
11 0 0 0 0 11 11 0 0 0 0 0 0 0 0 0 0 0 11 0 0 11 0 0 0 0 0 0 0 11 0 0 0 0 11 11 
11 0 11 0 0 0 0 0 0 0 0 11 11 0 0 0 0 0 0 0 14 0 0 11 0 0 0 0 15 0 0 0 0 0 0 11 
11 0 0 0 11 0 0 0 11 0 11 0 0 11 0 11 0 0 0 11 0 0 11 0 11 0 11 0 0 0 0 0 0 0 0 11 
11 0 0 0 0 11 0 0 0 0 0 0 0 0 0 0 0 11 0 0 0 0 0 11 0 0 0 0 0 11 0 0 0 0 0 11 
11 11 11 11 11 11 11 11 11 11 11 11 11 11 11 11 11 11 11 11 11 11 11 11 11 11 11 11 11 11 11 11 11 11 11 11 

14319
11 11 11 11 11 11 11 11 11 11 11 11 11 11 11 11 11 11 11 11 11 11 11 11 11 11 11 11 11 11 11 11 11 11 11 11 
11 11 0 0 11 0 11 0 11 0 0 0 0 0 0 0 11 0 0 11 0 0 0 0 0 0 0 0 0 11 0 0 0 0 11 11 
11 0 0 11 0 0 0 0 0 11 0 11 0 0 11 0 0 0 0 0 0 0 0 11 0 0 0 0 0 0 0 0 0 0 0 11 
11 0 0 0 0 0 0 0 0 0 11 0 0 0 0 0 0 0 0 0 11 0 0 0 11 0 0 11 0 11 0 0 0 11 0 11 
11 0 0 0 0 0 0 0 0 0 0 0 11 11 0 0 0 0 0 0 0 0 0 0 0 0 0 0 0 0 0 0 0 0 0 11 
11 11 0 0 0 0 0 11 0 0 0 11 0 11 0 11 0 0 0 0 0 0 0 0 0 0 0 0 11 0 0 0 0 0 0 11 
11 0 11 0 0 0 0 11 0 11 0 0 11 0 11 0 0 0 0 11 0 0 0 0 0 0 0 11 0 0 11 11 11 0 0 11 
11 0 0 0 0 11 0 0 0 11 11 0 11 0 0 11 0 0 0 11 0 0 0 0 0 0 0 11 11 11 0 11 0 0 0 11 
11 0 0 0 0 0 0 0 0 11 0 0 0 0 0 11 0 11 11 11 11 0 11 0 0 11 0 0 0 0 11 0 0 0 0 11 
11 0 11 0 11 0 11 0 0 0 0 11 0 0 0 11 0 0 0 0 11 0 0 0 0 0 0 0 0 0 0 0 11 0 0 11 
11 0 11 0 0 0 11 0 0 0 0 0 0 0 0 0 0 0 11 0 11 0 0 0 0 11 0 0 0 11 0 0 11 11 0 11 
11 0 0 11 0 0 0 0 0 0 0 0 0 0 0 0 0 0 0 0 0 0 0 0 0 0 0 0 0 0 11 11 11 0 0 11 
11 11 0 0 0 0 0 0 11 0 0 11 11 0 0 11 11 0 0 0 0 11 0 0 0 0 0 0 0 0 0 0 0 0 0 11 
11 0 11 0 0 0 0 0 0 0 0 0 0 11 0 0 0 0 0 0 0 0 0 11 0 11 0 0 0 0 0 0 0 0 0 11 
11 0 0 11 0 0 0 0 0 11 0 15 15 0 0 0 11 0 0 0 0 0 15 0 11 0 0 15 0 0 0 11 0 0 0 11 
11 0 0 0 0 0 11 0 0 0 0 15 0 0 0 0 11 0 0 0 0 0 0 14 0 0 0 11 15 11 0 0 0 0 0 11 
11 0 11 0 0 11 0 0 0 0 11 0 0 0 0 0 11 0 0 0 0 0 11 0 0 0 0 0 0 11 0 0 0 0 11 11 
11 0 0 0 0 11 11 0 0 0 0 0 0 0 0 0 0 0 11 0 0 11 0 0 0 0 0 0 0 11 0 0 0 0 11 11 
11 0 11 0 0 0 11 0 0 0 0 11 11 0 0 0 0 0 0 0 0 0 11 11 0 0 0 0 0 0 0 0 0 0 0 11 
11 0 0 0 11 0 0 0 11 0 11 0 0 11 0 11 0 0 0 11 0 0 11 0 11 0 11 0 0 0 0 0 0 0 0 11 
11 0 0 0 0 11 0 0 0 0 0 0 0 0 0 0 0 11 0 0 0 0 0 11 0 0 0 0 0 11 0 0 0 0 0 11 
11 11 11 11 11 11 11 11 11 11 11 11 11 11 11 11 11 11 11 11 11 11 11 11 11 11 11 11 11 11 11 11 11 11 11 11 

14319
11 11 11 11 11 11 11 11 11 11 11 11 11 11 11 11 11 11 11 11 11 11 11 11 11 11 11 11 11 11 11 11 11 11 11 11 
11 11 0 0 11 0 11 0 11 0 0 0 0 0 0 0 11 0 0 11 0 0 0 0 0 0 0 0 0 11 0 0 0 0 11 11 
11 0 0 11 0 0 0 0 0 11 0 11 0 0 11 0 0 0 0 0 0 0 0 11 0 0 0 0 0 0 0 0 0 0 0 11 
11 0 0 0 0 0 0 0 0 0 11 0 0 0 0 0 0 0 0 0 11 0 0 0 11 0 0 11 0 11 0 0 0 11 0 11 
11 0 0 0 0 0 0 0 0 0 0 0 11 11 0 0 0 0 0 0 0 0 0 0 0 0 0 0 0 0 0 0 0 0 0 11 
11 11 0 0 0 0 0 11 0 0 0 11 0 11 0 11 0 0 0 0 0 0 0 0 0 0 0 0 11 0 0 0 0 0 0 11 
11 0 11 0 0 0 0 11 0 11 0 0 11 0 11 0 0 0 0 11 0 0 0 0 0 0 0 11 0 0 11 11 11 0 0 11 
11 0 0 0 0 11 0 0 0 11 11 0 11 0 0 11 0 0 0 11 0 0 0 0 0 0 0 11 11 11 0 11 0 0 0 11 
11 0 0 0 0 0 0 0 0 11 0 0 0 0 0 11 0 11 11 11 11 0 11 0 0 11 0 0 0 0 11 0 0 0 0 11 
11 0 11 0 11 0 11 0 0 0 0 11 0 0 0 11 0 0 0 0 11 0 0 0 0 0 0 0 0 0 0 0 11 0 0 11 
11 0 11 0 0 0 11 0 0 0 0 0 0 0 0 0 0 0 11 0 11 0 0 0 0 11 0 0 0 11 0 0 11 11 0 11 
11 0 0 11 0 0 0 0 0 0 0 0 0 0 0 0 0 0 0 0 0 0 0 0 0 0 0 0 0 0 11 11 11 0 0 11 
11 11 0 0 0 0 0 0 11 0 0 11 11 0 0 11 11 0 0 0 0 11 0 0 0 0 0 0 0 0 0 0 0 0 0 11 
11 0 11 0 0 0 0 0 0 0 0 0 0 11 0 0 0 0 0 0 0 0 0 11 0 11 0 0 0 0 0 0 0 0 0 11 
11 0 0 11 0 0 0 0 0 11 0 15 15 0 0 0 11 0 0 0 0 0 15 0 11 0 0 15 0 0 0 11 0 0 0 11 
11 0 0 0 0 0 11 0 0 0 0 15 0 0 0 0 11 0 0 0 0 0 0 14 0 0 0 11 15 11 0 0 0 0 0 11 
11 0 11 0 0 11 0 0 0 0 11 0 0 0 0 0 11 0 0 0 0 0 11 0 0 0 0 0 0 11 0 0 0 0 11 11 
11 0 0 0 0 11 11 0 0 0 0 0 0 0 0 0 0 0 11 0 0 11 0 0 0 0 0 0 0 11 0 0 0 0 11 11 
11 0 11 0 0 0 11 0 0 0 0 11 11 0 0 0 0 0 0 0 0 0 11 11 0 0 0 0 0 0 0 0 0 0 0 11 
11 0 0 0 11 0 0 0 11 0 11 0 0 11 0 11 0 0 0 11 0 0 11 0 11 0 11 0 0 0 0 0 0 0 0 11 
11 0 0 0 0 11 0 0 0 0 0 0 0 0 0 0 0 11 0 0 0 0 0 11 0 0 0 0 0 11 0 0 0 0 0 11 
11 11 11 11 11 11 11 11 11 11 11 11 11 11 11 11 11 11 11 11 11 11 11 11 11 11 11 11 11 11 11 11 11 11 11 11 

14319
11 11 11 11 11 11 11 11 11 11 11 11 11 11 11 11 11 11 11 11 11 11 11 11 11 11 11 11 11 11 11 11 11 11 11 11 
11 11 0 0 11 0 11 0 11 0 0 0 0 0 0 0 11 0 0 11 0 0 0 0 0 0 0 0 0 11 0 0 0 0 11 11 
11 0 0 11 0 0 0 0 0 11 0 11 0 0 11 0 0 0 0 0 0 0 0 11 0 0 0 0 0 0 0 0 0 0 0 11 
11 0 0 0 0 0 0 0 0 0 11 0 0 0 0 0 0 0 0 0 11 0 0 0 11 0 0 11 0 11 0 0 0 11 0 11 
11 0 0 0 0 0 0 0 0 0 0 0 11 11 0 0 0 0 0 0 0 0 0 0 0 0 0 0 0 0 0 0 0 0 0 11 
11 11 0 0 0 0 0 11 0 0 0 11 0 11 0 11 0 0 0 0 0 0 0 0 0 0 0 0 11 0 0 0 0 0 0 11 
11 0 11 0 0 0 0 11 0 11 0 0 11 0 11 0 0 0 0 11 0 0 0 0 0 0 0 11 0 0 11 11 11 0 0 11 
11 0 0 0 0 11 0 0 0 11 11 0 11 0 0 11 0 0 0 11 0 0 0 0 0 0 0 11 11 11 0 11 0 0 0 11 
11 0 0 0 0 0 0 0 0 11 0 0 0 0 0 11 0 11 11 11 11 0 11 0 0 11 0 0 0 0 11 0 0 0 0 11 
11 0 11 0 11 0 11 0 0 0 0 11 0 0 0 11 0 0 0 0 11 0 0 0 0 0 0 0 0 0 0 0 11 0 0 11 
11 0 11 0 0 0 11 0 0 0 0 0 0 0 0 0 0 0 11 0 11 0 0 0 0 11 0 0 0 11 0 0 11 11 0 11 
11 0 0 11 0 0 0 0 0 0 0 0 0 0 0 0 0 0 0 0 0 0 0 0 0 0 0 0 0 0 11 11 11 0 0 11 
11 11 0 0 0 0 0 0 11 0 0 11 11 0 0 11 11 0 0 0 0 11 0 0 0 0 0 0 0 0 0 0 0 0 0 11 
11 0 11 0 0 0 0 0 0 0 0 0 0 11 0 0 0 0 0 0 0 0 0 11 0 11 0 0 0 0 0 0 0 0 0 11 
11 0 0 11 0 0 0 0 0 11 0 15 15 0 0 0 11 0 0 0 0 0 15 0 11 0 0 15 0 0 0 11 0 0 0 11 
11 0 0 0 0 0 11 0 0 0 0 15 0 0 0 0 11 0 0 0 0 0 0 14 0 0 0 11 15 11 0 0 0 0 0 11 
11 0 11 0 0 11 0 0 0 0 11 0 0 0 0 0 11 0 0 0 0 0 11 0 0 0 0 0 0 11 0 0 0 0 11 11 
11 0 0 0 0 11 11 0 0 0 0 0 0 0 0 0 0 0 11 0 0 11 0 0 0 0 0 0 0 11 0 0 0 0 11 11 
11 0 11 0 0 0 11 0 0 0 0 11 11 0 0 0 0 0 0 0 0 0 11 11 0 0 0 0 0 0 0 0 0 0 0 11 
11 0 0 0 11 0 0 0 11 0 11 0 0 11 0 11 0 0 0 11 0 0 11 0 11 0 11 0 0 0 0 0 0 0 0 11 
11 0 0 0 0 11 0 0 0 0 0 0 0 0 0 0 0 11 0 0 0 0 0 11 0 0 0 0 0 11 0 0 0 0 0 11 
11 11 11 11 11 11 11 11 11 11 11 11 11 11 11 11 11 11 11 11 11 11 11 11 11 11 11 11 11 11 11 11 11 11 11 11 

14307
11 11 11 11 11 11 11 11 11 11 11 11 11 11 11 11 11 11 11 11 11 11 11 11 11 11 11 11 11 11 11 11 11 11 11 11 
11 11 0 0 11 0 11 0 11 0 0 0 0 0 0 0 11 0 0 11 0 0 0 0 0 0 0 0 0 11 0 0 0 0 11 11 
11 0 0 11 0 0 0 0 0 11 0 11 0 0 11 0 0 0 0 0 0 0 0 11 0 0 0 0 0 0 0 0 0 0 0 11 
11 0 0 0 0 0 0 0 0 0 11 0 0 0 0 0 0 0 0 0 11 0 0 0 11 0 0 11 0 11 0 0 0 11 0 11 
11 0 0 0 0 0 0 0 0 0 0 0 11 11 0 0 0 0 0 0 0 0 0 0 0 0 0 0 0 0 0 0 0 0 0 11 
11 11 0 0 0 0 0 11 0 0 0 11 0 11 0 11 0 0 0 0 0 0 0 0 0 0 0 0 11 0 0 0 0 0 0 11 
11 0 11 0 0 0 0 11 0 11 0 0 11 0 11 0 0 0 0 11 0 0 0 0 0 0 0 11 0 0 11 11 11 0 0 11 
11 0 0 0 0 11 0 0 0 11 11 0 11 0 0 11 0 0 0 11 0 0 0 0 0 0 0 11 11 11 0 11 0 0 0 11 
11 0 0 0 0 0 0 0 0 11 0 0 0 0 0 11 0 11 11 11 11 0 11 0 0 11 0 0 0 0 11 0 0 0 0 11 
11 0 11 0 11 0 11 0 0 0 0 11 0 0 0 11 0 0 0 0 11 0 0 0 0 0 0 0 0 0 0 0 11 0 0 11 
11 0 11 0 0 0 11 0 0 0 0 0 0 0 0 0 0 0 11 0 11 0 0 0 0 11 0 0 0 11 0 0 11 11 0 11 
11 0 0 11 0 0 0 0 0 0 0 0 0 0 0 0 0 0 0 0 0 0 0 0 0 0 0 0 0 0 11 11 11 0 0 11 
11 11 0 0 0 0 0 0 11 0 0 11 11 0 0 11 11 0 0 0 0 11 0 0 0 0 0 0 0 0 0 0 0 0 0 11 
11 0 11 0 0 0 0 0 0 0 0 0 0 11 0 0 0 0 0 0 0 0 0 11 0 11 0 0 0 0 0 0 0 0 0 11 
11 0 0 11 0 0 0 0 0 11 0 0 15 0 0 0 11 0 0 0 0 15 14 0 11 0 0 15 0 0 0 11 0 0 0 11 
11 0 0 0 0 0 11 0 0 0 0 15 0 0 0 0 11 0 0 0 0 0 0 0 0 0 0 11 0 11 0 0 0 0 0 11 
11 0 11 0 0 11 0 0 0 0 11 15 0 0 0 0 11 0 0 0 0 0 11 0 0 0 0 0 0 11 0 0 0 0 11 11 
11 0 0 0 0 11 11 0 0 0 0 0 0 0 0 0 0 0 11 0 0 11 0 0 0 0 0 0 0 11 0 0 0 0 11 11 
11 0 11 0 0 0 11 0 0 0 0 11 11 0 0 0 0 0 0 0 0 0 11 11 15 0 0 0 0 0 0 0 0 0 0 11 
11 0 0 0 11 0 0 0 11 0 11 0 0 11 0 11 0 0 0 11 0 0 11 0 11 0 11 0 0 0 0 0 0 0 0 11 
11 0 0 0 0 11 0 0 0 0 0 0 0 0 0 0 0 11 0 0 0 0 0 11 0 0 0 0 0 11 0 0 0 0 0 11 
11 11 11 11 11 11 11 11 11 11 11 11 11 11 11 11 11 11 11 11 11 11 11 11 11 11 11 11 11 11 11 11 11 11 11 11 

14302
11 11 11 11 11 11 11 11 11 11 11 11 11 11 11 11 11 11 11 11 11 11 11 11 11 11 11 11 11 11 11 11 11 11 11 11 
11 11 0 0 11 0 11 0 11 0 0 0 0 0 0 0 11 0 0 11 0 0 0 0 0 0 0 0 0 11 0 0 0 0 11 11 
11 0 0 11 0 0 0 0 0 11 0 11 0 0 11 0 0 0 0 0 0 0 0 11 0 0 0 0 0 0 0 0 0 0 0 11 
11 0 0 0 0 0 0 0 0 0 11 0 0 0 0 0 0 0 0 0 11 0 0 0 11 0 0 11 0 11 0 0 0 11 0 11 
11 0 0 0 0 0 0 0 0 0 0 0 11 11 0 0 0 0 0 0 0 0 0 0 0 0 0 0 0 0 0 0 0 0 0 11 
11 11 0 0 0 0 0 11 0 0 0 11 0 11 0 11 0 0 0 0 0 0 0 0 0 0 0 0 11 0 0 0 0 0 0 11 
11 0 11 0 0 0 0 11 0 11 0 0 11 0 11 0 0 0 0 11 0 0 0 0 0 0 0 11 0 0 11 11 11 0 0 11 
11 0 0 0 0 11 0 0 0 11 11 0 11 0 0 11 0 0 0 11 0 0 0 0 0 0 0 11 11 11 0 11 0 0 0 11 
11 0 0 0 0 0 0 0 0 11 0 0 0 0 0 11 0 11 11 11 11 0 11 0 0 11 0 0 0 0 11 0 0 0 0 11 
11 0 11 0 11 0 11 0 0 0 0 11 0 0 0 11 0 0 0 0 11 0 0 0 0 0 0 0 0 0 0 0 11 0 0 11 
11 0 11 0 0 0 11 0 0 0 0 0 0 0 0 0 0 0 11 0 11 0 0 0 0 11 0 0 0 11 0 0 11 11 0 11 
11 0 0 11 0 0 0 0 0 0 0 0 0 0 0 0 0 0 0 0 0 0 0 0 0 0 0 0 0 0 11 11 11 0 0 11 
11 11 0 0 0 0 0 0 11 0 0 11 11 0 0 11 11 0 0 0 0 11 0 0 0 0 0 0 0 0 0 0 0 11 11 11 
11 0 11 0 0 0 0 0 0 0 0 0 0 11 0 0 0 0 0 0 0 0 0 11 0 11 0 0 0 0 0 0 0 0 0 11 
11 0 0 11 0 0 0 0 0 11 0 15 0 0 0 0 11 0 0 0 0 0 0 0 11 0 15 0 0 0 0 11 0 0 0 11 
11 0 0 0 0 0 11 0 0 0 0 15 0 0 0 0 11 0 0 0 15 0 0 0 0 0 0 11 0 11 0 0 0 0 0 11 
11 0 11 0 0 11 0 0 0 0 11 0 0 0 0 0 11 0 0 0 0 0 11 14 15 0 0 0 0 11 0 0 0 0 11 11 
11 0 0 0 0 11 11 0 0 0 0 0 0 0 0 0 0 0 11 0 0 11 0 0 0 0 0 0 0 11 0 0 0 0 11 11 
11 0 11 0 0 0 11 0 0 0 0 11 11 0 0 0 0 0 0 0 0 0 11 11 0 0 0 0 0 0 0 0 0 0 0 11 
11 0 0 0 11 0 0 0 11 0 11 0 0 11 0 11 0 0 0 11 0 0 11 0 11 0 11 0 0 0 0 0 0 0 0 11 
11 0 0 0 0 11 0 0 0 0 0 0 0 0 0 0 0 11 0 0 0 0 0 11 0 0 0 0 0 11 0 0 0 0 0 11 
11 11 11 11 11 11 11 11 11 11 11 11 11 11 11 11 11 11 11 11 11 11 11 11 11 11 11 11 11 11 11 11 11 11 11 11 

