14715
11 11 11 11 11 11 11 11 11 11 11 11 11 11 11 11 11 11 11 11 11 11 11 11 11 11 11 11 11 11 11 11 11 11 11 11 
11 11 0 0 0 0 0 0 0 0 0 0 0 11 0 0 11 0 0 0 0 0 0 0 0 0 0 0 0 0 0 0 11 0 0 11 
11 0 0 0 0 0 11 11 0 0 0 0 11 0 0 0 0 11 0 0 0 0 11 0 11 11 11 0 11 0 0 0 0 0 0 11 
11 0 11 0 0 0 0 0 0 0 0 0 11 0 11 0 0 0 0 0 0 0 0 11 0 0 0 0 0 0 0 0 0 0 0 11 
11 11 0 0 0 0 0 0 0 0 11 0 0 0 11 0 0 0 0 0 11 0 0 0 0 0 0 0 0 0 0 0 0 11 0 11 
11 0 0 0 11 0 0 11 0 11 0 0 0 0 0 0 0 0 0 0 11 0 0 0 0 0 0 0 0 0 0 0 0 0 11 11 
11 11 0 0 0 0 0 11 0 0 11 0 11 0 0 0 0 0 0 11 0 11 11 0 0 0 0 0 0 11 11 0 0 0 0 11 
11 0 0 11 0 11 0 0 0 11 0 11 11 0 0 0 0 0 0 0 0 0 0 11 11 0 11 0 11 0 11 11 0 0 0 11 
11 0 0 0 0 0 0 0 0 0 0 0 0 0 0 0 11 0 0 0 0 11 0 0 0 0 0 0 0 0 0 0 0 11 11 11 
11 11 11 0 0 0 11 0 0 0 11 0 0 0 0 0 0 0 0 0 0 0 0 0 0 0 0 11 0 0 11 0 0 11 11 11 
11 0 0 0 11 0 0 0 0 0 0 0 0 11 0 0 0 0 0 0 0 15 0 0 11 11 0 0 11 0 0 0 0 11 0 11 
11 0 11 0 0 0 11 0 0 11 0 0 0 0 11 0 11 0 0 0 11 0 0 0 0 11 0 0 0 0 11 11 0 0 0 11 
11 11 0 0 0 0 0 0 0 0 0 0 0 0 0 11 0 11 0 15 15 0 0 11 0 11 0 0 11 0 0 0 0 0 0 11 
11 0 11 0 0 0 0 15 0 11 11 11 0 11 0 0 0 0 11 0 0 0 11 0 0 0 0 0 0 0 0 11 0 0 0 11 
11 0 0 11 0 15 0 0 0 11 0 0 0 0 0 0 0 0 0 0 11 0 0 0 0 0 0 0 0 0 0 0 0 0 0 11 
11 0 0 0 0 0 0 15 0 0 0 0 0 0 11 0 0 0 0 0 0 0 0 0 0 0 0 0 0 0 0 0 0 0 0 11 
11 0 0 0 11 0 0 0 0 0 0 0 0 0 0 0 0 0 0 0 0 0 11 0 0 0 11 0 0 0 0 0 0 11 0 11 
11 11 0 0 0 0 0 0 0 0 11 0 11 0 11 0 0 0 11 0 0 0 0 11 11 0 0 0 0 0 0 0 11 0 0 11 
11 0 11 0 0 0 0 11 0 0 0 0 11 0 0 11 0 0 0 0 0 0 0 0 11 0 0 11 0 11 0 0 0 0 11 11 
11 0 0 0 0 0 11 0 0 0 0 0 0 0 0 0 0 0 11 11 0 0 0 0 11 0 11 0 0 11 0 0 0 11 0 11 
11 0 11 0 0 0 0 0 0 0 0 0 0 0 0 0 0 0 0 0 11 0 0 0 11 0 0 0 11 0 0 0 0 0 0 11 
11 0 11 0 0 0 0 0 0 11 11 0 0 0 0 0 0 0 0 11 11 0 0 0 0 11 0 0 0 11 0 0 0 0 11 11 
11 0 11 0 0 0 0 0 0 0 0 0 0 0 11 0 0 0 11 11 11 0 11 0 0 11 0 11 0 0 0 0 0 0 0 11 
11 11 11 11 11 11 11 11 11 11 11 11 11 11 11 11 11 11 11 11 11 11 11 11 11 11 11 11 11 11 11 11 11 11 11 11 

14715
11 11 11 11 11 11 11 11 11 11 11 11 11 11 11 11 11 11 11 11 11 11 11 11 11 11 11 11 11 11 11 11 11 11 11 11 
11 11 0 0 0 0 0 0 0 0 0 0 0 11 0 0 11 0 0 0 0 0 0 0 0 0 0 0 0 0 0 0 11 0 0 11 
11 0 0 0 0 0 11 11 0 0 0 0 11 0 0 0 0 11 0 0 0 0 11 0 11 11 11 0 11 0 0 0 0 0 0 11 
11 0 11 0 0 0 0 0 0 0 0 0 11 0 11 0 0 0 0 0 0 0 0 11 0 0 0 0 0 0 0 0 0 0 0 11 
11 11 0 0 0 0 0 0 0 0 11 0 0 0 11 0 0 0 0 0 11 0 0 0 0 0 0 0 0 0 0 0 0 11 0 11 
11 0 0 0 11 0 0 11 0 11 0 0 0 0 0 0 0 0 0 0 11 0 0 0 0 0 0 0 0 0 0 0 0 0 11 11 
11 11 0 0 0 0 0 11 0 0 11 0 11 0 0 0 0 0 0 11 0 11 11 0 0 0 0 0 0 11 11 0 0 0 0 11 
11 0 0 11 0 11 0 0 0 11 0 11 11 0 0 0 0 0 0 0 0 0 0 11 11 0 11 0 11 0 11 11 0 0 0 11 
11 0 0 0 0 0 0 0 0 0 0 0 0 0 0 0 11 0 0 0 0 11 0 0 0 0 0 0 0 0 0 0 0 11 11 11 
11 11 11 0 0 0 11 0 0 0 11 0 0 0 0 0 0 0 0 0 0 0 0 0 0 0 0 11 0 0 11 0 0 11 11 11 
11 0 0 0 11 0 0 0 0 0 0 0 0 11 0 0 0 0 0 0 0 15 0 0 11 11 0 0 11 0 0 0 0 11 0 11 
11 0 11 0 0 0 11 0 0 11 0 0 0 0 11 0 11 0 0 0 11 0 0 0 0 11 0 0 0 0 11 11 0 0 0 11 
11 11 0 0 0 0 0 0 0 0 0 0 0 0 0 11 0 11 0 15 15 0 0 11 0 11 0 0 11 0 0 0 0 0 0 11 
11 0 11 0 0 0 0 15 0 11 11 11 0 11 0 0 0 0 11 0 0 0 11 0 0 0 0 0 0 0 0 11 0 0 0 11 
11 0 0 11 0 15 0 0 0 11 0 0 0 0 0 0 0 0 0 0 11 0 0 0 0 0 0 0 0 0 0 0 0 0 0 11 
11 0 0 0 0 0 0 15 0 0 0 0 0 0 11 0 0 0 0 0 0 0 0 0 0 0 0 0 0 0 0 0 0 0 0 11 
11 0 0 0 11 0 0 0 0 0 0 0 0 0 0 0 0 0 0 0 0 0 11 0 0 0 11 0 0 0 0 0 0 11 0 11 
11 11 0 0 0 0 0 0 0 0 11 0 11 0 11 0 0 0 11 0 0 0 0 11 11 0 0 0 0 0 0 0 11 0 0 11 
11 0 11 0 0 0 0 11 0 0 0 0 11 0 0 11 0 0 0 0 0 0 0 0 11 0 0 11 0 11 0 0 0 0 11 11 
11 0 0 0 0 0 11 0 0 0 0 0 0 0 0 0 0 0 11 11 0 0 0 0 11 0 11 0 0 11 0 0 0 11 0 11 
11 0 11 0 0 0 0 0 0 0 0 0 0 0 0 0 0 0 0 0 11 0 0 0 11 0 0 0 11 0 0 0 0 0 0 11 
11 0 11 0 0 0 0 0 0 11 11 0 0 0 0 0 0 0 0 11 11 0 0 0 0 11 0 0 0 11 0 0 0 0 11 11 
11 0 11 0 0 0 0 0 0 0 0 0 0 0 11 0 0 0 11 11 11 0 11 0 0 11 0 11 0 0 0 0 0 0 0 11 
11 11 11 11 11 11 11 11 11 11 11 11 11 11 11 11 11 11 11 11 11 11 11 11 11 11 11 11 11 11 11 11 11 11 11 11 

14715
11 11 11 11 11 11 11 11 11 11 11 11 11 11 11 11 11 11 11 11 11 11 11 11 11 11 11 11 11 11 11 11 11 11 11 11 
11 11 0 0 0 0 0 0 0 0 0 0 0 11 0 0 11 0 0 0 0 0 0 0 0 0 0 0 0 0 0 0 11 0 0 11 
11 0 0 0 0 0 11 11 0 0 0 0 11 0 0 0 0 11 0 0 0 0 11 0 11 11 11 0 11 0 0 0 0 0 0 11 
11 0 11 0 0 0 0 0 0 0 0 0 11 0 11 0 0 0 0 0 0 0 0 11 0 0 0 0 0 0 0 0 0 0 0 11 
11 11 0 0 0 0 0 0 0 0 11 0 0 0 11 0 0 0 0 0 11 0 0 0 0 0 0 0 0 0 0 0 0 11 0 11 
11 0 0 0 11 0 0 11 0 11 0 0 0 0 0 0 0 0 0 0 11 0 0 0 0 0 0 0 0 0 0 0 0 0 11 11 
11 11 0 0 0 0 0 11 0 0 11 0 11 0 0 0 0 0 0 11 0 11 11 0 0 0 0 0 0 11 11 0 0 0 0 11 
11 0 0 11 0 11 0 0 0 11 0 11 11 0 0 0 0 0 0 0 0 0 0 11 11 0 11 0 11 0 11 11 0 0 0 11 
11 0 0 0 0 0 0 0 0 0 0 0 0 0 0 0 11 0 0 0 0 11 0 0 0 0 0 0 0 0 0 0 0 11 11 11 
11 11 11 0 0 0 11 0 0 0 11 0 0 0 0 0 0 0 0 0 0 0 0 0 0 0 0 11 0 0 11 0 0 11 11 11 
11 0 0 0 11 0 0 0 0 0 0 0 0 11 0 0 0 0 0 0 0 15 0 0 11 11 0 0 11 0 0 0 0 11 0 11 
11 0 11 0 0 0 11 0 0 11 0 0 0 0 11 0 11 0 0 0 11 0 0 0 0 11 0 0 0 0 11 11 0 0 0 11 
11 11 0 0 0 0 0 0 0 0 0 0 0 0 0 11 0 11 0 15 15 0 0 11 0 11 0 0 11 0 0 0 0 0 0 11 
11 0 11 0 0 0 0 15 0 11 11 11 0 11 0 0 0 0 11 0 0 0 11 0 0 0 0 0 0 0 0 11 0 0 0 11 
11 0 0 11 0 15 0 0 0 11 0 0 0 0 0 0 0 0 0 0 11 0 0 0 0 0 0 0 0 0 0 0 0 0 0 11 
11 0 0 0 0 0 0 15 0 0 0 0 0 0 11 0 0 0 0 0 0 0 0 0 0 0 0 0 0 0 0 0 0 0 0 11 
11 0 0 0 11 0 0 0 0 0 0 0 0 0 0 0 0 0 0 0 0 0 11 0 0 0 11 0 0 0 0 0 0 11 0 11 
11 11 0 0 0 0 0 0 0 0 11 0 11 0 11 0 0 0 11 0 0 0 0 11 11 0 0 0 0 0 0 0 11 0 0 11 
11 0 11 0 0 0 0 11 0 0 0 0 11 0 0 11 0 0 0 0 0 0 0 0 11 0 0 11 0 11 0 0 0 0 11 11 
11 0 0 0 0 0 11 0 0 0 0 0 0 0 0 0 0 0 11 11 0 0 0 0 11 0 11 0 0 11 0 0 0 11 0 11 
11 0 11 0 0 0 0 0 0 0 0 0 0 0 0 0 0 0 0 0 11 0 0 0 11 0 0 0 11 0 0 0 0 0 0 11 
11 0 11 0 0 0 0 0 0 11 11 0 0 0 0 0 0 0 0 11 11 0 0 0 0 11 0 0 0 11 0 0 0 0 11 11 
11 0 11 0 0 0 0 0 0 0 0 0 0 0 11 0 0 0 11 11 11 0 11 0 0 11 0 11 0 0 0 0 0 0 0 11 
11 11 11 11 11 11 11 11 11 11 11 11 11 11 11 11 11 11 11 11 11 11 11 11 11 11 11 11 11 11 11 11 11 11 11 11 

14686
11 11 11 11 11 11 11 11 11 11 11 11 11 11 11 11 11 11 11 11 11 11 11 11 11 11 11 11 11 11 11 11 11 11 11 11 
11 11 0 0 0 0 0 0 0 0 0 0 0 11 0 0 11 0 0 0 0 0 0 0 0 0 0 0 0 0 0 0 11 0 0 11 
11 0 0 0 0 0 11 11 0 0 0 0 11 0 0 0 0 11 0 0 0 0 11 0 11 11 11 0 11 0 0 0 0 0 0 11 
11 0 11 0 0 0 0 0 0 0 0 0 11 0 11 0 0 0 0 0 0 0 0 11 0 0 0 0 0 0 0 0 0 0 0 11 
11 11 0 0 0 0 0 0 0 0 11 0 0 0 11 0 0 0 0 0 11 0 0 0 0 0 0 0 0 0 0 0 0 11 0 11 
11 0 0 0 11 0 0 11 0 11 0 0 0 0 0 0 0 0 0 0 11 0 0 0 0 0 0 0 0 0 0 0 0 0 11 11 
11 11 0 0 0 0 0 11 0 0 11 0 11 0 0 0 0 0 0 11 0 11 11 0 0 0 0 0 0 11 11 0 0 0 0 11 
11 0 0 11 0 11 0 0 0 11 0 11 11 0 0 0 0 0 0 0 0 0 0 11 11 0 11 0 11 0 11 11 0 0 0 11 
11 0 0 0 0 0 0 0 0 0 0 0 0 0 0 0 11 0 0 0 0 11 0 0 0 0 0 0 0 0 0 0 0 11 11 11 
11 11 11 0 0 0 11 0 0 0 11 0 0 0 0 0 0 0 0 0 0 0 0 0 0 0 0 11 0 0 11 0 0 11 11 11 
11 0 0 0 11 0 0 0 0 0 0 0 0 11 0 0 0 0 0 0 0 0 14 15 11 11 0 0 11 0 0 0 0 11 0 11 
11 0 11 0 0 14 11 0 0 11 0 0 0 0 11 0 11 0 15 0 11 0 0 0 0 11 0 0 0 0 11 11 0 0 0 11 
11 11 0 0 0 0 0 0 0 0 0 0 0 0 0 11 0 11 0 0 15 0 0 11 0 11 0 0 11 0 0 0 0 0 0 11 
11 0 11 0 0 0 0 0 0 11 11 11 0 11 0 0 0 0 11 0 0 0 11 0 0 0 0 0 0 0 0 11 0 0 0 11 
11 0 0 11 0 0 0 0 15 11 0 0 0 0 0 0 0 0 0 0 11 0 0 0 0 0 0 0 0 0 0 0 0 0 0 11 
11 0 0 0 0 15 0 0 0 0 0 0 0 0 11 0 0 0 0 0 0 0 0 0 0 0 0 0 0 0 0 0 0 0 0 11 
11 0 0 0 11 0 0 0 0 0 0 0 0 0 0 0 0 0 0 0 0 0 11 0 0 0 11 0 0 0 0 0 0 11 0 11 
11 11 0 0 0 0 0 0 0 0 11 0 11 0 11 0 0 0 11 0 0 0 0 11 11 0 0 0 0 0 0 0 11 0 0 11 
11 0 11 0 0 0 0 11 0 0 0 0 11 0 0 11 0 0 0 0 0 0 0 0 11 0 0 11 0 11 0 0 0 0 11 11 
11 0 0 0 0 0 11 0 0 0 0 0 0 0 0 0 0 0 11 11 0 0 0 0 11 0 11 0 0 11 0 0 0 11 0 11 
11 0 11 0 0 0 0 0 0 0 0 0 0 0 0 0 0 0 0 0 11 0 0 0 11 0 0 0 11 0 0 0 0 0 0 11 
11 0 11 0 0 0 0 0 0 11 11 0 0 0 0 0 0 0 0 11 11 0 0 0 0 11 0 0 0 11 0 0 0 0 11 11 
11 0 11 0 0 0 0 0 0 0 0 0 0 0 11 0 0 0 11 11 11 0 11 0 0 11 0 11 0 0 0 0 0 0 0 11 
11 11 11 11 11 11 11 11 11 11 11 11 11 11 11 11 11 11 11 11 11 11 11 11 11 11 11 11 11 11 11 11 11 11 11 11 

14686
11 11 11 11 11 11 11 11 11 11 11 11 11 11 11 11 11 11 11 11 11 11 11 11 11 11 11 11 11 11 11 11 11 11 11 11 
11 11 0 0 0 0 0 0 0 0 0 0 0 11 0 0 11 0 0 0 0 0 0 0 0 0 0 0 0 0 0 0 11 0 0 11 
11 0 0 0 0 0 11 11 0 0 0 0 11 0 0 0 0 11 0 0 0 0 11 0 11 11 11 0 11 0 0 0 0 0 0 11 
11 0 11 0 0 0 0 0 0 0 0 0 11 0 11 0 0 0 0 0 0 0 0 11 0 0 0 0 0 0 0 0 0 0 0 11 
11 11 0 0 0 0 0 0 0 0 11 0 0 0 11 0 0 0 0 0 11 0 0 0 0 0 0 0 0 0 0 0 0 11 0 11 
11 0 0 0 11 0 0 11 0 11 0 0 0 0 0 0 0 0 0 0 11 0 0 0 0 0 0 0 0 0 0 0 0 0 11 11 
11 11 0 0 0 0 0 11 0 0 11 0 11 0 0 0 0 0 0 11 0 11 11 0 0 0 0 0 0 11 11 0 0 0 0 11 
11 0 0 11 0 11 0 0 0 11 0 11 11 0 0 0 0 0 0 0 0 0 0 11 11 0 11 0 11 0 11 11 0 0 0 11 
11 0 0 0 0 0 0 0 0 0 0 0 0 0 0 0 11 0 0 0 0 11 0 0 0 0 0 0 0 0 0 0 0 11 11 11 
11 11 11 0 0 0 11 0 0 0 11 0 0 0 0 0 0 0 0 0 0 0 0 0 0 0 0 11 0 0 11 0 0 11 11 11 
11 0 0 0 11 0 0 0 0 0 0 0 0 11 0 0 0 0 0 0 0 0 14 15 11 11 0 0 11 0 0 0 0 11 0 11 
11 0 11 0 0 14 11 0 0 11 0 0 0 0 11 0 11 0 15 0 11 0 0 0 0 11 0 0 0 0 11 11 0 0 0 11 
11 11 0 0 0 0 0 0 0 0 0 0 0 0 0 11 0 11 0 0 15 0 0 11 0 11 0 0 11 0 0 0 0 0 0 11 
11 0 11 0 0 0 0 0 0 11 11 11 0 11 0 0 0 0 11 0 0 0 11 0 0 0 0 0 0 0 0 11 0 0 0 11 
11 0 0 11 0 0 0 0 15 11 0 0 0 0 0 0 0 0 0 0 11 0 0 0 0 0 0 0 0 0 0 0 0 0 0 11 
11 0 0 0 0 15 0 0 0 0 0 0 0 0 11 0 0 0 0 0 0 0 0 0 0 0 0 0 0 0 0 0 0 0 0 11 
11 0 0 0 11 0 0 0 0 0 0 0 0 0 0 0 0 0 0 0 0 0 11 0 0 0 11 0 0 0 0 0 0 11 0 11 
11 11 0 0 0 0 0 0 0 0 11 0 11 0 11 0 0 0 11 0 0 0 0 11 11 0 0 0 0 0 0 0 11 0 0 11 
11 0 11 0 0 0 0 11 0 0 0 0 11 0 0 11 0 0 0 0 0 0 0 0 11 0 0 11 0 11 0 0 0 0 11 11 
11 0 0 0 0 0 11 0 0 0 0 0 0 0 0 0 0 0 11 11 0 0 0 0 11 0 11 0 0 11 0 0 0 11 0 11 
11 0 11 0 0 0 0 0 0 0 0 0 0 0 0 0 0 0 0 0 11 0 0 0 11 0 0 0 11 0 0 0 0 0 0 11 
11 0 11 0 0 0 0 0 0 11 11 0 0 0 0 0 0 0 0 11 11 0 0 0 0 11 0 0 0 11 0 0 0 0 11 11 
11 0 11 0 0 0 0 0 0 0 0 0 0 0 11 0 0 0 11 11 11 0 11 0 0 11 0 11 0 0 0 0 0 0 0 11 
11 11 11 11 11 11 11 11 11 11 11 11 11 11 11 11 11 11 11 11 11 11 11 11 11 11 11 11 11 11 11 11 11 11 11 11 

14727
11 11 11 11 11 11 11 11 11 11 11 11 11 11 11 11 11 11 11 11 11 11 11 11 11 11 11 11 11 11 11 11 11 11 11 11 
11 11 0 0 0 0 0 0 0 0 0 0 0 11 0 0 11 0 0 0 0 0 0 0 0 0 0 0 0 0 0 0 11 0 0 11 
11 0 0 0 0 0 11 11 0 0 0 0 11 0 0 0 0 11 0 0 0 0 11 0 0 0 11 0 11 0 0 0 0 0 0 11 
11 0 11 0 0 0 0 0 0 0 0 0 11 0 11 0 0 0 0 0 0 0 0 11 0 0 0 0 0 0 0 0 0 0 0 11 
11 11 0 0 0 0 0 0 0 0 11 0 0 0 11 0 0 0 0 0 11 0 0 0 0 0 0 0 0 0 0 0 0 11 0 11 
11 0 0 0 11 0 0 11 0 11 0 0 0 0 0 0 0 0 0 0 11 0 0 0 0 0 0 0 0 0 0 0 0 0 11 11 
11 11 0 0 0 0 0 11 0 0 11 0 11 0 0 0 0 0 0 11 0 11 11 0 0 0 0 0 0 11 11 0 11 0 0 11 
11 0 0 11 0 11 0 0 0 11 0 11 11 0 0 0 0 0 0 0 0 0 0 11 11 0 11 0 11 0 11 11 0 0 0 11 
11 0 0 0 0 0 0 0 0 0 0 0 0 0 0 0 11 0 0 0 0 11 0 0 0 0 0 0 0 0 0 0 0 11 11 11 
11 11 11 0 0 0 11 0 0 0 11 0 0 0 0 0 0 0 0 0 0 0 0 0 0 0 0 11 0 0 11 0 0 0 11 11 
11 0 0 0 11 0 0 15 0 0 0 0 0 11 0 0 0 0 0 15 0 0 15 0 11 11 0 0 11 0 0 0 0 11 0 11 
11 0 11 0 0 0 11 0 0 11 0 0 0 0 11 0 11 0 15 0 11 0 0 0 0 11 0 0 0 0 11 11 0 0 0 11 
11 11 0 0 0 11 0 0 0 0 0 0 0 0 0 11 0 11 0 15 0 0 0 11 0 11 0 0 11 0 11 0 0 0 0 11 
11 0 11 0 0 0 0 0 0 11 0 11 0 11 0 0 0 0 11 0 0 0 11 0 0 0 0 0 0 0 0 11 0 0 0 11 
11 0 0 11 0 0 0 0 0 11 0 0 0 0 0 0 0 0 0 0 11 0 0 0 0 0 0 0 0 0 0 0 0 0 0 11 
11 0 0 0 0 0 0 0 0 0 15 0 0 0 11 0 0 0 0 0 0 0 0 11 0 0 0 0 0 0 0 0 0 0 0 11 
11 0 0 0 11 0 0 0 0 0 0 0 0 0 0 0 0 0 0 0 0 0 11 0 0 0 11 0 0 0 0 0 0 11 0 11 
11 11 0 0 0 0 0 0 0 0 11 0 11 0 11 0 0 0 11 0 0 0 0 11 11 0 0 0 0 0 0 0 11 0 0 11 
11 0 11 0 0 0 0 11 0 0 0 0 11 0 0 11 11 0 0 0 0 0 0 0 11 0 0 11 0 11 0 11 0 0 11 11 
11 0 0 0 0 0 11 0 15 0 0 0 0 0 0 0 0 0 11 11 0 0 0 0 11 0 11 0 0 11 0 0 0 11 0 11 
11 0 11 0 0 0 0 0 0 0 0 0 0 0 0 0 0 0 0 0 11 0 0 0 0 0 0 0 11 0 0 0 0 0 0 11 
11 0 11 0 0 0 0 0 0 11 11 0 0 0 0 0 0 0 0 11 11 0 0 0 0 0 0 0 0 11 0 0 0 0 11 11 
11 0 11 0 0 0 0 0 0 0 0 0 0 0 11 0 0 0 11 11 11 0 11 0 0 11 0 11 0 0 0 0 0 0 0 11 
11 11 11 11 11 11 11 11 11 11 11 11 11 11 11 11 11 11 11 11 11 11 11 11 11 11 11 11 11 11 11 11 11 11 11 11 

14668
11 11 11 11 11 11 11 11 11 11 11 11 11 11 11 11 11 11 11 11 11 11 11 11 11 11 11 11 11 11 11 11 11 11 11 11 
11 11 0 0 0 0 0 0 0 0 0 0 0 11 0 0 11 0 0 0 0 0 0 0 0 0 0 0 0 0 0 0 11 0 0 11 
11 0 0 0 0 0 11 11 0 0 0 0 11 0 0 0 0 11 0 0 0 0 11 0 0 0 11 0 11 0 0 0 0 0 0 11 
11 0 11 0 0 0 0 0 0 0 0 0 11 0 11 0 0 0 0 0 0 0 0 11 0 0 0 0 0 0 0 0 0 0 0 11 
11 11 0 0 0 0 0 0 0 0 11 0 0 0 11 0 0 0 0 0 11 0 0 0 0 0 0 0 0 0 0 0 0 11 0 11 
11 0 0 0 11 0 0 11 0 11 0 0 0 0 0 0 0 0 0 0 11 0 0 0 0 0 0 0 0 0 0 0 0 0 11 11 
11 11 0 0 0 0 0 11 0 0 11 0 11 0 0 0 0 0 0 11 0 11 11 0 0 0 0 0 0 11 11 0 11 0 0 11 
11 0 0 11 0 11 0 0 0 11 0 11 11 0 0 0 0 0 0 0 0 0 0 11 11 0 11 0 11 0 11 11 0 0 0 11 
11 0 0 0 0 0 0 0 0 0 0 0 0 0 0 0 11 0 0 0 0 11 0 0 0 0 0 0 0 0 0 0 0 11 11 11 
11 11 11 0 0 0 11 0 0 0 11 0 0 0 0 0 0 0 0 0 0 0 0 0 0 0 0 11 0 0 11 0 0 0 11 11 
11 0 0 0 11 0 0 15 0 0 0 0 0 11 0 0 0 0 0 0 0 15 0 0 11 11 0 0 11 0 0 0 0 11 0 11 
11 0 11 0 0 0 11 0 0 11 0 0 0 0 11 0 11 0 0 0 11 0 15 0 0 11 0 0 0 0 11 11 0 0 0 11 
11 11 0 0 0 11 0 0 0 0 0 0 0 0 0 11 0 11 0 15 0 0 0 11 0 11 0 0 11 0 11 0 0 0 0 11 
11 0 11 0 0 0 0 0 0 11 0 11 0 11 0 0 0 0 11 0 0 0 11 0 0 0 0 0 0 0 0 11 0 0 0 11 
11 0 0 11 0 0 0 0 0 11 0 0 0 0 0 0 0 0 0 15 11 0 0 0 0 0 0 0 0 0 0 0 0 0 0 11 
11 0 0 0 0 0 0 0 14 0 0 0 0 0 11 0 0 0 0 0 0 0 0 11 0 0 0 0 0 0 0 0 0 0 0 11 
11 0 0 0 11 0 0 13 0 15 0 0 0 0 0 0 0 0 0 0 0 0 11 0 0 0 11 0 0 0 0 0 0 11 0 11 
11 11 0 0 0 0 0 0 0 0 11 0 11 0 11 0 0 0 11 0 0 0 0 11 11 0 0 0 0 0 0 0 11 0 0 11 
11 0 11 0 0 0 0 11 0 0 0 0 11 0 0 11 11 0 0 0 0 0 0 0 11 0 0 11 0 11 0 11 0 0 11 11 
11 0 0 0 0 0 11 0 0 0 0 0 0 0 0 0 0 0 11 11 0 0 0 0 11 0 11 0 0 11 0 0 0 11 0 11 
11 0 11 0 0 0 0 0 0 0 0 0 0 0 0 0 0 0 0 0 11 0 0 0 0 0 0 0 11 0 0 0 0 0 0 11 
11 0 11 0 0 0 0 0 0 11 11 0 0 0 0 0 0 0 0 11 11 0 0 0 0 0 0 0 0 11 0 0 0 0 11 11 
11 0 11 0 0 0 0 0 0 0 0 0 0 0 11 0 0 0 11 11 11 0 11 0 0 11 0 11 0 0 0 0 0 0 0 11 
11 11 11 11 11 11 11 11 11 11 11 11 11 11 11 11 11 11 11 11 11 11 11 11 11 11 11 11 11 11 11 11 11 11 11 11 

14668
11 11 11 11 11 11 11 11 11 11 11 11 11 11 11 11 11 11 11 11 11 11 11 11 11 11 11 11 11 11 11 11 11 11 11 11 
11 11 0 0 0 0 0 0 0 0 0 0 0 11 0 0 11 0 0 0 0 0 0 0 0 0 0 0 0 0 0 0 11 0 0 11 
11 0 0 0 0 0 11 11 0 0 0 0 11 0 0 0 0 11 0 0 0 0 11 0 0 0 11 0 11 0 0 0 0 0 0 11 
11 0 11 0 0 0 0 0 0 0 0 0 11 0 11 0 0 0 0 0 0 0 0 11 0 0 0 0 0 0 0 0 0 0 0 11 
11 11 0 0 0 0 0 0 0 0 11 0 0 0 11 0 0 0 0 0 11 0 0 0 0 0 0 0 0 0 0 0 0 11 0 11 
11 0 0 0 11 0 0 11 0 11 0 0 0 0 0 0 0 0 0 0 11 0 0 0 0 0 0 0 0 0 0 0 0 0 11 11 
11 11 0 0 0 0 0 11 0 0 11 0 11 0 0 0 0 0 0 11 0 11 11 0 0 0 0 0 0 11 11 0 11 0 0 11 
11 0 0 11 0 11 0 0 0 11 0 11 11 0 0 0 0 0 0 0 0 0 0 11 11 0 11 0 11 0 11 11 0 0 0 11 
11 0 0 0 0 0 0 0 0 0 0 0 0 0 0 0 11 0 0 0 0 11 0 0 0 0 0 0 0 0 0 0 0 11 11 11 
11 11 11 0 0 0 11 0 0 0 11 0 0 0 0 0 0 0 0 0 0 0 0 0 0 0 0 11 0 0 11 0 0 0 11 11 
11 0 0 0 11 0 0 15 0 0 0 0 0 11 0 0 0 0 0 0 0 15 0 0 11 11 0 0 11 0 0 0 0 11 0 11 
11 0 11 0 0 0 11 0 0 11 0 0 0 0 11 0 11 0 0 0 11 0 15 0 0 11 0 0 0 0 11 11 0 0 0 11 
11 11 0 0 0 11 0 0 0 0 0 0 0 0 0 11 0 11 0 15 0 0 0 11 0 11 0 0 11 0 11 0 0 0 0 11 
11 0 11 0 0 0 0 0 0 11 0 11 0 11 0 0 0 0 11 0 0 0 11 0 0 0 0 0 0 0 0 11 0 0 0 11 
11 0 0 11 0 0 0 0 0 11 0 0 0 0 0 0 0 0 0 15 11 0 0 0 0 0 0 0 0 0 0 0 0 0 0 11 
11 0 0 0 0 0 0 0 14 0 0 0 0 0 11 0 0 0 0 0 0 0 0 11 0 0 0 0 0 0 0 0 0 0 0 11 
11 0 0 0 11 0 0 13 0 15 0 0 0 0 0 0 0 0 0 0 0 0 11 0 0 0 11 0 0 0 0 0 0 11 0 11 
11 11 0 0 0 0 0 0 0 0 11 0 11 0 11 0 0 0 11 0 0 0 0 11 11 0 0 0 0 0 0 0 11 0 0 11 
11 0 11 0 0 0 0 11 0 0 0 0 11 0 0 11 11 0 0 0 0 0 0 0 11 0 0 11 0 11 0 11 0 0 11 11 
11 0 0 0 0 0 11 0 0 0 0 0 0 0 0 0 0 0 11 11 0 0 0 0 11 0 11 0 0 11 0 0 0 11 0 11 
11 0 11 0 0 0 0 0 0 0 0 0 0 0 0 0 0 0 0 0 11 0 0 0 0 0 0 0 11 0 0 0 0 0 0 11 
11 0 11 0 0 0 0 0 0 11 11 0 0 0 0 0 0 0 0 11 11 0 0 0 0 0 0 0 0 11 0 0 0 0 11 11 
11 0 11 0 0 0 0 0 0 0 0 0 0 0 11 0 0 0 11 11 11 0 11 0 0 11 0 11 0 0 0 0 0 0 0 11 
11 11 11 11 11 11 11 11 11 11 11 11 11 11 11 11 11 11 11 11 11 11 11 11 11 11 11 11 11 11 11 11 11 11 11 11 

14668
11 11 11 11 11 11 11 11 11 11 11 11 11 11 11 11 11 11 11 11 11 11 11 11 11 11 11 11 11 11 11 11 11 11 11 11 
11 11 0 0 0 0 0 0 0 0 0 0 0 11 0 0 11 0 0 0 0 0 0 0 0 0 0 0 0 0 0 0 11 0 0 11 
11 0 0 0 0 0 11 11 0 0 0 0 11 0 0 0 0 11 0 0 0 0 11 0 0 0 11 0 11 0 0 0 0 0 0 11 
11 0 11 0 0 0 0 0 0 0 0 0 11 0 11 0 0 0 0 0 0 0 0 11 0 0 0 0 0 0 0 0 0 0 0 11 
11 11 0 0 0 0 0 0 0 0 11 0 0 0 11 0 0 0 0 0 11 0 0 0 0 0 0 0 0 0 0 0 0 11 0 11 
11 0 0 0 11 0 0 11 0 11 0 0 0 0 0 0 0 0 0 0 11 0 0 0 0 0 0 0 0 0 0 0 0 0 11 11 
11 11 0 0 0 0 0 11 0 0 11 0 11 0 0 0 0 0 0 11 0 11 11 0 0 0 0 0 0 11 11 0 11 0 0 11 
11 0 0 11 0 11 0 0 0 11 0 11 11 0 0 0 0 0 0 0 0 0 0 11 11 0 11 0 11 0 11 11 0 0 0 11 
11 0 0 0 0 0 0 0 0 0 0 0 0 0 0 0 11 0 0 0 0 11 0 0 0 0 0 0 0 0 0 0 0 11 11 11 
11 11 11 0 0 0 11 0 0 0 11 0 0 0 0 0 0 0 0 0 0 0 0 0 0 0 0 11 0 0 11 0 0 0 11 11 
11 0 0 0 11 0 0 15 0 0 0 0 0 11 0 0 0 0 0 0 0 15 0 0 11 11 0 0 11 0 0 0 0 11 0 11 
11 0 11 0 0 0 11 0 0 11 0 0 0 0 11 0 11 0 0 0 11 0 15 0 0 11 0 0 0 0 11 11 0 0 0 11 
11 11 0 0 0 11 0 0 0 0 0 0 0 0 0 11 0 11 0 15 0 0 0 11 0 11 0 0 11 0 11 0 0 0 0 11 
11 0 11 0 0 0 0 0 0 11 0 11 0 11 0 0 0 0 11 0 0 0 11 0 0 0 0 0 0 0 0 11 0 0 0 11 
11 0 0 11 0 0 0 0 0 11 0 0 0 0 0 0 0 0 0 15 11 0 0 0 0 0 0 0 0 0 0 0 0 0 0 11 
11 0 0 0 0 0 0 0 14 0 0 0 0 0 11 0 0 0 0 0 0 0 0 11 0 0 0 0 0 0 0 0 0 0 0 11 
11 0 0 0 11 0 0 13 0 15 0 0 0 0 0 0 0 0 0 0 0 0 11 0 0 0 11 0 0 0 0 0 0 11 0 11 
11 11 0 0 0 0 0 0 0 0 11 0 11 0 11 0 0 0 11 0 0 0 0 11 11 0 0 0 0 0 0 0 11 0 0 11 
11 0 11 0 0 0 0 11 0 0 0 0 11 0 0 11 11 0 0 0 0 0 0 0 11 0 0 11 0 11 0 11 0 0 11 11 
11 0 0 0 0 0 11 0 0 0 0 0 0 0 0 0 0 0 11 11 0 0 0 0 11 0 11 0 0 11 0 0 0 11 0 11 
11 0 11 0 0 0 0 0 0 0 0 0 0 0 0 0 0 0 0 0 11 0 0 0 0 0 0 0 11 0 0 0 0 0 0 11 
11 0 11 0 0 0 0 0 0 11 11 0 0 0 0 0 0 0 0 11 11 0 0 0 0 0 0 0 0 11 0 0 0 0 11 11 
11 0 11 0 0 0 0 0 0 0 0 0 0 0 11 0 0 0 11 11 11 0 11 0 0 11 0 11 0 0 0 0 0 0 0 11 
11 11 11 11 11 11 11 11 11 11 11 11 11 11 11 11 11 11 11 11 11 11 11 11 11 11 11 11 11 11 11 11 11 11 11 11 

14667
11 11 11 11 11 11 11 11 11 11 11 11 11 11 11 11 11 11 11 11 11 11 11 11 11 11 11 11 11 11 11 11 11 11 11 11 
11 11 0 0 0 0 0 0 0 0 0 0 0 11 0 0 11 0 0 0 0 0 0 0 0 0 0 0 0 0 0 0 11 0 0 11 
11 0 0 0 0 0 11 11 0 0 0 0 11 0 0 0 0 11 0 0 0 0 11 0 0 0 11 0 11 0 0 0 0 0 0 11 
11 0 11 0 0 0 0 0 0 0 0 0 11 0 11 0 0 0 0 0 0 0 0 11 0 0 0 0 0 0 0 0 0 0 0 11 
11 11 0 0 0 0 0 0 0 0 11 0 0 0 11 0 0 0 0 0 11 0 0 0 0 0 0 0 0 0 0 0 0 11 0 11 
11 0 0 0 11 0 0 11 0 11 0 0 0 0 0 0 0 0 0 0 11 0 0 0 0 0 0 0 0 0 0 0 0 0 11 11 
11 11 0 0 0 0 0 11 0 0 11 0 11 0 0 0 0 0 0 11 0 11 11 0 0 0 0 0 0 11 11 0 11 0 0 11 
11 0 0 11 0 11 0 0 0 11 0 11 11 0 0 0 0 0 0 0 0 0 0 11 11 0 11 0 11 0 11 11 0 0 0 11 
11 0 0 0 0 0 0 0 0 0 0 0 0 0 0 0 11 0 0 0 0 11 0 0 0 0 0 0 0 0 0 0 0 11 11 11 
11 11 11 0 0 0 11 0 0 0 11 0 0 0 0 0 0 0 0 0 0 0 0 0 0 0 0 11 0 0 11 0 0 0 11 11 
11 0 0 0 11 0 0 0 0 0 0 0 0 11 0 0 0 0 0 0 0 14 0 15 11 11 0 0 11 0 0 0 0 11 0 11 
11 0 11 0 0 0 11 15 0 11 0 0 0 0 11 0 11 0 0 0 11 0 0 15 12 11 0 0 0 0 11 11 0 0 0 11 
11 11 0 0 0 11 0 0 0 0 0 0 0 0 0 11 0 11 0 0 0 0 0 11 0 11 0 0 11 0 11 0 0 0 0 11 
11 0 11 0 0 0 0 0 0 11 0 11 0 11 0 0 0 0 11 0 0 0 11 0 0 0 0 0 0 0 0 11 0 0 0 11 
11 0 0 11 0 0 0 0 15 11 0 0 0 0 0 0 0 0 0 0 11 0 0 0 0 0 0 0 0 0 0 0 0 0 0 11 
11 0 0 0 0 0 0 15 0 0 0 0 0 0 11 0 0 0 0 0 0 0 0 11 0 0 0 0 0 0 0 0 0 0 0 11 
11 0 0 0 11 0 0 0 0 0 0 0 0 0 0 0 0 0 0 0 0 0 11 0 0 0 11 0 0 0 0 0 0 11 0 11 
11 11 0 0 0 0 0 0 0 0 11 0 11 0 11 0 0 0 11 0 0 0 0 11 11 0 0 0 0 0 0 0 11 0 0 11 
11 0 11 0 0 0 0 11 0 0 0 0 11 0 0 11 11 0 0 0 0 0 0 0 11 0 0 11 0 11 0 11 0 0 11 11 
11 0 0 0 0 0 11 0 0 0 0 0 0 0 0 0 0 0 11 11 0 0 0 0 11 0 11 0 0 11 0 0 0 11 0 11 
11 0 11 0 0 0 0 0 0 0 0 0 0 0 0 0 0 0 0 0 11 0 0 0 0 0 0 0 11 0 0 0 0 0 0 11 
11 0 11 0 0 0 0 0 0 11 11 0 0 0 0 0 0 0 0 11 11 0 0 0 0 0 0 0 0 11 0 0 0 0 11 11 
11 0 11 0 0 0 0 0 0 0 0 0 0 0 11 0 0 0 11 11 11 0 11 0 0 11 0 11 0 0 0 0 0 0 0 11 
11 11 11 11 11 11 11 11 11 11 11 11 11 11 11 11 11 11 11 11 11 11 11 11 11 11 11 11 11 11 11 11 11 11 11 11 

14734
11 11 11 11 11 11 11 11 11 11 11 11 11 11 11 11 11 11 11 11 11 11 11 11 11 11 11 11 11 11 11 11 11 11 11 11 
11 11 0 0 0 0 0 0 0 0 0 0 0 11 0 0 11 0 0 0 0 0 0 0 0 0 0 0 0 0 0 0 11 0 11 11 
11 0 0 0 0 0 11 11 0 0 0 0 11 0 0 0 0 11 0 0 0 0 11 0 11 0 11 0 11 0 0 0 0 0 0 11 
11 0 11 0 0 0 0 11 0 0 0 0 11 0 11 0 0 0 0 0 0 0 0 11 0 0 0 0 0 0 0 0 0 0 0 11 
11 11 0 0 0 0 0 0 0 0 11 0 0 0 11 0 0 0 0 0 11 0 0 0 0 0 0 0 0 0 0 0 0 11 0 11 
11 0 0 0 11 0 0 11 0 11 0 0 0 0 0 0 0 0 0 0 11 0 0 0 0 0 0 0 0 0 0 0 0 0 11 11 
11 11 0 11 0 0 0 11 0 0 11 0 11 0 0 0 0 0 0 11 0 11 11 0 0 0 0 0 0 11 11 0 11 0 0 11 
11 0 0 11 0 11 0 0 0 11 0 11 11 0 0 0 0 0 0 0 0 0 0 11 11 0 11 0 11 0 11 11 0 0 0 11 
11 0 0 0 0 0 0 0 0 0 0 0 0 0 0 0 11 0 0 0 0 11 0 0 0 0 0 0 0 0 0 0 0 11 11 11 
11 0 11 0 0 0 11 0 0 0 0 0 0 0 0 0 0 0 0 0 0 15 0 0 0 0 0 11 0 0 11 0 0 0 11 11 
11 11 0 0 11 0 0 0 15 0 0 0 0 11 0 0 0 0 0 0 0 0 0 0 11 11 0 0 11 0 0 0 0 11 0 11 
11 0 11 0 0 0 11 0 0 11 0 0 0 0 11 0 11 0 0 15 11 0 0 0 0 11 0 0 0 0 11 11 0 0 0 11 
11 11 0 0 0 11 0 0 0 0 0 0 0 0 0 11 0 11 0 15 0 0 0 11 0 11 0 0 11 0 0 0 0 0 0 11 
11 0 11 0 0 0 0 0 0 11 11 11 0 11 0 0 0 0 11 0 0 0 11 0 0 0 0 0 0 0 0 11 0 0 0 11 
11 0 0 11 0 0 0 0 15 0 0 0 0 0 0 0 0 0 0 0 0 0 0 0 0 0 0 0 0 0 0 0 0 0 0 11 
11 0 0 0 0 0 0 0 15 0 0 0 0 0 11 0 0 0 0 0 0 0 0 0 0 0 0 0 0 0 0 0 0 0 0 11 
11 0 0 0 11 0 0 0 0 0 0 0 0 0 0 0 0 0 0 0 0 0 11 0 0 0 11 0 0 0 0 0 0 11 0 11 
11 11 0 0 0 0 0 0 0 0 11 0 11 0 11 0 0 0 11 0 0 0 0 11 11 0 0 0 0 0 0 0 11 0 0 11 
11 0 11 0 0 0 0 11 0 0 0 0 11 0 0 11 11 0 0 0 0 0 0 0 11 0 0 11 0 11 0 11 0 0 11 11 
11 0 0 0 0 0 11 0 0 0 0 0 0 0 0 0 0 0 11 11 0 0 0 0 11 0 11 0 0 11 0 0 0 11 0 11 
11 0 11 0 0 0 0 0 0 0 0 0 0 0 0 0 0 0 0 0 11 0 0 0 0 0 0 0 11 0 0 0 0 0 0 11 
11 0 0 0 0 0 0 0 0 11 11 0 0 0 0 0 0 0 0 11 11 0 0 0 0 11 0 0 0 11 0 0 0 0 11 11 
11 0 11 0 0 0 0 0 0 0 0 0 0 0 11 0 0 0 11 11 11 0 11 0 0 11 0 11 0 0 0 0 0 0 0 11 
11 11 11 11 11 11 11 11 11 11 11 11 11 11 11 11 11 11 11 11 11 11 11 11 11 11 11 11 11 11 11 11 11 11 11 11 

14734
11 11 11 11 11 11 11 11 11 11 11 11 11 11 11 11 11 11 11 11 11 11 11 11 11 11 11 11 11 11 11 11 11 11 11 11 
11 11 0 0 0 0 0 0 0 0 0 0 0 11 0 0 11 0 0 0 0 0 0 0 0 0 0 0 0 0 0 0 11 0 11 11 
11 0 0 0 0 0 11 11 0 0 0 0 11 0 0 0 0 11 0 0 0 0 11 0 11 0 11 0 11 0 0 0 0 0 0 11 
11 0 11 0 0 0 0 11 0 0 0 0 11 0 11 0 0 0 0 0 0 0 0 11 0 0 0 0 0 0 0 0 0 0 0 11 
11 11 0 0 0 0 0 0 0 0 11 0 0 0 11 0 0 0 0 0 11 0 0 0 0 0 0 0 0 0 0 0 0 11 0 11 
11 0 0 0 11 0 0 11 0 11 0 0 0 0 0 0 0 0 0 0 11 0 0 0 0 0 0 0 0 0 0 0 0 0 11 11 
11 11 0 11 0 0 0 11 0 0 11 0 11 0 0 0 0 0 0 11 0 11 11 0 0 0 0 0 0 11 11 0 11 0 0 11 
11 0 0 11 0 11 0 0 0 11 0 11 11 0 0 0 0 0 0 0 0 0 0 11 11 0 11 0 11 0 11 11 0 0 0 11 
11 0 0 0 0 0 0 0 0 0 0 0 0 0 0 0 11 0 0 0 0 11 0 0 0 0 0 0 0 0 0 0 0 11 11 11 
11 0 11 0 0 0 11 0 0 0 0 0 0 0 0 0 0 0 0 0 0 15 0 0 0 0 0 11 0 0 11 0 0 0 11 11 
11 11 0 0 11 0 0 0 15 0 0 0 0 11 0 0 0 0 0 0 0 0 0 0 11 11 0 0 11 0 0 0 0 11 0 11 
11 0 11 0 0 0 11 0 0 11 0 0 0 0 11 0 11 0 0 15 11 0 0 0 0 11 0 0 0 0 11 11 0 0 0 11 
11 11 0 0 0 11 0 0 0 0 0 0 0 0 0 11 0 11 0 15 0 0 0 11 0 11 0 0 11 0 0 0 0 0 0 11 
11 0 11 0 0 0 0 0 0 11 11 11 0 11 0 0 0 0 11 0 0 0 11 0 0 0 0 0 0 0 0 11 0 0 0 11 
11 0 0 11 0 0 0 0 15 0 0 0 0 0 0 0 0 0 0 0 0 0 0 0 0 0 0 0 0 0 0 0 0 0 0 11 
11 0 0 0 0 0 0 0 15 0 0 0 0 0 11 0 0 0 0 0 0 0 0 0 0 0 0 0 0 0 0 0 0 0 0 11 
11 0 0 0 11 0 0 0 0 0 0 0 0 0 0 0 0 0 0 0 0 0 11 0 0 0 11 0 0 0 0 0 0 11 0 11 
11 11 0 0 0 0 0 0 0 0 11 0 11 0 11 0 0 0 11 0 0 0 0 11 11 0 0 0 0 0 0 0 11 0 0 11 
11 0 11 0 0 0 0 11 0 0 0 0 11 0 0 11 11 0 0 0 0 0 0 0 11 0 0 11 0 11 0 11 0 0 11 11 
11 0 0 0 0 0 11 0 0 0 0 0 0 0 0 0 0 0 11 11 0 0 0 0 11 0 11 0 0 11 0 0 0 11 0 11 
11 0 11 0 0 0 0 0 0 0 0 0 0 0 0 0 0 0 0 0 11 0 0 0 0 0 0 0 11 0 0 0 0 0 0 11 
11 0 0 0 0 0 0 0 0 11 11 0 0 0 0 0 0 0 0 11 11 0 0 0 0 11 0 0 0 11 0 0 0 0 11 11 
11 0 11 0 0 0 0 0 0 0 0 0 0 0 11 0 0 0 11 11 11 0 11 0 0 11 0 11 0 0 0 0 0 0 0 11 
11 11 11 11 11 11 11 11 11 11 11 11 11 11 11 11 11 11 11 11 11 11 11 11 11 11 11 11 11 11 11 11 11 11 11 11 

14734
11 11 11 11 11 11 11 11 11 11 11 11 11 11 11 11 11 11 11 11 11 11 11 11 11 11 11 11 11 11 11 11 11 11 11 11 
11 11 0 0 0 0 0 0 0 0 0 0 0 11 0 0 11 0 0 0 0 0 0 0 0 0 0 0 0 0 0 0 11 0 11 11 
11 0 0 0 0 0 11 11 0 0 0 0 11 0 0 0 0 11 0 0 0 0 11 0 11 0 11 0 11 0 0 0 0 0 0 11 
11 0 11 0 0 0 0 11 0 0 0 0 11 0 11 0 0 0 0 0 0 0 0 11 0 0 0 0 0 0 0 0 0 0 0 11 
11 11 0 0 0 0 0 0 0 0 11 0 0 0 11 0 0 0 0 0 11 0 0 0 0 0 0 0 0 0 0 0 0 11 0 11 
11 0 0 0 11 0 0 11 0 11 0 0 0 0 0 0 0 0 0 0 11 0 0 0 0 0 0 0 0 0 0 0 0 0 11 11 
11 11 0 11 0 0 0 11 0 0 11 0 11 0 0 0 0 0 0 11 0 11 11 0 0 0 0 0 0 11 11 0 11 0 0 11 
11 0 0 11 0 11 0 0 0 11 0 11 11 0 0 0 0 0 0 0 0 0 0 11 11 0 11 0 11 0 11 11 0 0 0 11 
11 0 0 0 0 0 0 0 0 0 0 0 0 0 0 0 11 0 0 0 0 11 0 0 0 0 0 0 0 0 0 0 0 11 11 11 
11 0 11 0 0 0 11 0 0 0 0 0 0 0 0 0 0 0 0 0 0 15 0 0 0 0 0 11 0 0 11 0 0 0 11 11 
11 11 0 0 11 0 0 0 15 0 0 0 0 11 0 0 0 0 0 0 0 0 0 0 11 11 0 0 11 0 0 0 0 11 0 11 
11 0 11 0 0 0 11 0 0 11 0 0 0 0 11 0 11 0 0 15 11 0 0 0 0 11 0 0 0 0 11 11 0 0 0 11 
11 11 0 0 0 11 0 0 0 0 0 0 0 0 0 11 0 11 0 15 0 0 0 11 0 11 0 0 11 0 0 0 0 0 0 11 
11 0 11 0 0 0 0 0 0 11 11 11 0 11 0 0 0 0 11 0 0 0 11 0 0 0 0 0 0 0 0 11 0 0 0 11 
11 0 0 11 0 0 0 0 15 0 0 0 0 0 0 0 0 0 0 0 0 0 0 0 0 0 0 0 0 0 0 0 0 0 0 11 
11 0 0 0 0 0 0 0 15 0 0 0 0 0 11 0 0 0 0 0 0 0 0 0 0 0 0 0 0 0 0 0 0 0 0 11 
11 0 0 0 11 0 0 0 0 0 0 0 0 0 0 0 0 0 0 0 0 0 11 0 0 0 11 0 0 0 0 0 0 11 0 11 
11 11 0 0 0 0 0 0 0 0 11 0 11 0 11 0 0 0 11 0 0 0 0 11 11 0 0 0 0 0 0 0 11 0 0 11 
11 0 11 0 0 0 0 11 0 0 0 0 11 0 0 11 11 0 0 0 0 0 0 0 11 0 0 11 0 11 0 11 0 0 11 11 
11 0 0 0 0 0 11 0 0 0 0 0 0 0 0 0 0 0 11 11 0 0 0 0 11 0 11 0 0 11 0 0 0 11 0 11 
11 0 11 0 0 0 0 0 0 0 0 0 0 0 0 0 0 0 0 0 11 0 0 0 0 0 0 0 11 0 0 0 0 0 0 11 
11 0 0 0 0 0 0 0 0 11 11 0 0 0 0 0 0 0 0 11 11 0 0 0 0 11 0 0 0 11 0 0 0 0 11 11 
11 0 11 0 0 0 0 0 0 0 0 0 0 0 11 0 0 0 11 11 11 0 11 0 0 11 0 11 0 0 0 0 0 0 0 11 
11 11 11 11 11 11 11 11 11 11 11 11 11 11 11 11 11 11 11 11 11 11 11 11 11 11 11 11 11 11 11 11 11 11 11 11 

14691
11 11 11 11 11 11 11 11 11 11 11 11 11 11 11 11 11 11 11 11 11 11 11 11 11 11 11 11 11 11 11 11 11 11 11 11 
11 11 0 0 0 0 0 0 0 0 0 0 0 11 0 0 11 0 0 0 0 0 0 0 0 0 0 0 0 0 0 0 11 0 11 11 
11 0 0 0 0 0 11 11 0 0 0 0 11 0 0 0 0 11 0 0 0 0 11 0 11 0 11 0 11 0 0 0 0 0 0 11 
11 0 11 0 0 0 0 11 0 0 0 0 11 0 11 0 0 0 0 0 0 0 0 11 0 0 0 0 0 0 0 0 0 0 0 11 
11 11 0 0 0 0 0 0 0 0 11 0 0 0 11 0 0 0 0 0 11 0 0 0 0 0 0 0 0 0 0 0 0 11 0 11 
11 0 0 0 11 0 0 11 0 11 0 0 0 0 0 0 0 0 0 0 11 0 0 0 0 0 0 0 0 0 0 0 0 0 11 11 
11 11 0 11 0 0 0 11 0 0 11 0 11 0 0 0 0 0 0 11 0 11 11 0 0 0 0 0 0 11 11 0 11 0 0 11 
11 0 0 11 0 11 0 0 0 11 0 11 11 0 0 0 0 0 0 0 0 0 0 11 11 0 11 0 11 0 11 11 0 0 0 11 
11 0 0 0 0 0 0 0 0 0 0 0 0 0 0 0 11 0 0 0 0 11 0 0 0 0 0 0 0 0 0 0 0 11 11 11 
11 0 11 0 0 0 11 0 0 0 0 0 0 0 0 0 0 0 0 0 0 0 0 15 0 0 0 11 0 0 11 0 0 0 11 11 
11 11 0 0 11 0 0 0 0 0 0 0 0 11 0 0 0 0 0 15 0 0 0 0 11 11 0 0 11 0 0 0 0 11 0 11 
11 0 11 0 0 0 11 14 0 11 0 0 0 0 11 0 11 0 0 0 11 0 12 0 0 11 0 0 0 0 11 11 0 0 0 11 
11 11 0 0 0 11 0 0 0 0 0 0 0 0 0 11 0 11 15 0 0 0 0 11 0 11 0 0 11 0 0 0 0 0 0 11 
11 0 11 0 0 0 0 15 0 11 11 11 0 11 0 0 0 0 11 0 0 0 11 0 0 0 0 0 0 0 0 11 0 0 0 11 
11 0 0 11 0 0 0 0 15 0 0 0 0 0 0 0 0 0 0 0 0 0 0 0 0 0 0 0 0 0 0 0 0 0 0 11 
11 0 0 0 0 0 0 0 0 15 0 0 0 0 11 0 0 0 0 0 0 0 0 0 0 0 0 0 0 0 0 0 0 0 0 11 
11 0 0 0 11 0 0 0 0 0 0 0 0 0 0 0 0 0 0 0 0 0 11 0 0 0 11 0 0 0 0 0 0 11 0 11 
11 11 0 0 0 0 0 0 0 0 11 0 11 0 11 0 0 0 11 0 0 0 0 11 11 0 0 0 0 0 0 0 11 0 0 11 
11 0 11 0 0 0 0 11 0 0 0 0 11 0 0 11 11 0 0 0 0 0 0 0 11 0 0 11 0 11 0 11 0 0 11 11 
11 0 0 0 0 0 11 0 0 0 0 0 0 0 0 0 0 0 11 11 0 0 0 0 11 0 11 0 0 11 0 0 0 11 0 11 
11 0 11 0 0 0 0 0 0 0 0 0 0 0 0 0 0 0 0 0 11 0 0 0 0 0 0 0 11 0 0 0 0 0 0 11 
11 0 0 0 0 0 0 0 0 11 11 0 0 0 0 0 0 0 0 11 11 0 0 0 0 11 0 0 0 11 0 0 0 0 11 11 
11 0 11 0 0 0 0 0 0 0 0 0 0 0 11 0 0 0 11 11 11 0 11 0 0 11 0 11 0 0 0 0 0 0 0 11 
11 11 11 11 11 11 11 11 11 11 11 11 11 11 11 11 11 11 11 11 11 11 11 11 11 11 11 11 11 11 11 11 11 11 11 11 

14690
11 11 11 11 11 11 11 11 11 11 11 11 11 11 11 11 11 11 11 11 11 11 11 11 11 11 11 11 11 11 11 11 11 11 11 11 
11 11 0 0 0 0 0 0 0 0 0 0 0 11 0 0 11 0 0 0 0 0 0 0 0 0 0 0 0 0 0 0 11 0 11 11 
11 0 0 0 0 0 11 11 0 0 0 0 11 0 0 0 0 11 0 0 0 0 11 0 11 0 11 0 11 0 0 0 0 0 0 11 
11 0 11 0 0 0 0 11 0 0 0 0 11 0 11 0 0 0 0 0 0 0 0 11 0 0 0 0 0 0 0 0 0 0 0 11 
11 11 0 0 0 0 0 0 0 0 11 0 0 0 11 0 0 0 0 0 11 0 0 0 0 0 0 0 0 0 0 0 0 11 0 11 
11 0 0 0 11 0 0 11 0 11 0 0 0 0 0 0 0 0 0 0 11 0 0 0 0 0 0 0 0 0 0 0 0 0 11 11 
11 11 0 11 0 0 0 11 0 0 11 0 11 0 0 0 0 0 0 11 0 11 11 0 0 0 0 0 0 11 11 0 11 0 0 11 
11 0 0 11 0 11 0 0 0 11 0 11 11 0 0 0 0 0 0 0 0 0 0 11 11 0 11 0 11 0 11 11 0 0 0 11 
11 0 0 0 0 0 0 13 0 0 0 0 0 0 0 0 11 0 0 0 0 11 0 0 0 0 0 0 0 0 0 0 0 11 11 11 
11 0 11 0 0 0 11 0 0 0 0 0 0 0 0 0 0 0 0 0 0 0 0 0 0 0 0 11 0 0 11 0 0 0 11 11 
11 11 0 0 11 0 0 0 0 0 0 0 0 11 0 0 0 0 0 0 0 0 15 0 11 11 0 0 11 0 0 0 0 11 0 11 
11 0 11 0 0 0 11 0 0 11 0 0 0 0 11 0 11 0 0 15 11 15 0 0 0 11 0 0 0 0 11 11 0 0 0 11 
11 11 0 0 0 11 0 0 0 0 0 0 0 0 0 11 0 11 0 15 0 0 0 11 0 11 0 0 11 0 0 0 0 0 0 11 
11 0 11 0 0 0 0 15 0 11 11 11 0 11 0 0 0 0 11 0 0 0 11 0 0 0 0 0 0 0 0 11 0 0 0 11 
11 0 0 11 0 0 0 0 0 0 0 0 0 0 0 0 0 0 0 0 0 0 0 0 0 0 0 0 0 0 0 0 0 0 0 11 
11 0 0 0 0 0 0 0 0 0 0 0 0 0 11 0 0 0 0 0 0 0 0 0 0 0 0 0 0 0 0 0 0 0 0 11 
11 0 0 0 11 0 0 0 0 15 0 0 0 0 0 0 0 0 0 0 0 0 11 0 0 0 11 0 0 0 0 0 0 11 0 11 
11 11 0 0 0 0 0 0 0 0 11 0 11 0 11 0 0 0 11 0 0 0 0 11 11 0 0 0 0 0 0 0 11 0 0 11 
11 0 11 0 0 0 0 11 0 0 0 0 11 0 0 11 11 0 0 0 0 0 0 0 11 0 0 11 0 11 0 11 0 0 11 11 
11 0 0 0 0 0 11 0 0 0 0 0 0 0 0 0 0 0 11 11 0 0 0 0 11 0 11 0 0 11 0 0 0 11 0 11 
11 0 11 0 0 0 0 0 0 0 0 0 0 0 0 0 0 0 0 0 11 0 0 0 0 0 0 0 11 0 0 0 0 0 0 11 
11 0 0 0 0 0 0 0 0 11 11 0 0 0 0 0 0 0 0 11 11 0 0 0 0 11 0 0 0 11 0 0 0 0 11 11 
11 0 11 0 0 0 0 0 0 0 0 0 0 0 11 0 0 0 11 11 11 0 11 0 0 11 0 11 0 0 0 0 0 0 0 11 
11 11 11 11 11 11 11 11 11 11 11 11 11 11 11 11 11 11 11 11 11 11 11 11 11 11 11 11 11 11 11 11 11 11 11 11 

14761
11 11 11 11 11 11 11 11 11 11 11 11 11 11 11 11 11 11 11 11 11 11 11 11 11 11 11 11 11 11 11 11 11 11 11 11 
11 11 0 0 0 0 0 0 0 0 0 0 0 11 0 0 11 0 0 0 0 0 0 0 0 0 0 0 0 0 0 0 11 0 0 11 
11 0 0 0 0 0 11 11 0 0 0 0 11 0 0 0 0 11 0 0 0 0 11 0 0 0 11 0 11 0 0 0 0 0 0 11 
11 0 11 0 0 0 0 0 0 0 0 0 11 0 11 0 0 0 0 0 0 0 0 11 0 0 0 0 0 0 0 0 0 0 0 11 
11 11 0 0 0 0 0 0 0 0 11 0 0 0 11 0 0 0 0 0 11 0 0 0 0 0 0 0 0 0 0 0 0 11 0 11 
11 0 0 0 11 0 0 11 0 11 0 0 0 0 0 0 0 0 0 0 11 0 0 0 0 0 0 0 0 0 0 0 0 0 11 11 
11 11 0 11 0 0 0 11 0 0 11 0 11 0 0 0 0 0 0 11 0 11 11 0 0 0 0 0 0 11 11 0 11 0 0 11 
11 0 0 11 0 11 0 0 0 11 0 11 11 0 0 0 0 0 0 0 0 0 0 11 11 0 11 0 11 0 11 11 0 0 0 11 
11 0 0 0 0 0 0 0 0 0 0 0 0 0 0 0 11 0 0 0 0 11 0 0 0 0 0 0 0 0 0 0 0 11 11 11 
11 11 11 0 0 0 11 0 0 0 0 0 0 0 0 0 0 0 0 0 0 0 15 0 0 0 0 11 0 0 11 0 0 11 11 11 
11 0 0 0 11 0 0 0 0 0 0 0 0 11 0 0 0 0 0 15 0 0 0 0 11 11 0 0 11 0 0 0 0 11 0 11 
11 0 11 0 0 0 11 0 0 11 0 0 0 0 11 0 11 0 0 15 11 0 0 0 0 11 0 0 0 0 11 11 0 0 0 11 
11 11 0 0 0 0 0 0 0 0 0 0 0 0 0 11 0 11 0 15 0 0 0 11 0 11 0 0 11 0 11 0 0 0 0 11 
11 0 11 0 0 0 0 0 0 11 0 11 0 11 0 0 0 0 11 0 0 0 11 0 0 0 0 0 0 0 11 0 0 0 0 11 
11 0 0 11 0 15 0 0 0 11 0 0 0 0 0 0 0 0 0 0 0 0 0 0 0 0 0 0 0 0 0 0 0 0 0 11 
11 0 0 0 0 15 0 0 0 0 0 0 0 0 11 0 0 0 0 0 0 0 0 0 0 0 0 0 0 0 0 0 0 0 0 11 
11 0 0 0 11 0 0 0 0 15 0 0 0 0 0 0 0 0 0 0 0 0 11 0 0 0 11 0 0 0 0 0 0 11 0 11 
11 11 0 0 0 0 0 0 0 11 11 0 11 0 11 0 0 0 11 0 0 0 0 11 11 0 0 0 0 0 0 0 11 0 0 11 
11 0 11 0 0 11 0 11 0 0 0 0 11 0 0 11 11 0 0 0 0 0 0 0 11 0 0 0 0 11 0 0 0 0 11 11 
11 0 0 0 0 0 11 0 0 0 0 0 0 0 0 0 0 0 11 11 0 0 0 0 11 0 11 0 0 11 0 0 0 11 0 11 
11 0 11 0 0 0 0 0 0 0 0 0 0 0 0 0 0 0 0 0 11 0 0 0 11 0 0 0 11 0 0 0 0 0 0 11 
11 0 11 0 0 0 0 0 0 11 0 0 0 0 0 0 0 0 0 11 11 0 0 0 0 11 0 0 0 11 0 0 0 0 11 11 
11 0 11 0 0 0 0 0 0 0 0 0 0 0 11 0 0 0 11 11 11 0 11 0 0 11 0 11 11 0 0 0 0 0 0 11 
11 11 11 11 11 11 11 11 11 11 11 11 11 11 11 11 11 11 11 11 11 11 11 11 11 11 11 11 11 11 11 11 11 11 11 11 

14761
11 11 11 11 11 11 11 11 11 11 11 11 11 11 11 11 11 11 11 11 11 11 11 11 11 11 11 11 11 11 11 11 11 11 11 11 
11 11 0 0 0 0 0 0 0 0 0 0 0 11 0 0 11 0 0 0 0 0 0 0 0 0 0 0 0 0 0 0 11 0 0 11 
11 0 0 0 0 0 11 11 0 0 0 0 11 0 0 0 0 11 0 0 0 0 11 0 0 0 11 0 11 0 0 0 0 0 0 11 
11 0 11 0 0 0 0 0 0 0 0 0 11 0 11 0 0 0 0 0 0 0 0 11 0 0 0 0 0 0 0 0 0 0 0 11 
11 11 0 0 0 0 0 0 0 0 11 0 0 0 11 0 0 0 0 0 11 0 0 0 0 0 0 0 0 0 0 0 0 11 0 11 
11 0 0 0 11 0 0 11 0 11 0 0 0 0 0 0 0 0 0 0 11 0 0 0 0 0 0 0 0 0 0 0 0 0 11 11 
11 11 0 11 0 0 0 11 0 0 11 0 11 0 0 0 0 0 0 11 0 11 11 0 0 0 0 0 0 11 11 0 11 0 0 11 
11 0 0 11 0 11 0 0 0 11 0 11 11 0 0 0 0 0 0 0 0 0 0 11 11 0 11 0 11 0 11 11 0 0 0 11 
11 0 0 0 0 0 0 0 0 0 0 0 0 0 0 0 11 0 0 0 0 11 0 0 0 0 0 0 0 0 0 0 0 11 11 11 
11 11 11 0 0 0 11 0 0 0 0 0 0 0 0 0 0 0 0 0 0 0 15 0 0 0 0 11 0 0 11 0 0 11 11 11 
11 0 0 0 11 0 0 0 0 0 0 0 0 11 0 0 0 0 0 15 0 0 0 0 11 11 0 0 11 0 0 0 0 11 0 11 
11 0 11 0 0 0 11 0 0 11 0 0 0 0 11 0 11 0 0 15 11 0 0 0 0 11 0 0 0 0 11 11 0 0 0 11 
11 11 0 0 0 0 0 0 0 0 0 0 0 0 0 11 0 11 0 15 0 0 0 11 0 11 0 0 11 0 11 0 0 0 0 11 
11 0 11 0 0 0 0 0 0 11 0 11 0 11 0 0 0 0 11 0 0 0 11 0 0 0 0 0 0 0 11 0 0 0 0 11 
11 0 0 11 0 15 0 0 0 11 0 0 0 0 0 0 0 0 0 0 0 0 0 0 0 0 0 0 0 0 0 0 0 0 0 11 
11 0 0 0 0 15 0 0 0 0 0 0 0 0 11 0 0 0 0 0 0 0 0 0 0 0 0 0 0 0 0 0 0 0 0 11 
11 0 0 0 11 0 0 0 0 15 0 0 0 0 0 0 0 0 0 0 0 0 11 0 0 0 11 0 0 0 0 0 0 11 0 11 
11 11 0 0 0 0 0 0 0 11 11 0 11 0 11 0 0 0 11 0 0 0 0 11 11 0 0 0 0 0 0 0 11 0 0 11 
11 0 11 0 0 11 0 11 0 0 0 0 11 0 0 11 11 0 0 0 0 0 0 0 11 0 0 0 0 11 0 0 0 0 11 11 
11 0 0 0 0 0 11 0 0 0 0 0 0 0 0 0 0 0 11 11 0 0 0 0 11 0 11 0 0 11 0 0 0 11 0 11 
11 0 11 0 0 0 0 0 0 0 0 0 0 0 0 0 0 0 0 0 11 0 0 0 11 0 0 0 11 0 0 0 0 0 0 11 
11 0 11 0 0 0 0 0 0 11 0 0 0 0 0 0 0 0 0 11 11 0 0 0 0 11 0 0 0 11 0 0 0 0 11 11 
11 0 11 0 0 0 0 0 0 0 0 0 0 0 11 0 0 0 11 11 11 0 11 0 0 11 0 11 11 0 0 0 0 0 0 11 
11 11 11 11 11 11 11 11 11 11 11 11 11 11 11 11 11 11 11 11 11 11 11 11 11 11 11 11 11 11 11 11 11 11 11 11 

14761
11 11 11 11 11 11 11 11 11 11 11 11 11 11 11 11 11 11 11 11 11 11 11 11 11 11 11 11 11 11 11 11 11 11 11 11 
11 11 0 0 0 0 0 0 0 0 0 0 0 11 0 0 11 0 0 0 0 0 0 0 0 0 0 0 0 0 0 0 11 0 0 11 
11 0 0 0 0 0 11 11 0 0 0 0 11 0 0 0 0 11 0 0 0 0 11 0 0 0 11 0 11 0 0 0 0 0 0 11 
11 0 11 0 0 0 0 0 0 0 0 0 11 0 11 0 0 0 0 0 0 0 0 11 0 0 0 0 0 0 0 0 0 0 0 11 
11 11 0 0 0 0 0 0 0 0 11 0 0 0 11 0 0 0 0 0 11 0 0 0 0 0 0 0 0 0 0 0 0 11 0 11 
11 0 0 0 11 0 0 11 0 11 0 0 0 0 0 0 0 0 0 0 11 0 0 0 0 0 0 0 0 0 0 0 0 0 11 11 
11 11 0 11 0 0 0 11 0 0 11 0 11 0 0 0 0 0 0 11 0 11 11 0 0 0 0 0 0 11 11 0 11 0 0 11 
11 0 0 11 0 11 0 0 0 11 0 11 11 0 0 0 0 0 0 0 0 0 0 11 11 0 11 0 11 0 11 11 0 0 0 11 
11 0 0 0 0 0 0 0 0 0 0 0 0 0 0 0 11 0 0 0 0 11 0 0 0 0 0 0 0 0 0 0 0 11 11 11 
11 11 11 0 0 0 11 0 0 0 0 0 0 0 0 0 0 0 0 0 0 0 15 0 0 0 0 11 0 0 11 0 0 11 11 11 
11 0 0 0 11 0 0 0 0 0 0 0 0 11 0 0 0 0 0 15 0 0 0 0 11 11 0 0 11 0 0 0 0 11 0 11 
11 0 11 0 0 0 11 0 0 11 0 0 0 0 11 0 11 0 0 15 11 0 0 0 0 11 0 0 0 0 11 11 0 0 0 11 
11 11 0 0 0 0 0 0 0 0 0 0 0 0 0 11 0 11 0 15 0 0 0 11 0 11 0 0 11 0 11 0 0 0 0 11 
11 0 11 0 0 0 0 0 0 11 0 11 0 11 0 0 0 0 11 0 0 0 11 0 0 0 0 0 0 0 11 0 0 0 0 11 
11 0 0 11 0 15 0 0 0 11 0 0 0 0 0 0 0 0 0 0 0 0 0 0 0 0 0 0 0 0 0 0 0 0 0 11 
11 0 0 0 0 15 0 0 0 0 0 0 0 0 11 0 0 0 0 0 0 0 0 0 0 0 0 0 0 0 0 0 0 0 0 11 
11 0 0 0 11 0 0 0 0 15 0 0 0 0 0 0 0 0 0 0 0 0 11 0 0 0 11 0 0 0 0 0 0 11 0 11 
11 11 0 0 0 0 0 0 0 11 11 0 11 0 11 0 0 0 11 0 0 0 0 11 11 0 0 0 0 0 0 0 11 0 0 11 
11 0 11 0 0 11 0 11 0 0 0 0 11 0 0 11 11 0 0 0 0 0 0 0 11 0 0 0 0 11 0 0 0 0 11 11 
11 0 0 0 0 0 11 0 0 0 0 0 0 0 0 0 0 0 11 11 0 0 0 0 11 0 11 0 0 11 0 0 0 11 0 11 
11 0 11 0 0 0 0 0 0 0 0 0 0 0 0 0 0 0 0 0 11 0 0 0 11 0 0 0 11 0 0 0 0 0 0 11 
11 0 11 0 0 0 0 0 0 11 0 0 0 0 0 0 0 0 0 11 11 0 0 0 0 11 0 0 0 11 0 0 0 0 11 11 
11 0 11 0 0 0 0 0 0 0 0 0 0 0 11 0 0 0 11 11 11 0 11 0 0 11 0 11 11 0 0 0 0 0 0 11 
11 11 11 11 11 11 11 11 11 11 11 11 11 11 11 11 11 11 11 11 11 11 11 11 11 11 11 11 11 11 11 11 11 11 11 11 

14749
11 11 11 11 11 11 11 11 11 11 11 11 11 11 11 11 11 11 11 11 11 11 11 11 11 11 11 11 11 11 11 11 11 11 11 11 
11 11 0 0 0 0 0 0 0 0 0 0 0 11 0 0 11 0 0 0 0 0 0 0 0 0 0 0 0 0 0 0 11 0 0 11 
11 0 0 0 0 0 11 11 0 0 0 0 11 0 0 0 0 11 0 0 0 0 11 0 0 0 11 0 11 0 0 0 0 0 0 11 
11 0 11 0 0 0 0 0 0 0 0 0 11 0 11 0 0 0 0 0 0 0 0 11 0 0 0 0 0 0 0 0 0 0 0 11 
11 11 0 0 0 0 0 0 0 0 11 0 0 0 11 0 0 0 0 0 11 0 0 0 0 0 0 0 0 0 0 0 0 11 0 11 
11 0 0 0 11 0 0 11 0 11 0 0 0 0 0 0 0 0 0 0 11 0 0 0 0 0 0 0 0 0 0 0 0 0 11 11 
11 11 0 11 0 0 0 11 0 0 11 0 11 0 0 0 0 0 0 11 0 11 11 0 0 0 0 0 0 11 11 0 11 0 0 11 
11 0 0 11 0 11 0 0 0 11 0 11 11 0 0 0 0 0 0 0 0 0 0 11 11 0 11 0 11 0 11 11 0 0 0 11 
11 0 0 0 0 0 0 0 0 0 0 0 0 0 0 0 11 0 0 0 0 11 0 0 0 0 0 0 0 0 0 0 0 11 11 11 
11 11 11 0 0 0 11 0 0 0 0 0 0 0 0 0 0 0 0 0 0 0 0 15 0 0 0 11 0 0 11 0 0 11 11 11 
11 0 0 0 11 0 0 0 0 0 0 0 0 11 0 0 0 0 0 15 0 0 0 0 11 11 0 0 11 0 0 0 0 11 0 11 
11 0 11 0 0 0 11 15 0 11 0 0 0 0 11 0 11 0 15 15 11 0 0 0 0 11 0 0 0 0 11 11 0 0 0 11 
11 11 0 0 0 0 0 0 0 0 0 0 0 0 0 11 0 11 0 0 0 0 0 11 0 11 0 0 11 0 11 0 0 0 0 11 
11 0 11 0 0 0 0 0 0 11 0 11 0 11 0 0 0 0 11 0 0 0 11 0 0 0 0 0 0 0 11 0 0 0 0 11 
11 0 0 11 0 0 0 0 0 11 0 0 0 0 0 0 0 0 0 0 0 0 0 0 0 0 0 0 0 0 0 0 0 0 0 11 
11 0 0 0 0 15 15 0 0 0 0 0 0 0 11 0 0 0 0 0 0 0 0 0 0 0 0 0 0 0 0 0 0 0 0 11 
11 0 0 0 11 0 0 0 0 0 0 0 0 0 0 0 0 0 0 0 0 0 11 0 0 0 11 0 0 0 0 0 0 11 0 11 
11 11 0 0 0 0 0 0 0 11 11 0 11 0 11 0 0 0 11 0 0 0 0 11 11 0 0 0 0 0 0 0 11 0 0 11 
11 0 11 0 0 11 0 11 0 0 0 0 11 0 0 11 11 0 0 0 0 0 0 0 11 0 0 0 0 11 0 0 0 0 11 11 
11 0 0 0 0 0 11 0 0 0 0 0 0 0 0 0 0 0 11 11 0 0 0 0 11 0 11 0 0 11 0 0 0 11 0 11 
11 0 11 0 0 0 0 0 0 0 0 0 0 0 0 0 0 0 0 0 11 0 0 0 11 0 0 0 11 0 0 0 0 0 0 11 
11 0 11 0 0 0 0 0 0 11 0 0 0 0 0 0 0 0 0 11 11 0 0 0 0 11 0 0 0 11 0 0 0 0 11 11 
11 0 11 0 0 0 0 0 0 0 0 0 0 0 11 0 0 0 11 11 11 0 11 0 0 11 0 11 11 0 0 0 0 0 0 11 
11 11 11 11 11 11 11 11 11 11 11 11 11 11 11 11 11 11 11 11 11 11 11 11 11 11 11 11 11 11 11 11 11 11 11 11 

14749
11 11 11 11 11 11 11 11 11 11 11 11 11 11 11 11 11 11 11 11 11 11 11 11 11 11 11 11 11 11 11 11 11 11 11 11 
11 11 0 0 0 0 0 0 0 0 0 0 0 11 0 0 11 0 0 0 0 0 0 0 0 0 0 0 0 0 0 0 11 0 0 11 
11 0 0 0 0 0 11 11 0 0 0 0 11 0 0 0 0 11 0 0 0 0 11 0 0 0 11 0 11 0 0 0 0 0 0 11 
11 0 11 0 0 0 0 0 0 0 0 0 11 0 11 0 0 0 0 0 0 0 0 11 0 0 0 0 0 0 0 0 0 0 0 11 
11 11 0 0 0 0 0 0 0 0 11 0 0 0 11 0 0 0 0 0 11 0 0 0 0 0 0 0 0 0 0 0 0 11 0 11 
11 0 0 0 11 0 0 11 0 11 0 0 0 0 0 0 0 0 0 0 11 0 0 0 0 0 0 0 0 0 0 0 0 0 11 11 
11 11 0 11 0 0 0 11 0 0 11 0 11 0 0 0 0 0 0 11 0 11 11 0 0 0 0 0 0 11 11 0 11 0 0 11 
11 0 0 11 0 11 0 0 0 11 0 11 11 0 0 0 0 0 0 0 0 0 0 11 11 0 11 0 11 0 11 11 0 0 0 11 
11 0 0 0 0 0 0 0 0 0 0 0 0 0 0 0 11 0 0 0 0 11 0 0 0 0 0 0 0 0 0 0 0 11 11 11 
11 11 11 0 0 0 11 0 0 0 0 0 0 0 0 0 0 0 0 0 0 0 0 15 0 0 0 11 0 0 11 0 0 11 11 11 
11 0 0 0 11 0 0 0 0 0 0 0 0 11 0 0 0 0 0 15 0 0 0 0 11 11 0 0 11 0 0 0 0 11 0 11 
11 0 11 0 0 0 11 15 0 11 0 0 0 0 11 0 11 0 15 15 11 0 0 0 0 11 0 0 0 0 11 11 0 0 0 11 
11 11 0 0 0 0 0 0 0 0 0 0 0 0 0 11 0 11 0 0 0 0 0 11 0 11 0 0 11 0 11 0 0 0 0 11 
11 0 11 0 0 0 0 0 0 11 0 11 0 11 0 0 0 0 11 0 0 0 11 0 0 0 0 0 0 0 11 0 0 0 0 11 
11 0 0 11 0 0 0 0 0 11 0 0 0 0 0 0 0 0 0 0 0 0 0 0 0 0 0 0 0 0 0 0 0 0 0 11 
11 0 0 0 0 15 15 0 0 0 0 0 0 0 11 0 0 0 0 0 0 0 0 0 0 0 0 0 0 0 0 0 0 0 0 11 
11 0 0 0 11 0 0 0 0 0 0 0 0 0 0 0 0 0 0 0 0 0 11 0 0 0 11 0 0 0 0 0 0 11 0 11 
11 11 0 0 0 0 0 0 0 11 11 0 11 0 11 0 0 0 11 0 0 0 0 11 11 0 0 0 0 0 0 0 11 0 0 11 
11 0 11 0 0 11 0 11 0 0 0 0 11 0 0 11 11 0 0 0 0 0 0 0 11 0 0 0 0 11 0 0 0 0 11 11 
11 0 0 0 0 0 11 0 0 0 0 0 0 0 0 0 0 0 11 11 0 0 0 0 11 0 11 0 0 11 0 0 0 11 0 11 
11 0 11 0 0 0 0 0 0 0 0 0 0 0 0 0 0 0 0 0 11 0 0 0 11 0 0 0 11 0 0 0 0 0 0 11 
11 0 11 0 0 0 0 0 0 11 0 0 0 0 0 0 0 0 0 11 11 0 0 0 0 11 0 0 0 11 0 0 0 0 11 11 
11 0 11 0 0 0 0 0 0 0 0 0 0 0 11 0 0 0 11 11 11 0 11 0 0 11 0 11 11 0 0 0 0 0 0 11 
11 11 11 11 11 11 11 11 11 11 11 11 11 11 11 11 11 11 11 11 11 11 11 11 11 11 11 11 11 11 11 11 11 11 11 11 

14752
11 11 11 11 11 11 11 11 11 11 11 11 11 11 11 11 11 11 11 11 11 11 11 11 11 11 11 11 11 11 11 11 11 11 11 11 
11 11 0 0 0 0 0 0 0 0 0 0 0 11 0 0 11 0 0 0 0 0 0 0 0 0 0 0 0 0 0 0 11 0 0 11 
11 0 0 0 0 0 11 11 0 0 0 0 11 0 0 0 0 11 0 0 0 0 11 0 11 0 11 0 11 0 0 0 0 0 0 11 
11 0 11 0 0 0 0 0 0 0 0 0 11 0 11 0 0 0 0 0 0 0 0 11 0 0 0 0 0 0 0 0 0 0 0 11 
11 11 0 0 0 0 0 0 0 0 11 0 0 0 11 0 0 0 0 0 11 0 0 0 0 0 0 0 0 0 0 0 0 11 0 11 
11 0 0 0 11 0 0 11 0 11 0 0 0 0 0 0 0 0 0 0 11 0 0 0 0 0 0 0 0 0 0 0 0 0 11 11 
11 11 0 11 0 0 0 11 0 0 11 0 11 0 0 0 0 0 0 11 0 11 11 0 0 0 0 0 0 11 11 0 11 0 0 11 
11 0 0 11 0 11 0 0 0 11 0 11 11 0 0 0 0 0 0 0 0 0 0 11 11 0 11 0 11 0 11 11 0 0 0 11 
11 0 0 0 0 0 0 0 0 0 0 0 0 0 0 0 11 0 0 0 0 11 0 0 15 0 0 0 0 0 0 0 0 11 11 11 
11 0 11 0 0 0 11 0 0 0 0 0 0 0 0 0 0 0 0 0 0 0 0 0 0 0 0 11 0 0 11 0 0 11 11 11 
11 11 0 0 11 0 0 0 0 0 0 0 0 11 0 0 0 0 0 15 0 0 0 0 11 11 0 0 11 0 0 0 0 11 0 11 
11 0 11 0 0 0 11 0 0 11 0 0 0 0 11 0 11 0 0 0 11 0 0 0 0 11 0 0 0 0 11 11 0 0 0 11 
11 11 0 0 0 11 15 0 0 0 0 0 0 0 0 11 0 11 15 15 0 0 0 11 0 11 0 0 11 0 0 0 0 0 0 11 
11 0 11 0 0 0 0 0 0 11 0 11 0 11 0 0 0 0 11 0 0 0 11 0 0 0 0 0 0 0 11 11 0 0 0 11 
11 0 0 11 0 0 0 0 0 0 0 0 0 0 0 0 0 0 0 0 11 0 0 0 0 0 0 0 0 0 0 0 0 0 0 11 
11 0 0 0 0 15 0 0 15 0 0 0 0 0 11 0 0 0 0 0 0 0 0 11 0 0 0 0 0 0 0 0 0 0 0 11 
11 0 0 0 11 0 0 0 0 0 0 0 0 0 0 0 0 0 0 0 0 0 11 0 0 0 11 0 0 0 0 0 0 11 0 11 
11 11 0 0 0 0 0 0 0 0 11 0 11 0 11 0 0 0 11 0 0 0 0 11 11 0 0 0 0 0 0 0 11 0 0 11 
11 0 11 0 0 0 0 11 0 0 0 0 11 0 0 11 0 0 0 0 0 0 0 0 11 0 0 0 0 11 0 11 0 0 11 11 
11 0 0 0 0 0 11 0 0 0 0 0 0 0 0 0 0 0 11 11 0 0 0 0 11 0 11 0 0 11 0 0 0 11 0 11 
11 0 11 0 0 0 0 0 0 0 0 0 0 0 0 0 0 0 0 0 11 0 0 0 11 0 0 0 11 0 0 0 0 0 0 11 
11 0 0 0 0 0 0 0 0 11 0 0 0 0 0 0 0 0 0 11 11 0 0 0 0 11 0 0 0 11 0 0 0 0 11 11 
11 0 11 0 0 0 0 0 0 0 0 0 0 0 11 0 0 0 11 11 11 0 11 0 0 11 0 11 11 0 0 0 0 0 0 11 
11 11 11 11 11 11 11 11 11 11 11 11 11 11 11 11 11 11 11 11 11 11 11 11 11 11 11 11 11 11 11 11 11 11 11 11 

14752
11 11 11 11 11 11 11 11 11 11 11 11 11 11 11 11 11 11 11 11 11 11 11 11 11 11 11 11 11 11 11 11 11 11 11 11 
11 11 0 0 0 0 0 0 0 0 0 0 0 11 0 0 11 0 0 0 0 0 0 0 0 0 0 0 0 0 0 0 11 0 0 11 
11 0 0 0 0 0 11 11 0 0 0 0 11 0 0 0 0 11 0 0 0 0 11 0 11 0 11 0 11 0 0 0 0 0 0 11 
11 0 11 0 0 0 0 0 0 0 0 0 11 0 11 0 0 0 0 0 0 0 0 11 0 0 0 0 0 0 0 0 0 0 0 11 
11 11 0 0 0 0 0 0 0 0 11 0 0 0 11 0 0 0 0 0 11 0 0 0 0 0 0 0 0 0 0 0 0 11 0 11 
11 0 0 0 11 0 0 11 0 11 0 0 0 0 0 0 0 0 0 0 11 0 0 0 0 0 0 0 0 0 0 0 0 0 11 11 
11 11 0 11 0 0 0 11 0 0 11 0 11 0 0 0 0 0 0 11 0 11 11 0 0 0 0 0 0 11 11 0 11 0 0 11 
11 0 0 11 0 11 0 0 0 11 0 11 11 0 0 0 0 0 0 0 0 0 0 11 11 0 11 0 11 0 11 11 0 0 0 11 
11 0 0 0 0 0 0 0 0 0 0 0 0 0 0 0 11 0 0 0 0 11 0 0 15 0 0 0 0 0 0 0 0 11 11 11 
11 0 11 0 0 0 11 0 0 0 0 0 0 0 0 0 0 0 0 0 0 0 0 0 0 0 0 11 0 0 11 0 0 11 11 11 
11 11 0 0 11 0 0 0 0 0 0 0 0 11 0 0 0 0 0 15 0 0 0 0 11 11 0 0 11 0 0 0 0 11 0 11 
11 0 11 0 0 0 11 0 0 11 0 0 0 0 11 0 11 0 0 0 11 0 0 0 0 11 0 0 0 0 11 11 0 0 0 11 
11 11 0 0 0 11 15 0 0 0 0 0 0 0 0 11 0 11 15 15 0 0 0 11 0 11 0 0 11 0 0 0 0 0 0 11 
11 0 11 0 0 0 0 0 0 11 0 11 0 11 0 0 0 0 11 0 0 0 11 0 0 0 0 0 0 0 11 11 0 0 0 11 
11 0 0 11 0 0 0 0 0 0 0 0 0 0 0 0 0 0 0 0 11 0 0 0 0 0 0 0 0 0 0 0 0 0 0 11 
11 0 0 0 0 15 0 0 15 0 0 0 0 0 11 0 0 0 0 0 0 0 0 11 0 0 0 0 0 0 0 0 0 0 0 11 
11 0 0 0 11 0 0 0 0 0 0 0 0 0 0 0 0 0 0 0 0 0 11 0 0 0 11 0 0 0 0 0 0 11 0 11 
11 11 0 0 0 0 0 0 0 0 11 0 11 0 11 0 0 0 11 0 0 0 0 11 11 0 0 0 0 0 0 0 11 0 0 11 
11 0 11 0 0 0 0 11 0 0 0 0 11 0 0 11 0 0 0 0 0 0 0 0 11 0 0 0 0 11 0 11 0 0 11 11 
11 0 0 0 0 0 11 0 0 0 0 0 0 0 0 0 0 0 11 11 0 0 0 0 11 0 11 0 0 11 0 0 0 11 0 11 
11 0 11 0 0 0 0 0 0 0 0 0 0 0 0 0 0 0 0 0 11 0 0 0 11 0 0 0 11 0 0 0 0 0 0 11 
11 0 0 0 0 0 0 0 0 11 0 0 0 0 0 0 0 0 0 11 11 0 0 0 0 11 0 0 0 11 0 0 0 0 11 11 
11 0 11 0 0 0 0 0 0 0 0 0 0 0 11 0 0 0 11 11 11 0 11 0 0 11 0 11 11 0 0 0 0 0 0 11 
11 11 11 11 11 11 11 11 11 11 11 11 11 11 11 11 11 11 11 11 11 11 11 11 11 11 11 11 11 11 11 11 11 11 11 11 

14752
11 11 11 11 11 11 11 11 11 11 11 11 11 11 11 11 11 11 11 11 11 11 11 11 11 11 11 11 11 11 11 11 11 11 11 11 
11 11 0 0 0 0 0 0 0 0 0 0 0 11 0 0 11 0 0 0 0 0 0 0 0 0 0 0 0 0 0 0 11 0 0 11 
11 0 0 0 0 0 11 11 0 0 0 0 11 0 0 0 0 11 0 0 0 0 11 0 11 0 11 0 11 0 0 0 0 0 0 11 
11 0 11 0 0 0 0 0 0 0 0 0 11 0 11 0 0 0 0 0 0 0 0 11 0 0 0 0 0 0 0 0 0 0 0 11 
11 11 0 0 0 0 0 0 0 0 11 0 0 0 11 0 0 0 0 0 11 0 0 0 0 0 0 0 0 0 0 0 0 11 0 11 
11 0 0 0 11 0 0 11 0 11 0 0 0 0 0 0 0 0 0 0 11 0 0 0 0 0 0 0 0 0 0 0 0 0 11 11 
11 11 0 11 0 0 0 11 0 0 11 0 11 0 0 0 0 0 0 11 0 11 11 0 0 0 0 0 0 11 11 0 11 0 0 11 
11 0 0 11 0 11 0 0 0 11 0 11 11 0 0 0 0 0 0 0 0 0 0 11 11 0 11 0 11 0 11 11 0 0 0 11 
11 0 0 0 0 0 0 0 0 0 0 0 0 0 0 0 11 0 0 0 0 11 0 0 15 0 0 0 0 0 0 0 0 11 11 11 
11 0 11 0 0 0 11 0 0 0 0 0 0 0 0 0 0 0 0 0 0 0 0 0 0 0 0 11 0 0 11 0 0 11 11 11 
11 11 0 0 11 0 0 0 0 0 0 0 0 11 0 0 0 0 0 15 0 0 0 0 11 11 0 0 11 0 0 0 0 11 0 11 
11 0 11 0 0 0 11 0 0 11 0 0 0 0 11 0 11 0 0 0 11 0 0 0 0 11 0 0 0 0 11 11 0 0 0 11 
11 11 0 0 0 11 15 0 0 0 0 0 0 0 0 11 0 11 15 15 0 0 0 11 0 11 0 0 11 0 0 0 0 0 0 11 
11 0 11 0 0 0 0 0 0 11 0 11 0 11 0 0 0 0 11 0 0 0 11 0 0 0 0 0 0 0 11 11 0 0 0 11 
11 0 0 11 0 0 0 0 0 0 0 0 0 0 0 0 0 0 0 0 11 0 0 0 0 0 0 0 0 0 0 0 0 0 0 11 
11 0 0 0 0 15 0 0 15 0 0 0 0 0 11 0 0 0 0 0 0 0 0 11 0 0 0 0 0 0 0 0 0 0 0 11 
11 0 0 0 11 0 0 0 0 0 0 0 0 0 0 0 0 0 0 0 0 0 11 0 0 0 11 0 0 0 0 0 0 11 0 11 
11 11 0 0 0 0 0 0 0 0 11 0 11 0 11 0 0 0 11 0 0 0 0 11 11 0 0 0 0 0 0 0 11 0 0 11 
11 0 11 0 0 0 0 11 0 0 0 0 11 0 0 11 0 0 0 0 0 0 0 0 11 0 0 0 0 11 0 11 0 0 11 11 
11 0 0 0 0 0 11 0 0 0 0 0 0 0 0 0 0 0 11 11 0 0 0 0 11 0 11 0 0 11 0 0 0 11 0 11 
11 0 11 0 0 0 0 0 0 0 0 0 0 0 0 0 0 0 0 0 11 0 0 0 11 0 0 0 11 0 0 0 0 0 0 11 
11 0 0 0 0 0 0 0 0 11 0 0 0 0 0 0 0 0 0 11 11 0 0 0 0 11 0 0 0 11 0 0 0 0 11 11 
11 0 11 0 0 0 0 0 0 0 0 0 0 0 11 0 0 0 11 11 11 0 11 0 0 11 0 11 11 0 0 0 0 0 0 11 
11 11 11 11 11 11 11 11 11 11 11 11 11 11 11 11 11 11 11 11 11 11 11 11 11 11 11 11 11 11 11 11 11 11 11 11 

14745
11 11 11 11 11 11 11 11 11 11 11 11 11 11 11 11 11 11 11 11 11 11 11 11 11 11 11 11 11 11 11 11 11 11 11 11 
11 11 0 0 0 0 0 0 0 0 0 0 0 11 0 0 11 0 0 0 0 0 0 0 0 0 0 0 0 0 0 0 11 0 0 11 
11 0 0 0 0 0 11 11 0 0 0 0 11 0 0 0 0 11 0 0 0 0 11 0 11 0 11 0 11 0 0 0 0 0 0 11 
11 0 11 0 0 0 0 0 0 0 0 0 11 0 11 0 0 0 0 0 0 0 0 11 0 0 0 0 0 0 0 0 0 0 0 11 
11 11 0 0 0 0 0 0 0 0 11 0 0 0 11 0 0 0 0 0 11 0 0 0 0 0 0 0 0 0 0 0 0 11 0 11 
11 0 0 0 11 0 0 11 0 11 0 0 0 0 0 0 0 0 0 0 11 0 0 0 0 0 0 0 0 0 0 0 0 0 11 11 
11 11 0 11 0 0 0 11 0 0 11 0 11 0 0 0 0 0 0 11 0 11 11 0 0 0 0 0 0 11 11 0 11 0 0 11 
11 0 0 11 0 11 0 0 0 11 0 11 11 0 0 0 0 0 0 0 0 0 0 11 11 0 11 0 11 0 11 11 0 0 0 11 
11 0 0 0 0 0 0 0 0 0 0 0 0 0 0 0 11 0 0 0 0 11 0 0 0 0 0 0 0 0 0 0 0 11 11 11 
11 0 11 0 0 0 11 0 0 0 0 0 0 0 0 0 0 0 0 0 0 0 0 0 0 0 0 11 0 0 11 0 0 11 11 11 
11 11 0 0 11 0 0 0 0 0 0 0 0 11 0 0 0 0 0 15 0 0 0 15 11 11 0 0 11 0 0 0 0 11 0 11 
11 0 11 0 0 0 11 0 15 11 0 0 0 0 11 0 11 0 0 15 11 0 0 0 0 11 0 0 0 0 11 11 0 0 0 11 
11 11 0 0 0 11 0 0 0 0 0 0 0 0 0 11 0 11 0 15 0 0 0 11 0 11 0 0 11 0 0 0 0 0 0 11 
11 0 11 0 0 0 0 0 0 11 0 11 0 11 0 0 0 0 11 0 0 0 11 0 0 0 0 0 0 0 11 11 0 0 0 11 
11 0 0 11 0 0 0 0 0 0 0 0 0 0 0 0 0 0 0 0 11 0 0 0 0 0 0 0 0 0 0 0 0 0 0 11 
11 0 0 0 0 0 0 15 0 0 0 0 0 0 11 0 0 0 0 0 0 0 0 11 0 0 0 0 0 0 0 0 0 0 0 11 
11 0 0 0 11 0 0 0 0 15 0 0 0 0 0 0 0 0 0 0 0 0 11 0 0 0 11 0 0 0 0 0 0 11 0 11 
11 11 0 0 0 0 0 0 0 0 11 0 11 0 11 0 0 0 11 0 0 0 0 11 11 0 0 0 0 0 0 0 11 0 0 11 
11 0 11 0 0 0 0 11 0 0 0 0 11 0 0 11 0 0 0 0 0 0 0 0 11 0 0 0 0 11 0 11 0 0 11 11 
11 0 0 0 0 0 11 0 0 0 0 0 0 0 0 0 0 0 11 11 0 0 0 0 11 0 11 0 0 11 0 0 0 11 0 11 
11 0 11 0 0 0 0 0 0 0 0 0 0 0 0 0 0 0 0 0 11 0 0 0 11 0 0 0 11 0 0 0 0 0 0 11 
11 0 0 0 0 0 0 0 0 11 0 0 0 0 0 0 0 0 0 11 11 0 0 0 0 11 0 0 0 11 0 0 0 0 11 11 
11 0 11 0 0 0 0 0 0 0 0 0 0 0 11 0 0 0 11 11 11 0 11 0 0 11 0 11 11 0 0 0 0 0 0 11 
11 11 11 11 11 11 11 11 11 11 11 11 11 11 11 11 11 11 11 11 11 11 11 11 11 11 11 11 11 11 11 11 11 11 11 11 

14745
11 11 11 11 11 11 11 11 11 11 11 11 11 11 11 11 11 11 11 11 11 11 11 11 11 11 11 11 11 11 11 11 11 11 11 11 
11 11 0 0 0 0 0 0 0 0 0 0 0 11 0 0 11 0 0 0 0 0 0 0 0 0 0 0 0 0 0 0 11 0 0 11 
11 0 0 0 0 0 11 11 0 0 0 0 11 0 0 0 0 11 0 0 0 0 11 0 11 0 11 0 11 0 0 0 0 0 0 11 
11 0 11 0 0 0 0 0 0 0 0 0 11 0 11 0 0 0 0 0 0 0 0 11 0 0 0 0 0 0 0 0 0 0 0 11 
11 11 0 0 0 0 0 0 0 0 11 0 0 0 11 0 0 0 0 0 11 0 0 0 0 0 0 0 0 0 0 0 0 11 0 11 
11 0 0 0 11 0 0 11 0 11 0 0 0 0 0 0 0 0 0 0 11 0 0 0 0 0 0 0 0 0 0 0 0 0 11 11 
11 11 0 11 0 0 0 11 0 0 11 0 11 0 0 0 0 0 0 11 0 11 11 0 0 0 0 0 0 11 11 0 11 0 0 11 
11 0 0 11 0 11 0 0 0 11 0 11 11 0 0 0 0 0 0 0 0 0 0 11 11 0 11 0 11 0 11 11 0 0 0 11 
11 0 0 0 0 0 0 0 0 0 0 0 0 0 0 0 11 0 0 0 0 11 0 0 0 0 0 0 0 0 0 0 0 11 11 11 
11 0 11 0 0 0 11 0 0 0 0 0 0 0 0 0 0 0 0 0 0 0 0 0 0 0 0 11 0 0 11 0 0 11 11 11 
11 11 0 0 11 0 0 0 0 0 0 0 0 11 0 0 0 0 0 15 0 0 0 15 11 11 0 0 11 0 0 0 0 11 0 11 
11 0 11 0 0 0 11 0 15 11 0 0 0 0 11 0 11 0 0 15 11 0 0 0 0 11 0 0 0 0 11 11 0 0 0 11 
11 11 0 0 0 11 0 0 0 0 0 0 0 0 0 11 0 11 0 15 0 0 0 11 0 11 0 0 11 0 0 0 0 0 0 11 
11 0 11 0 0 0 0 0 0 11 0 11 0 11 0 0 0 0 11 0 0 0 11 0 0 0 0 0 0 0 11 11 0 0 0 11 
11 0 0 11 0 0 0 0 0 0 0 0 0 0 0 0 0 0 0 0 11 0 0 0 0 0 0 0 0 0 0 0 0 0 0 11 
11 0 0 0 0 0 0 15 0 0 0 0 0 0 11 0 0 0 0 0 0 0 0 11 0 0 0 0 0 0 0 0 0 0 0 11 
11 0 0 0 11 0 0 0 0 15 0 0 0 0 0 0 0 0 0 0 0 0 11 0 0 0 11 0 0 0 0 0 0 11 0 11 
11 11 0 0 0 0 0 0 0 0 11 0 11 0 11 0 0 0 11 0 0 0 0 11 11 0 0 0 0 0 0 0 11 0 0 11 
11 0 11 0 0 0 0 11 0 0 0 0 11 0 0 11 0 0 0 0 0 0 0 0 11 0 0 0 0 11 0 11 0 0 11 11 
11 0 0 0 0 0 11 0 0 0 0 0 0 0 0 0 0 0 11 11 0 0 0 0 11 0 11 0 0 11 0 0 0 11 0 11 
11 0 11 0 0 0 0 0 0 0 0 0 0 0 0 0 0 0 0 0 11 0 0 0 11 0 0 0 11 0 0 0 0 0 0 11 
11 0 0 0 0 0 0 0 0 11 0 0 0 0 0 0 0 0 0 11 11 0 0 0 0 11 0 0 0 11 0 0 0 0 11 11 
11 0 11 0 0 0 0 0 0 0 0 0 0 0 11 0 0 0 11 11 11 0 11 0 0 11 0 11 11 0 0 0 0 0 0 11 
11 11 11 11 11 11 11 11 11 11 11 11 11 11 11 11 11 11 11 11 11 11 11 11 11 11 11 11 11 11 11 11 11 11 11 11 

14740
11 11 11 11 11 11 11 11 11 11 11 11 11 11 11 11 11 11 11 11 11 11 11 11 11 11 11 11 11 11 11 11 11 11 11 11 
11 11 0 0 0 0 0 0 0 0 0 0 0 11 0 0 11 0 0 0 0 0 0 0 0 0 0 0 0 0 0 0 11 0 11 11 
11 0 0 0 0 0 11 11 0 0 0 0 11 0 0 0 0 11 0 0 0 0 11 0 11 0 11 0 0 0 11 0 0 0 0 11 
11 0 11 0 0 0 0 0 0 0 0 0 11 0 11 0 0 0 0 0 0 0 0 11 0 0 0 0 0 0 0 0 0 0 0 11 
11 11 0 0 0 0 0 0 0 0 11 0 0 0 11 0 0 0 0 0 11 0 0 0 0 0 0 0 0 0 0 0 0 11 0 11 
11 0 0 0 11 0 0 11 0 11 0 0 0 0 0 0 0 0 0 0 11 0 0 0 0 0 0 0 0 0 0 0 0 0 11 11 
11 11 0 11 0 0 0 11 0 0 11 0 11 0 0 0 0 0 0 11 0 11 11 0 0 0 0 0 0 11 11 0 0 0 0 11 
11 0 0 11 0 11 0 0 0 11 0 11 11 0 0 0 0 0 0 0 0 0 0 11 11 0 11 0 11 0 11 11 0 0 0 11 
11 0 0 0 0 0 0 0 0 0 0 0 0 0 0 0 11 0 0 0 0 11 0 0 0 0 0 0 0 0 0 0 0 11 11 11 
11 0 11 0 0 0 11 0 0 0 0 0 0 0 0 0 0 0 0 0 0 0 0 0 0 0 0 11 0 0 11 0 0 11 11 11 
11 0 0 0 11 15 0 0 0 0 0 0 0 11 0 0 0 0 0 0 0 0 0 0 11 11 0 0 11 0 0 0 0 11 0 11 
11 0 11 0 0 0 11 0 0 11 0 0 0 0 11 0 11 0 0 15 11 0 15 0 0 11 0 0 0 0 11 11 0 0 0 11 
11 11 0 0 0 11 0 0 0 0 0 0 0 0 0 11 0 11 15 15 0 0 0 11 0 11 0 0 11 0 0 0 0 0 0 11 
11 0 11 0 0 0 0 0 0 11 11 11 0 11 0 0 0 0 11 0 0 0 11 0 0 0 0 0 0 0 0 0 0 0 0 11 
11 0 0 11 0 0 0 0 15 11 11 0 0 0 0 0 0 0 0 0 11 0 0 0 0 0 0 0 0 0 0 0 0 0 0 11 
11 0 0 0 0 0 0 0 0 15 0 0 0 0 11 0 0 0 0 0 0 0 0 11 0 0 0 0 0 0 0 0 0 0 0 11 
11 0 0 0 11 0 0 0 0 0 0 0 0 0 0 0 0 0 0 0 0 0 11 0 0 0 11 0 0 0 0 0 0 11 0 11 
11 11 0 0 0 0 0 0 0 0 11 0 11 0 11 0 0 0 11 0 0 0 0 11 11 0 0 0 0 0 0 0 11 0 0 11 
11 0 11 0 0 0 0 11 0 0 0 0 11 0 0 11 11 0 0 0 0 0 0 0 11 0 0 11 0 11 0 0 0 0 11 11 
11 0 0 0 0 0 11 0 0 0 0 0 0 0 0 0 0 0 11 11 0 0 0 0 11 0 11 0 0 11 0 0 0 11 0 11 
11 0 11 0 0 0 0 0 0 0 0 0 0 0 0 0 0 0 0 0 11 0 0 0 11 0 0 0 11 0 0 0 0 0 0 11 
11 0 0 0 0 0 0 0 0 11 11 0 0 0 0 0 0 0 0 11 11 0 0 0 0 0 0 0 0 11 0 0 0 0 11 11 
11 0 11 0 0 0 0 0 0 0 0 0 0 0 11 0 0 0 11 11 11 0 11 0 0 11 0 11 0 0 0 0 0 0 0 11 
11 11 11 11 11 11 11 11 11 11 11 11 11 11 11 11 11 11 11 11 11 11 11 11 11 11 11 11 11 11 11 11 11 11 11 11 

14734
11 11 11 11 11 11 11 11 11 11 11 11 11 11 11 11 11 11 11 11 11 11 11 11 11 11 11 11 11 11 11 11 11 11 11 11 
11 11 0 0 0 0 0 0 0 0 0 0 0 11 0 0 11 0 0 0 0 0 0 0 0 0 0 0 0 0 0 0 11 0 11 11 
11 0 0 0 0 0 11 11 0 0 0 0 11 0 0 0 0 11 0 0 0 0 11 0 11 0 11 0 0 0 11 0 0 0 0 11 
11 0 11 0 0 0 0 0 0 0 0 0 11 0 11 0 0 0 0 0 0 0 0 11 0 0 0 0 0 0 0 0 0 0 0 11 
11 11 0 0 0 0 0 0 0 0 11 0 0 0 11 0 0 0 0 0 11 0 0 0 0 0 0 0 0 0 0 0 0 11 0 11 
11 0 0 0 11 0 0 11 0 11 0 0 0 0 0 0 0 0 0 0 11 0 0 0 0 0 0 0 0 0 0 0 0 0 11 11 
11 11 0 11 0 0 0 11 0 0 11 0 11 0 0 0 0 0 0 11 0 11 11 0 0 0 0 0 0 11 11 0 0 0 0 11 
11 0 0 11 0 11 0 0 0 11 0 11 11 0 0 0 0 0 0 0 0 0 0 11 11 0 11 0 11 0 11 11 0 0 0 11 
11 0 0 0 0 0 0 0 0 0 0 0 0 0 0 0 11 0 0 0 0 11 0 0 0 0 0 0 0 0 0 0 0 11 11 11 
11 0 11 0 0 0 11 0 0 0 0 0 0 0 0 0 0 0 0 0 0 0 0 0 0 0 0 11 0 0 11 0 0 11 11 11 
11 0 0 14 11 0 0 0 0 0 0 0 0 11 0 0 0 0 0 0 0 0 0 0 11 11 0 0 11 0 0 0 0 11 0 11 
11 0 11 0 0 0 11 0 0 11 0 0 0 0 11 0 11 0 0 15 11 0 0 0 0 11 0 0 0 0 11 11 0 0 0 11 
11 11 0 0 0 11 0 0 0 0 0 0 0 0 0 11 0 11 15 15 15 0 0 11 0 11 0 0 11 0 0 0 0 0 0 11 
11 0 11 0 0 0 0 0 0 11 11 11 0 11 0 0 0 0 11 0 0 0 11 0 0 0 0 0 0 0 0 0 0 0 0 11 
11 0 0 11 0 0 0 0 0 11 11 0 0 0 0 0 0 0 0 0 11 0 0 0 0 0 0 0 0 0 0 0 0 0 0 11 
11 0 0 0 0 15 0 0 0 15 0 0 0 0 11 0 0 0 0 0 0 0 0 11 0 0 0 0 0 0 0 0 0 0 0 11 
11 0 0 0 11 0 0 0 0 0 0 0 0 0 0 0 0 0 0 0 0 0 11 0 0 0 11 0 0 0 0 0 0 11 0 11 
11 11 0 0 0 0 0 0 0 0 11 0 11 0 11 0 0 0 11 0 0 0 0 11 11 0 0 0 0 0 0 0 11 0 0 11 
11 0 11 0 0 0 0 11 0 0 0 0 11 0 0 11 11 0 0 0 0 0 0 0 11 0 0 11 0 11 0 0 0 0 11 11 
11 0 0 0 0 0 11 0 0 0 0 0 0 0 0 0 0 0 11 11 0 0 0 0 11 0 11 0 0 11 0 0 0 11 0 11 
11 0 11 0 0 0 0 0 0 0 0 0 0 0 0 0 0 0 0 0 11 0 0 0 11 0 0 0 11 0 0 0 0 0 0 11 
11 0 0 0 0 0 0 0 0 11 11 0 0 0 0 0 0 0 0 11 11 0 0 0 0 0 0 0 0 11 0 0 0 0 11 11 
11 0 11 0 0 0 0 0 0 0 0 0 0 0 11 0 0 0 11 11 11 0 11 0 0 11 0 11 0 0 0 0 0 0 0 11 
11 11 11 11 11 11 11 11 11 11 11 11 11 11 11 11 11 11 11 11 11 11 11 11 11 11 11 11 11 11 11 11 11 11 11 11 

14734
11 11 11 11 11 11 11 11 11 11 11 11 11 11 11 11 11 11 11 11 11 11 11 11 11 11 11 11 11 11 11 11 11 11 11 11 
11 11 0 0 0 0 0 0 0 0 0 0 0 11 0 0 11 0 0 0 0 0 0 0 0 0 0 0 0 0 0 0 11 0 11 11 
11 0 0 0 0 0 11 11 0 0 0 0 11 0 0 0 0 11 0 0 0 0 11 0 11 0 11 0 0 0 11 0 0 0 0 11 
11 0 11 0 0 0 0 0 0 0 0 0 11 0 11 0 0 0 0 0 0 0 0 11 0 0 0 0 0 0 0 0 0 0 0 11 
11 11 0 0 0 0 0 0 0 0 11 0 0 0 11 0 0 0 0 0 11 0 0 0 0 0 0 0 0 0 0 0 0 11 0 11 
11 0 0 0 11 0 0 11 0 11 0 0 0 0 0 0 0 0 0 0 11 0 0 0 0 0 0 0 0 0 0 0 0 0 11 11 
11 11 0 11 0 0 0 11 0 0 11 0 11 0 0 0 0 0 0 11 0 11 11 0 0 0 0 0 0 11 11 0 0 0 0 11 
11 0 0 11 0 11 0 0 0 11 0 11 11 0 0 0 0 0 0 0 0 0 0 11 11 0 11 0 11 0 11 11 0 0 0 11 
11 0 0 0 0 0 0 0 0 0 0 0 0 0 0 0 11 0 0 0 0 11 0 0 0 0 0 0 0 0 0 0 0 11 11 11 
11 0 11 0 0 0 11 0 0 0 0 0 0 0 0 0 0 0 0 0 0 0 0 0 0 0 0 11 0 0 11 0 0 11 11 11 
11 0 0 0 11 0 0 0 0 0 0 0 0 11 0 0 0 0 0 0 0 15 0 15 11 11 0 0 11 0 0 0 0 11 0 11 
11 0 11 0 0 0 11 0 15 11 0 0 0 0 11 0 11 0 0 0 11 0 0 0 0 11 0 0 0 0 11 11 0 0 0 11 
11 11 0 0 0 11 0 0 0 0 0 0 0 0 0 11 0 11 0 15 0 0 0 11 0 11 0 0 11 0 0 0 0 0 0 11 
11 0 11 0 0 0 0 0 0 11 11 11 0 11 0 0 0 0 11 0 0 0 11 0 0 0 0 0 0 0 0 0 0 0 0 11 
11 0 0 11 0 0 0 0 0 11 11 0 0 0 0 0 0 0 0 0 11 0 0 0 0 0 0 0 0 0 0 0 0 0 0 11 
11 0 0 0 0 15 0 15 0 0 0 0 0 0 11 0 0 0 0 0 0 0 0 11 0 0 0 0 0 0 0 0 0 0 0 11 
11 0 0 0 11 0 0 0 0 0 0 0 0 0 0 0 0 0 0 0 0 0 11 0 0 0 11 0 0 0 0 0 0 11 0 11 
11 11 0 0 0 0 0 0 0 0 11 0 11 0 11 0 0 0 11 0 0 0 0 11 11 0 0 0 0 0 0 0 11 0 0 11 
11 0 11 0 0 0 0 11 0 0 0 0 11 0 0 11 11 0 0 0 0 0 0 0 11 0 0 11 0 11 0 0 0 0 11 11 
11 0 0 0 0 0 11 0 0 0 0 0 0 0 0 0 0 0 11 11 0 0 0 0 11 0 11 0 0 11 0 0 0 11 0 11 
11 0 11 0 0 0 0 0 0 0 0 0 0 0 0 0 0 0 0 0 11 0 0 0 11 0 0 0 11 0 0 0 0 0 0 11 
11 0 0 0 0 0 0 0 0 11 11 0 0 0 0 0 0 0 0 11 11 0 0 0 0 0 0 0 0 11 0 0 0 0 11 11 
11 0 11 0 0 0 0 0 0 0 0 0 0 0 11 0 0 0 11 11 11 0 11 0 0 11 0 11 0 0 0 0 0 0 0 11 
11 11 11 11 11 11 11 11 11 11 11 11 11 11 11 11 11 11 11 11 11 11 11 11 11 11 11 11 11 11 11 11 11 11 11 11 

14734
11 11 11 11 11 11 11 11 11 11 11 11 11 11 11 11 11 11 11 11 11 11 11 11 11 11 11 11 11 11 11 11 11 11 11 11 
11 11 0 0 0 0 0 0 0 0 0 0 0 11 0 0 11 0 0 0 0 0 0 0 0 0 0 0 0 0 0 0 11 0 11 11 
11 0 0 0 0 0 11 11 0 0 0 0 11 0 0 0 0 11 0 0 0 0 11 0 11 0 11 0 0 0 11 0 0 0 0 11 
11 0 11 0 0 0 0 0 0 0 0 0 11 0 11 0 0 0 0 0 0 0 0 11 0 0 0 0 0 0 0 0 0 0 0 11 
11 11 0 0 0 0 0 0 0 0 11 0 0 0 11 0 0 0 0 0 11 0 0 0 0 0 0 0 0 0 0 0 0 11 0 11 
11 0 0 0 11 0 0 11 0 11 0 0 0 0 0 0 0 0 0 0 11 0 0 0 0 0 0 0 0 0 0 0 0 0 11 11 
11 11 0 11 0 0 0 11 0 0 11 0 11 0 0 0 0 0 0 11 0 11 11 0 0 0 0 0 0 11 11 0 0 0 0 11 
11 0 0 11 0 11 0 0 0 11 0 11 11 0 0 0 0 0 0 0 0 0 0 11 11 0 11 0 11 0 11 11 0 0 0 11 
11 0 0 0 0 0 0 0 0 0 0 0 0 0 0 0 11 0 0 0 0 11 0 0 0 0 0 0 0 0 0 0 0 11 11 11 
11 0 11 0 0 0 11 0 0 0 0 0 0 0 0 0 0 0 0 0 0 0 0 0 0 0 0 11 0 0 11 0 0 11 11 11 
11 0 0 0 11 0 0 0 0 0 0 0 0 11 0 0 0 0 0 0 0 15 0 15 11 11 0 0 11 0 0 0 0 11 0 11 
11 0 11 0 0 0 11 0 15 11 0 0 0 0 11 0 11 0 0 0 11 0 0 0 0 11 0 0 0 0 11 11 0 0 0 11 
11 11 0 0 0 11 0 0 0 0 0 0 0 0 0 11 0 11 0 15 0 0 0 11 0 11 0 0 11 0 0 0 0 0 0 11 
11 0 11 0 0 0 0 0 0 11 11 11 0 11 0 0 0 0 11 0 0 0 11 0 0 0 0 0 0 0 0 0 0 0 0 11 
11 0 0 11 0 0 0 0 0 11 11 0 0 0 0 0 0 0 0 0 11 0 0 0 0 0 0 0 0 0 0 0 0 0 0 11 
11 0 0 0 0 15 0 15 0 0 0 0 0 0 11 0 0 0 0 0 0 0 0 11 0 0 0 0 0 0 0 0 0 0 0 11 
11 0 0 0 11 0 0 0 0 0 0 0 0 0 0 0 0 0 0 0 0 0 11 0 0 0 11 0 0 0 0 0 0 11 0 11 
11 11 0 0 0 0 0 0 0 0 11 0 11 0 11 0 0 0 11 0 0 0 0 11 11 0 0 0 0 0 0 0 11 0 0 11 
11 0 11 0 0 0 0 11 0 0 0 0 11 0 0 11 11 0 0 0 0 0 0 0 11 0 0 11 0 11 0 0 0 0 11 11 
11 0 0 0 0 0 11 0 0 0 0 0 0 0 0 0 0 0 11 11 0 0 0 0 11 0 11 0 0 11 0 0 0 11 0 11 
11 0 11 0 0 0 0 0 0 0 0 0 0 0 0 0 0 0 0 0 11 0 0 0 11 0 0 0 11 0 0 0 0 0 0 11 
11 0 0 0 0 0 0 0 0 11 11 0 0 0 0 0 0 0 0 11 11 0 0 0 0 0 0 0 0 11 0 0 0 0 11 11 
11 0 11 0 0 0 0 0 0 0 0 0 0 0 11 0 0 0 11 11 11 0 11 0 0 11 0 11 0 0 0 0 0 0 0 11 
11 11 11 11 11 11 11 11 11 11 11 11 11 11 11 11 11 11 11 11 11 11 11 11 11 11 11 11 11 11 11 11 11 11 11 11 

14734
11 11 11 11 11 11 11 11 11 11 11 11 11 11 11 11 11 11 11 11 11 11 11 11 11 11 11 11 11 11 11 11 11 11 11 11 
11 11 0 0 0 0 0 0 0 0 0 0 0 11 0 0 11 0 0 0 0 0 0 0 0 0 0 0 0 0 0 0 11 0 11 11 
11 0 0 0 0 0 11 11 0 0 0 0 11 0 0 0 0 11 0 0 0 0 11 0 11 0 11 0 0 0 11 0 0 0 0 11 
11 0 11 0 0 0 0 0 0 0 0 0 11 0 11 0 0 0 0 0 0 0 0 11 0 0 0 0 0 0 0 0 0 0 0 11 
11 11 0 0 0 0 0 0 0 0 11 0 0 0 11 0 0 0 0 0 11 0 0 0 0 0 0 0 0 0 0 0 0 11 0 11 
11 0 0 0 11 0 0 11 0 11 0 0 0 0 0 0 0 0 0 0 11 0 0 0 0 0 0 0 0 0 0 0 0 0 11 11 
11 11 0 11 0 0 0 11 0 0 11 0 11 0 0 0 0 0 0 11 0 11 11 0 0 0 0 0 0 11 11 0 0 0 0 11 
11 0 0 11 0 11 0 0 0 11 0 11 11 0 0 0 0 0 0 0 0 0 0 11 11 0 11 0 11 0 11 11 0 0 0 11 
11 0 0 0 0 0 0 0 0 0 0 0 0 0 0 0 11 0 0 0 0 11 0 0 0 0 0 0 0 0 0 0 0 11 11 11 
11 0 11 0 0 0 11 0 0 0 0 0 0 0 0 0 0 0 0 0 0 0 0 0 0 0 0 11 0 0 11 0 0 11 11 11 
11 0 0 0 11 0 0 0 0 0 0 0 0 11 0 0 0 0 0 0 0 15 0 15 11 11 0 0 11 0 0 0 0 11 0 11 
11 0 11 0 0 0 11 0 15 11 0 0 0 0 11 0 11 0 0 0 11 0 0 0 0 11 0 0 0 0 11 11 0 0 0 11 
11 11 0 0 0 11 0 0 0 0 0 0 0 0 0 11 0 11 0 15 0 0 0 11 0 11 0 0 11 0 0 0 0 0 0 11 
11 0 11 0 0 0 0 0 0 11 11 11 0 11 0 0 0 0 11 0 0 0 11 0 0 0 0 0 0 0 0 0 0 0 0 11 
11 0 0 11 0 0 0 0 0 11 11 0 0 0 0 0 0 0 0 0 11 0 0 0 0 0 0 0 0 0 0 0 0 0 0 11 
11 0 0 0 0 15 0 15 0 0 0 0 0 0 11 0 0 0 0 0 0 0 0 11 0 0 0 0 0 0 0 0 0 0 0 11 
11 0 0 0 11 0 0 0 0 0 0 0 0 0 0 0 0 0 0 0 0 0 11 0 0 0 11 0 0 0 0 0 0 11 0 11 
11 11 0 0 0 0 0 0 0 0 11 0 11 0 11 0 0 0 11 0 0 0 0 11 11 0 0 0 0 0 0 0 11 0 0 11 
11 0 11 0 0 0 0 11 0 0 0 0 11 0 0 11 11 0 0 0 0 0 0 0 11 0 0 11 0 11 0 0 0 0 11 11 
11 0 0 0 0 0 11 0 0 0 0 0 0 0 0 0 0 0 11 11 0 0 0 0 11 0 11 0 0 11 0 0 0 11 0 11 
11 0 11 0 0 0 0 0 0 0 0 0 0 0 0 0 0 0 0 0 11 0 0 0 11 0 0 0 11 0 0 0 0 0 0 11 
11 0 0 0 0 0 0 0 0 11 11 0 0 0 0 0 0 0 0 11 11 0 0 0 0 0 0 0 0 11 0 0 0 0 11 11 
11 0 11 0 0 0 0 0 0 0 0 0 0 0 11 0 0 0 11 11 11 0 11 0 0 11 0 11 0 0 0 0 0 0 0 11 
11 11 11 11 11 11 11 11 11 11 11 11 11 11 11 11 11 11 11 11 11 11 11 11 11 11 11 11 11 11 11 11 11 11 11 11 

