14808
11 11 11 11 11 11 11 11 11 11 11 11 11 11 11 11 11 11 11 11 11 11 11 11 11 11 11 11 11 11 11 11 11 11 11 11 
11 0 0 0 11 0 0 0 0 0 0 0 0 11 0 0 0 0 0 0 11 0 0 0 0 0 11 0 0 0 11 0 0 11 0 11 
11 11 0 0 0 0 11 0 0 0 0 11 0 0 0 0 11 11 11 0 0 0 0 11 0 0 0 11 0 11 0 0 0 0 0 11 
11 0 0 0 0 0 0 0 0 0 0 11 11 0 11 0 0 0 0 0 11 0 0 0 0 0 0 0 0 0 0 0 0 0 11 11 
11 0 0 0 0 11 11 0 11 0 11 0 0 11 11 0 11 0 0 11 11 0 0 0 0 0 0 11 0 0 0 0 0 11 0 11 
11 11 0 0 11 0 0 0 0 0 11 0 11 0 0 0 0 0 0 0 0 0 0 0 0 11 0 11 0 11 11 0 11 0 0 11 
11 0 0 0 0 0 0 0 0 0 11 0 0 0 0 0 0 11 0 11 0 0 0 11 11 11 11 0 0 0 0 0 0 0 0 11 
11 0 0 0 0 0 0 0 0 0 0 0 0 0 0 0 11 0 11 0 0 0 11 0 0 0 0 11 0 0 0 0 0 11 0 11 
11 0 0 0 0 0 0 0 0 0 0 0 0 11 0 0 11 0 0 0 0 0 11 0 0 15 0 11 0 0 0 0 0 0 11 11 
11 0 0 0 0 0 0 0 0 0 11 0 0 0 0 11 0 0 11 15 0 11 0 0 0 0 11 11 0 0 11 11 0 0 11 11 
11 11 0 0 0 0 0 0 0 0 0 0 0 11 0 0 11 11 0 11 11 11 0 0 0 0 11 11 0 0 0 11 11 0 0 11 
11 11 0 0 0 11 0 0 11 0 0 0 11 0 0 0 0 0 0 0 11 0 0 0 0 0 11 0 0 0 0 0 0 0 0 11 
11 15 11 11 0 0 0 11 0 0 0 0 0 0 0 0 0 0 0 11 0 0 0 0 0 11 0 0 0 0 0 0 0 11 0 11 
11 0 0 0 0 0 0 0 11 0 0 0 0 11 0 0 11 0 0 0 0 0 0 0 11 0 0 0 0 11 0 15 0 0 0 11 
11 11 0 0 0 11 0 0 0 0 0 0 11 0 0 0 0 0 0 11 0 0 11 0 0 0 11 0 0 11 0 0 0 11 0 11 
11 11 0 0 0 0 11 11 0 0 0 0 0 0 0 0 0 0 0 0 0 0 0 11 0 0 0 0 0 0 0 0 0 0 0 11 
11 0 0 0 0 0 0 11 0 0 11 0 0 0 0 0 0 0 0 11 0 0 0 0 0 0 11 0 0 0 0 0 0 11 11 11 
11 0 0 0 0 0 0 0 0 0 0 0 0 0 0 0 0 0 0 0 0 0 0 0 11 0 0 11 0 0 0 0 11 0 0 11 
11 0 0 0 11 0 0 0 0 0 0 0 0 11 0 11 0 0 0 0 11 11 0 15 15 0 0 0 0 11 0 0 0 0 0 11 
11 0 0 0 0 15 0 0 0 0 0 0 11 0 0 0 0 0 0 0 0 0 0 0 0 0 0 0 0 0 0 0 0 0 0 11 
11 0 0 0 0 0 11 0 11 0 0 0 0 11 0 0 0 0 0 0 11 0 0 0 0 0 0 0 0 11 0 0 0 0 0 11 
11 0 11 0 0 0 11 11 0 0 0 0 0 0 0 11 0 0 0 0 0 0 0 0 0 11 0 0 11 0 0 0 0 0 11 11 
11 0 0 0 15 0 0 11 11 11 0 0 0 11 0 0 0 0 0 0 0 0 0 0 11 0 0 0 0 0 11 0 0 0 0 11 
11 0 0 0 0 0 0 0 11 11 0 0 0 0 0 0 0 11 0 0 0 0 0 0 0 0 0 0 11 11 0 0 11 0 0 11 
11 0 11 11 0 0 0 11 11 0 0 0 0 0 0 0 0 0 0 0 0 0 0 0 0 0 0 0 0 11 0 11 0 0 11 11 
11 11 11 11 11 11 11 11 11 11 11 11 11 11 11 11 11 11 11 11 11 11 11 11 11 11 11 11 11 11 11 11 11 11 11 11 

14746
11 11 11 11 11 11 11 11 11 11 11 11 11 11 11 11 11 11 11 11 11 11 11 11 11 11 11 11 11 11 11 11 11 11 11 11 
11 0 0 0 11 0 0 0 0 0 0 0 0 11 0 0 0 0 0 0 11 0 0 0 0 0 11 0 0 0 11 0 0 11 0 11 
11 11 0 0 0 0 11 0 0 0 0 11 0 0 0 0 11 11 11 0 0 0 0 11 0 0 0 11 0 11 0 0 0 0 0 11 
11 0 0 0 0 0 0 0 0 0 0 11 11 0 11 0 0 0 0 0 11 0 0 0 0 0 0 0 0 0 0 0 0 0 11 11 
11 0 0 0 0 11 11 0 11 0 11 0 0 11 11 0 11 0 0 11 11 0 0 0 0 0 0 11 0 0 0 0 0 11 0 11 
11 11 0 0 11 0 0 0 0 0 11 0 11 0 0 0 0 0 0 0 0 0 0 0 0 11 0 11 0 11 11 0 11 0 0 11 
11 0 0 0 0 0 0 0 0 0 11 0 0 0 0 0 0 11 0 11 0 0 0 11 11 11 11 0 0 0 0 0 0 0 0 11 
11 0 0 0 0 0 0 0 0 0 0 0 0 0 0 0 11 0 11 0 0 0 11 0 0 0 0 11 0 0 0 0 0 11 0 11 
11 0 0 0 0 0 0 0 0 0 0 0 0 11 0 0 11 0 0 0 0 0 11 0 0 15 0 11 0 0 0 0 0 0 11 11 
11 0 0 0 0 0 0 0 0 0 11 0 0 0 0 11 0 0 11 0 0 11 0 0 0 0 11 11 0 0 11 11 0 0 11 11 
11 11 0 0 0 0 0 0 15 0 0 0 0 11 0 0 11 11 15 11 11 11 0 0 0 0 11 11 0 0 0 11 11 0 0 11 
11 11 0 0 0 11 0 0 11 0 0 0 11 0 0 0 0 0 0 0 11 0 0 0 0 0 11 0 0 0 0 0 0 0 0 11 
11 0 11 11 0 0 0 11 0 0 0 0 0 0 0 0 0 0 0 11 0 0 0 0 0 11 0 0 0 0 0 15 0 11 0 11 
11 0 0 0 0 0 0 0 11 0 0 0 0 11 0 0 11 0 0 0 0 0 0 0 11 0 0 0 0 11 0 0 0 0 0 11 
11 11 0 0 0 11 0 0 0 0 0 0 11 0 0 0 0 0 0 11 0 0 11 0 0 0 11 0 0 11 0 0 0 11 0 11 
11 11 0 0 0 0 11 11 0 0 0 0 0 0 0 0 0 0 0 0 0 0 0 11 0 0 0 0 0 0 0 0 0 0 0 11 
11 0 0 0 0 0 0 11 0 0 11 0 0 0 0 0 0 0 0 11 0 0 0 0 0 0 11 0 0 0 0 0 0 11 11 11 
11 0 0 0 0 0 0 0 0 0 0 0 0 0 0 0 0 0 0 0 0 0 0 0 11 0 0 11 0 0 0 0 11 0 0 11 
11 0 0 0 11 0 0 0 0 0 0 0 0 11 0 11 0 0 0 0 11 11 0 0 15 0 0 0 0 11 0 0 0 0 0 11 
11 0 0 0 0 15 0 0 0 0 0 0 11 0 0 0 0 0 0 0 0 0 0 0 15 0 0 0 0 0 0 0 0 0 0 11 
11 0 15 0 0 0 11 0 11 0 0 0 0 11 0 0 0 0 0 0 11 0 0 0 0 0 0 0 0 11 0 0 0 0 0 11 
11 0 11 0 0 0 11 11 0 0 0 0 0 0 0 11 0 0 0 0 0 0 0 0 0 11 0 0 11 0 0 0 0 0 11 11 
11 0 0 0 0 0 0 11 11 11 0 0 0 11 0 0 0 0 0 0 0 0 0 0 11 0 0 0 0 0 11 0 0 0 0 11 
11 0 0 0 0 0 0 0 11 11 0 0 0 0 0 0 0 11 0 0 0 0 0 0 0 0 0 0 11 11 0 0 11 0 0 11 
11 0 11 11 0 0 0 11 11 0 0 0 0 0 0 0 0 0 0 0 0 0 0 0 0 0 0 0 0 11 0 11 0 0 11 11 
11 11 11 11 11 11 11 11 11 11 11 11 11 11 11 11 11 11 11 11 11 11 11 11 11 11 11 11 11 11 11 11 11 11 11 11 

14746
11 11 11 11 11 11 11 11 11 11 11 11 11 11 11 11 11 11 11 11 11 11 11 11 11 11 11 11 11 11 11 11 11 11 11 11 
11 0 0 0 11 0 0 0 0 0 0 0 0 11 0 0 0 0 0 0 11 0 0 0 0 0 11 0 0 0 11 0 0 11 0 11 
11 11 0 0 0 0 11 0 0 0 0 11 0 0 0 0 11 11 11 0 0 0 0 11 0 0 0 11 0 11 0 0 0 0 0 11 
11 0 0 0 0 0 0 0 0 0 0 11 11 0 11 0 0 0 0 0 11 0 0 0 0 0 0 0 0 0 0 0 0 0 11 11 
11 0 0 0 0 11 11 0 11 0 11 0 0 11 11 0 11 0 0 11 11 0 0 0 0 0 0 11 0 0 0 0 0 11 0 11 
11 11 0 0 11 0 0 0 0 0 11 0 11 0 0 0 0 0 0 0 0 0 0 0 0 11 0 11 0 11 11 0 11 0 0 11 
11 0 0 0 0 0 0 0 0 0 11 0 0 0 0 0 0 11 0 11 0 0 0 11 11 11 11 0 0 0 0 0 0 0 0 11 
11 0 0 0 0 0 0 0 0 0 0 0 0 0 0 0 11 0 11 0 0 0 11 0 0 0 0 11 0 0 0 0 0 11 0 11 
11 0 0 0 0 0 0 0 0 0 0 0 0 11 0 0 11 0 0 0 0 0 11 0 0 15 0 11 0 0 0 0 0 0 11 11 
11 0 0 0 0 0 0 0 0 0 11 0 0 0 0 11 0 0 11 0 0 11 0 0 0 0 11 11 0 0 11 11 0 0 11 11 
11 11 0 0 0 0 0 0 15 0 0 0 0 11 0 0 11 11 15 11 11 11 0 0 0 0 11 11 0 0 0 11 11 0 0 11 
11 11 0 0 0 11 0 0 11 0 0 0 11 0 0 0 0 0 0 0 11 0 0 0 0 0 11 0 0 0 0 0 0 0 0 11 
11 0 11 11 0 0 0 11 0 0 0 0 0 0 0 0 0 0 0 11 0 0 0 0 0 11 0 0 0 0 0 15 0 11 0 11 
11 0 0 0 0 0 0 0 11 0 0 0 0 11 0 0 11 0 0 0 0 0 0 0 11 0 0 0 0 11 0 0 0 0 0 11 
11 11 0 0 0 11 0 0 0 0 0 0 11 0 0 0 0 0 0 11 0 0 11 0 0 0 11 0 0 11 0 0 0 11 0 11 
11 11 0 0 0 0 11 11 0 0 0 0 0 0 0 0 0 0 0 0 0 0 0 11 0 0 0 0 0 0 0 0 0 0 0 11 
11 0 0 0 0 0 0 11 0 0 11 0 0 0 0 0 0 0 0 11 0 0 0 0 0 0 11 0 0 0 0 0 0 11 11 11 
11 0 0 0 0 0 0 0 0 0 0 0 0 0 0 0 0 0 0 0 0 0 0 0 11 0 0 11 0 0 0 0 11 0 0 11 
11 0 0 0 11 0 0 0 0 0 0 0 0 11 0 11 0 0 0 0 11 11 0 0 15 0 0 0 0 11 0 0 0 0 0 11 
11 0 0 0 0 15 0 0 0 0 0 0 11 0 0 0 0 0 0 0 0 0 0 0 15 0 0 0 0 0 0 0 0 0 0 11 
11 0 15 0 0 0 11 0 11 0 0 0 0 11 0 0 0 0 0 0 11 0 0 0 0 0 0 0 0 11 0 0 0 0 0 11 
11 0 11 0 0 0 11 11 0 0 0 0 0 0 0 11 0 0 0 0 0 0 0 0 0 11 0 0 11 0 0 0 0 0 11 11 
11 0 0 0 0 0 0 11 11 11 0 0 0 11 0 0 0 0 0 0 0 0 0 0 11 0 0 0 0 0 11 0 0 0 0 11 
11 0 0 0 0 0 0 0 11 11 0 0 0 0 0 0 0 11 0 0 0 0 0 0 0 0 0 0 11 11 0 0 11 0 0 11 
11 0 11 11 0 0 0 11 11 0 0 0 0 0 0 0 0 0 0 0 0 0 0 0 0 0 0 0 0 11 0 11 0 0 11 11 
11 11 11 11 11 11 11 11 11 11 11 11 11 11 11 11 11 11 11 11 11 11 11 11 11 11 11 11 11 11 11 11 11 11 11 11 

14746
11 11 11 11 11 11 11 11 11 11 11 11 11 11 11 11 11 11 11 11 11 11 11 11 11 11 11 11 11 11 11 11 11 11 11 11 
11 0 0 0 11 0 0 0 0 0 0 0 0 11 0 0 0 0 0 0 11 0 0 0 0 0 11 0 0 0 11 0 0 11 0 11 
11 11 0 0 0 0 11 0 0 0 0 11 0 0 0 0 11 11 11 0 0 0 0 11 0 0 0 11 0 11 0 0 0 0 0 11 
11 0 0 0 0 0 0 0 0 0 0 11 11 0 11 0 0 0 0 0 11 0 0 0 0 0 0 0 0 0 0 0 0 0 11 11 
11 0 0 0 0 11 11 0 11 0 11 0 0 11 11 0 11 0 0 11 11 0 0 0 0 0 0 11 0 0 0 0 0 11 0 11 
11 11 0 0 11 0 0 0 0 0 11 0 11 0 0 0 0 0 0 0 0 0 0 0 0 11 0 11 0 11 11 0 11 0 0 11 
11 0 0 0 0 0 0 0 0 0 11 0 0 0 0 0 0 11 0 11 0 0 0 11 11 11 11 0 0 0 0 0 0 0 0 11 
11 0 0 0 0 0 0 0 0 0 0 0 0 0 0 0 11 0 11 0 0 0 11 0 0 0 0 11 0 0 0 0 0 11 0 11 
11 0 0 0 0 0 0 0 0 0 0 0 0 11 0 0 11 0 0 0 0 0 11 0 0 15 0 11 0 0 0 0 0 0 11 11 
11 0 0 0 0 0 0 0 0 0 11 0 0 0 0 11 0 0 11 0 0 11 0 0 0 0 11 11 0 0 11 11 0 0 11 11 
11 11 0 0 0 0 0 0 15 0 0 0 0 11 0 0 11 11 15 11 11 11 0 0 0 0 11 11 0 0 0 11 11 0 0 11 
11 11 0 0 0 11 0 0 11 0 0 0 11 0 0 0 0 0 0 0 11 0 0 0 0 0 11 0 0 0 0 0 0 0 0 11 
11 0 11 11 0 0 0 11 0 0 0 0 0 0 0 0 0 0 0 11 0 0 0 0 0 11 0 0 0 0 0 15 0 11 0 11 
11 0 0 0 0 0 0 0 11 0 0 0 0 11 0 0 11 0 0 0 0 0 0 0 11 0 0 0 0 11 0 0 0 0 0 11 
11 11 0 0 0 11 0 0 0 0 0 0 11 0 0 0 0 0 0 11 0 0 11 0 0 0 11 0 0 11 0 0 0 11 0 11 
11 11 0 0 0 0 11 11 0 0 0 0 0 0 0 0 0 0 0 0 0 0 0 11 0 0 0 0 0 0 0 0 0 0 0 11 
11 0 0 0 0 0 0 11 0 0 11 0 0 0 0 0 0 0 0 11 0 0 0 0 0 0 11 0 0 0 0 0 0 11 11 11 
11 0 0 0 0 0 0 0 0 0 0 0 0 0 0 0 0 0 0 0 0 0 0 0 11 0 0 11 0 0 0 0 11 0 0 11 
11 0 0 0 11 0 0 0 0 0 0 0 0 11 0 11 0 0 0 0 11 11 0 0 15 0 0 0 0 11 0 0 0 0 0 11 
11 0 0 0 0 15 0 0 0 0 0 0 11 0 0 0 0 0 0 0 0 0 0 0 15 0 0 0 0 0 0 0 0 0 0 11 
11 0 15 0 0 0 11 0 11 0 0 0 0 11 0 0 0 0 0 0 11 0 0 0 0 0 0 0 0 11 0 0 0 0 0 11 
11 0 11 0 0 0 11 11 0 0 0 0 0 0 0 11 0 0 0 0 0 0 0 0 0 11 0 0 11 0 0 0 0 0 11 11 
11 0 0 0 0 0 0 11 11 11 0 0 0 11 0 0 0 0 0 0 0 0 0 0 11 0 0 0 0 0 11 0 0 0 0 11 
11 0 0 0 0 0 0 0 11 11 0 0 0 0 0 0 0 11 0 0 0 0 0 0 0 0 0 0 11 11 0 0 11 0 0 11 
11 0 11 11 0 0 0 11 11 0 0 0 0 0 0 0 0 0 0 0 0 0 0 0 0 0 0 0 0 11 0 11 0 0 11 11 
11 11 11 11 11 11 11 11 11 11 11 11 11 11 11 11 11 11 11 11 11 11 11 11 11 11 11 11 11 11 11 11 11 11 11 11 

14742
11 11 11 11 11 11 11 11 11 11 11 11 11 11 11 11 11 11 11 11 11 11 11 11 11 11 11 11 11 11 11 11 11 11 11 11 
11 0 0 0 11 0 0 0 0 0 0 0 0 11 0 0 0 0 0 0 11 0 0 0 0 0 11 0 0 0 11 0 0 11 0 11 
11 11 0 0 0 0 11 0 0 0 0 11 0 0 0 0 11 11 11 0 11 0 0 11 0 0 0 11 0 11 0 0 0 0 0 11 
11 0 0 0 0 0 0 0 0 0 0 11 11 0 11 0 0 0 0 0 11 0 0 0 0 0 0 0 0 0 0 0 0 0 11 11 
11 0 0 0 0 11 11 0 11 0 11 0 0 11 11 0 11 0 0 11 11 0 0 0 0 0 0 11 0 0 0 0 0 11 0 11 
11 11 0 0 11 0 0 0 0 0 11 0 11 0 0 0 0 0 0 0 0 0 0 0 0 11 0 11 0 11 11 0 11 0 0 11 
11 0 0 0 0 0 0 0 0 0 11 0 0 0 0 0 0 11 0 11 0 0 0 11 11 11 11 0 0 0 0 0 0 0 0 11 
11 0 0 0 0 0 0 0 0 0 0 0 0 0 0 0 11 0 11 0 0 0 11 0 0 0 15 11 0 0 0 0 0 11 0 11 
11 0 0 0 0 0 0 0 0 0 0 0 0 11 0 0 11 0 0 0 0 0 11 0 0 0 0 11 0 0 0 0 0 0 11 11 
11 0 0 0 0 0 0 0 0 0 11 0 0 0 0 11 0 0 11 0 0 11 0 0 0 0 11 11 0 0 11 11 0 0 11 11 
11 11 0 0 0 0 0 0 0 0 0 0 0 11 0 0 11 11 0 11 11 11 0 0 0 0 11 11 0 0 0 11 11 0 0 11 
11 11 0 0 15 11 0 0 11 0 0 0 11 0 0 0 0 0 0 15 11 0 0 0 0 0 11 0 0 0 0 0 0 0 0 11 
11 0 11 11 0 0 0 11 0 0 0 0 0 0 0 0 0 0 0 11 0 0 0 0 0 11 0 0 0 0 0 0 0 11 0 11 
11 0 0 0 0 0 0 0 11 0 0 0 0 11 0 0 11 0 0 0 0 0 0 0 11 0 0 0 0 11 0 0 0 0 0 11 
11 11 0 0 0 11 0 0 0 0 0 0 11 0 0 0 0 0 0 11 0 0 11 0 0 0 11 0 0 11 14 0 0 11 0 11 
11 11 0 0 0 0 11 11 0 0 0 0 0 0 0 0 0 0 0 0 0 0 0 11 0 0 0 0 0 0 0 0 0 0 0 11 
11 0 0 0 0 0 0 11 0 0 11 0 0 0 0 0 0 0 0 11 0 0 0 0 0 0 11 0 0 0 0 0 0 11 11 11 
11 0 0 0 0 0 0 0 0 0 0 0 0 0 0 0 0 0 0 0 0 0 0 0 11 0 0 11 0 0 0 0 11 0 0 11 
11 0 0 15 11 0 0 0 0 0 0 0 0 11 0 11 0 0 0 0 11 11 0 0 15 15 0 0 0 11 0 0 0 0 0 11 
11 0 0 0 0 0 12 0 0 0 0 0 11 0 0 0 0 0 0 0 0 0 0 0 0 0 0 0 0 0 0 0 0 0 0 11 
11 0 0 0 0 0 11 12 11 0 0 0 0 11 0 0 0 0 0 0 11 0 0 0 0 0 0 0 0 11 0 0 0 0 0 11 
11 0 11 0 0 0 11 11 0 0 0 0 0 0 0 11 0 0 0 0 0 0 0 0 0 11 0 0 11 0 0 0 0 0 11 11 
11 0 0 0 0 0 0 11 11 11 0 0 0 11 0 0 0 0 0 0 0 0 0 0 11 0 0 0 0 0 11 0 0 0 0 11 
11 0 0 0 0 0 0 0 11 11 0 0 0 0 0 0 0 11 0 0 0 0 0 0 0 0 0 0 11 11 0 0 11 0 0 11 
11 0 11 11 0 0 0 11 11 0 0 0 0 0 0 0 0 0 0 0 0 0 0 0 0 0 0 0 0 11 0 11 0 0 11 11 
11 11 11 11 11 11 11 11 11 11 11 11 11 11 11 11 11 11 11 11 11 11 11 11 11 11 11 11 11 11 11 11 11 11 11 11 

14784
11 11 11 11 11 11 11 11 11 11 11 11 11 11 11 11 11 11 11 11 11 11 11 11 11 11 11 11 11 11 11 11 11 11 11 11 
11 0 0 0 11 0 0 0 0 0 0 0 0 11 0 0 0 0 0 0 11 0 0 0 0 0 11 0 0 0 11 0 0 11 0 11 
11 11 0 0 0 0 11 0 0 0 0 11 0 0 0 0 11 11 11 0 0 0 0 11 0 0 0 11 0 11 0 0 0 0 0 11 
11 0 0 0 0 0 0 0 0 0 0 11 11 0 11 0 0 0 0 0 11 0 0 0 0 0 0 0 0 0 0 0 0 0 11 11 
11 0 0 0 0 11 11 0 11 0 11 0 0 11 11 0 11 0 0 11 11 0 0 0 0 0 0 11 0 0 0 0 0 11 0 11 
11 11 0 0 11 0 0 0 0 0 11 0 11 0 0 0 0 0 0 0 0 0 0 0 0 11 0 11 0 11 11 0 11 0 0 11 
11 0 0 0 11 0 0 0 0 0 11 0 0 0 0 0 0 11 0 11 0 0 0 11 11 11 11 0 0 0 0 0 0 0 0 11 
11 0 0 0 0 0 0 0 0 0 0 0 0 0 0 0 11 0 11 0 0 0 11 0 0 0 0 11 0 0 0 0 0 11 0 11 
11 0 0 0 0 0 0 0 0 0 0 0 0 11 0 0 11 0 0 0 0 0 11 0 0 15 0 11 0 0 0 0 0 0 11 11 
11 0 0 0 0 0 0 0 0 11 11 0 0 0 0 11 0 0 11 0 0 11 0 0 0 0 11 11 0 0 11 11 0 0 11 11 
11 11 0 0 0 0 0 0 0 0 0 0 0 11 0 0 11 11 0 11 11 11 0 0 0 0 11 11 0 0 0 11 11 0 0 11 
11 11 0 0 0 11 0 0 11 0 0 0 11 0 0 0 0 0 15 0 11 0 0 0 0 0 11 0 0 0 0 0 0 0 0 11 
11 15 11 11 0 0 0 11 0 0 0 0 0 0 0 0 0 0 0 11 0 0 0 0 0 11 0 0 0 0 0 0 0 11 0 11 
11 0 0 0 0 0 0 0 11 0 0 0 0 11 0 0 11 0 0 0 0 0 0 0 11 0 0 0 0 11 0 0 0 0 0 11 
11 0 0 0 0 11 0 0 0 0 0 0 11 0 0 0 0 0 0 11 0 0 11 0 0 0 11 0 0 11 0 0 0 0 0 11 
11 11 0 0 0 0 11 11 0 0 0 0 0 0 0 0 0 0 0 0 0 0 0 11 0 0 0 0 0 0 0 15 0 0 0 11 
11 0 0 0 0 0 11 0 0 0 11 0 0 0 11 0 0 0 0 11 0 0 0 0 0 0 11 0 0 0 0 0 0 11 11 11 
11 0 0 0 0 0 0 0 0 0 0 0 0 0 0 0 0 0 0 0 0 0 0 0 11 0 15 11 0 0 0 0 11 0 0 11 
11 0 0 0 11 0 0 0 0 0 0 0 0 11 0 11 0 0 0 0 11 0 0 0 0 0 0 0 0 11 0 0 0 0 0 11 
11 0 0 0 0 0 0 15 0 0 0 0 0 0 0 0 0 0 0 0 0 0 15 0 0 0 0 0 0 0 0 0 0 11 0 11 
11 0 0 0 0 0 11 0 11 0 0 0 0 11 0 0 0 0 0 0 11 11 0 0 0 0 0 0 0 11 0 0 0 0 0 11 
11 0 11 0 0 0 11 11 0 0 0 0 0 0 0 11 0 0 0 0 0 0 0 0 0 11 0 0 11 0 0 0 0 0 11 11 
11 0 0 0 0 0 13 11 11 11 0 0 0 11 0 0 0 0 0 0 0 0 0 0 11 0 0 0 0 0 11 0 0 0 0 11 
11 0 0 0 0 0 0 0 11 11 0 0 0 0 0 0 0 11 0 0 0 0 0 0 0 0 0 0 11 11 0 0 11 0 0 11 
11 0 0 11 0 0 0 11 11 0 0 0 0 0 0 0 0 0 0 0 0 0 0 0 0 0 0 0 0 11 0 11 0 0 11 11 
11 11 11 11 11 11 11 11 11 11 11 11 11 11 11 11 11 11 11 11 11 11 11 11 11 11 11 11 11 11 11 11 11 11 11 11 

14784
11 11 11 11 11 11 11 11 11 11 11 11 11 11 11 11 11 11 11 11 11 11 11 11 11 11 11 11 11 11 11 11 11 11 11 11 
11 0 0 0 11 0 0 0 0 0 0 0 0 11 0 0 0 0 0 0 11 0 0 0 0 0 11 0 0 0 11 0 0 11 0 11 
11 11 0 0 0 0 11 0 0 0 0 11 0 0 0 0 11 11 11 0 0 0 0 11 0 0 0 11 0 11 0 0 0 0 0 11 
11 0 0 0 0 0 0 0 0 0 0 11 11 0 11 0 0 0 0 0 11 0 0 0 0 0 0 0 0 0 0 0 0 0 11 11 
11 0 0 0 0 11 11 0 11 0 11 0 0 11 11 0 11 0 0 11 11 0 0 0 0 0 0 11 0 0 0 0 0 11 0 11 
11 11 0 0 11 0 0 0 0 0 11 0 11 0 0 0 0 0 0 0 0 0 0 0 0 11 0 11 0 11 11 0 11 0 0 11 
11 0 0 0 11 0 0 0 0 0 11 0 0 0 0 0 0 11 0 11 0 0 0 11 11 11 11 0 0 0 0 0 0 0 0 11 
11 0 0 0 0 0 0 0 0 0 0 0 0 0 0 0 11 0 11 0 0 0 11 0 0 0 0 11 0 0 0 0 0 11 0 11 
11 0 0 0 0 0 0 0 0 0 0 0 0 11 0 0 11 0 0 0 0 0 11 0 0 15 0 11 0 0 0 0 0 0 11 11 
11 0 0 0 0 0 0 0 0 11 11 0 0 0 0 11 0 0 11 0 0 11 0 0 0 0 11 11 0 0 11 11 0 0 11 11 
11 11 0 0 0 0 0 0 0 0 0 0 0 11 0 0 11 11 0 11 11 11 0 0 0 0 11 11 0 0 0 11 11 0 0 11 
11 11 0 0 0 11 0 0 11 0 0 0 11 0 0 0 0 0 15 0 11 0 0 0 0 0 11 0 0 0 0 0 0 0 0 11 
11 15 11 11 0 0 0 11 0 0 0 0 0 0 0 0 0 0 0 11 0 0 0 0 0 11 0 0 0 0 0 0 0 11 0 11 
11 0 0 0 0 0 0 0 11 0 0 0 0 11 0 0 11 0 0 0 0 0 0 0 11 0 0 0 0 11 0 0 0 0 0 11 
11 0 0 0 0 11 0 0 0 0 0 0 11 0 0 0 0 0 0 11 0 0 11 0 0 0 11 0 0 11 0 0 0 0 0 11 
11 11 0 0 0 0 11 11 0 0 0 0 0 0 0 0 0 0 0 0 0 0 0 11 0 0 0 0 0 0 0 15 0 0 0 11 
11 0 0 0 0 0 11 0 0 0 11 0 0 0 11 0 0 0 0 11 0 0 0 0 0 0 11 0 0 0 0 0 0 11 11 11 
11 0 0 0 0 0 0 0 0 0 0 0 0 0 0 0 0 0 0 0 0 0 0 0 11 0 15 11 0 0 0 0 11 0 0 11 
11 0 0 0 11 0 0 0 0 0 0 0 0 11 0 11 0 0 0 0 11 0 0 0 0 0 0 0 0 11 0 0 0 0 0 11 
11 0 0 0 0 0 0 15 0 0 0 0 0 0 0 0 0 0 0 0 0 0 15 0 0 0 0 0 0 0 0 0 0 11 0 11 
11 0 0 0 0 0 11 0 11 0 0 0 0 11 0 0 0 0 0 0 11 11 0 0 0 0 0 0 0 11 0 0 0 0 0 11 
11 0 11 0 0 0 11 11 0 0 0 0 0 0 0 11 0 0 0 0 0 0 0 0 0 11 0 0 11 0 0 0 0 0 11 11 
11 0 0 0 0 0 13 11 11 11 0 0 0 11 0 0 0 0 0 0 0 0 0 0 11 0 0 0 0 0 11 0 0 0 0 11 
11 0 0 0 0 0 0 0 11 11 0 0 0 0 0 0 0 11 0 0 0 0 0 0 0 0 0 0 11 11 0 0 11 0 0 11 
11 0 0 11 0 0 0 11 11 0 0 0 0 0 0 0 0 0 0 0 0 0 0 0 0 0 0 0 0 11 0 11 0 0 11 11 
11 11 11 11 11 11 11 11 11 11 11 11 11 11 11 11 11 11 11 11 11 11 11 11 11 11 11 11 11 11 11 11 11 11 11 11 

14784
11 11 11 11 11 11 11 11 11 11 11 11 11 11 11 11 11 11 11 11 11 11 11 11 11 11 11 11 11 11 11 11 11 11 11 11 
11 0 0 0 11 0 0 0 0 0 0 0 0 11 0 0 0 0 0 0 11 0 0 0 0 0 11 0 0 0 11 0 0 11 0 11 
11 11 0 0 0 0 11 0 0 0 0 11 0 0 0 0 11 11 11 0 0 0 0 11 0 0 0 11 0 11 0 0 0 0 0 11 
11 0 0 0 0 0 0 0 0 0 0 11 11 0 11 0 0 0 0 0 11 0 0 0 0 0 0 0 0 0 0 0 0 0 11 11 
11 0 0 0 0 11 11 0 11 0 11 0 0 11 11 0 11 0 0 11 11 0 0 0 0 0 0 11 0 0 0 0 0 11 0 11 
11 11 0 0 11 0 0 0 0 0 11 0 11 0 0 0 0 0 0 0 0 0 0 0 0 11 0 11 0 11 11 0 11 0 0 11 
11 0 0 0 11 0 0 0 0 0 11 0 0 0 0 0 0 11 0 11 0 0 0 11 11 11 11 0 0 0 0 0 0 0 0 11 
11 0 0 0 0 0 0 0 0 0 0 0 0 0 0 0 11 0 11 0 0 0 11 0 0 0 0 11 0 0 0 0 0 11 0 11 
11 0 0 0 0 0 0 0 0 0 0 0 0 11 0 0 11 0 0 0 0 0 11 0 0 15 0 11 0 0 0 0 0 0 11 11 
11 0 0 0 0 0 0 0 0 11 11 0 0 0 0 11 0 0 11 0 0 11 0 0 0 0 11 11 0 0 11 11 0 0 11 11 
11 11 0 0 0 0 0 0 0 0 0 0 0 11 0 0 11 11 0 11 11 11 0 0 0 0 11 11 0 0 0 11 11 0 0 11 
11 11 0 0 0 11 0 0 11 0 0 0 11 0 0 0 0 0 15 0 11 0 0 0 0 0 11 0 0 0 0 0 0 0 0 11 
11 15 11 11 0 0 0 11 0 0 0 0 0 0 0 0 0 0 0 11 0 0 0 0 0 11 0 0 0 0 0 0 0 11 0 11 
11 0 0 0 0 0 0 0 11 0 0 0 0 11 0 0 11 0 0 0 0 0 0 0 11 0 0 0 0 11 0 0 0 0 0 11 
11 0 0 0 0 11 0 0 0 0 0 0 11 0 0 0 0 0 0 11 0 0 11 0 0 0 11 0 0 11 0 0 0 0 0 11 
11 11 0 0 0 0 11 11 0 0 0 0 0 0 0 0 0 0 0 0 0 0 0 11 0 0 0 0 0 0 0 15 0 0 0 11 
11 0 0 0 0 0 11 0 0 0 11 0 0 0 11 0 0 0 0 11 0 0 0 0 0 0 11 0 0 0 0 0 0 11 11 11 
11 0 0 0 0 0 0 0 0 0 0 0 0 0 0 0 0 0 0 0 0 0 0 0 11 0 15 11 0 0 0 0 11 0 0 11 
11 0 0 0 11 0 0 0 0 0 0 0 0 11 0 11 0 0 0 0 11 0 0 0 0 0 0 0 0 11 0 0 0 0 0 11 
11 0 0 0 0 0 0 15 0 0 0 0 0 0 0 0 0 0 0 0 0 0 15 0 0 0 0 0 0 0 0 0 0 11 0 11 
11 0 0 0 0 0 11 0 11 0 0 0 0 11 0 0 0 0 0 0 11 11 0 0 0 0 0 0 0 11 0 0 0 0 0 11 
11 0 11 0 0 0 11 11 0 0 0 0 0 0 0 11 0 0 0 0 0 0 0 0 0 11 0 0 11 0 0 0 0 0 11 11 
11 0 0 0 0 0 13 11 11 11 0 0 0 11 0 0 0 0 0 0 0 0 0 0 11 0 0 0 0 0 11 0 0 0 0 11 
11 0 0 0 0 0 0 0 11 11 0 0 0 0 0 0 0 11 0 0 0 0 0 0 0 0 0 0 11 11 0 0 11 0 0 11 
11 0 0 11 0 0 0 11 11 0 0 0 0 0 0 0 0 0 0 0 0 0 0 0 0 0 0 0 0 11 0 11 0 0 11 11 
11 11 11 11 11 11 11 11 11 11 11 11 11 11 11 11 11 11 11 11 11 11 11 11 11 11 11 11 11 11 11 11 11 11 11 11 

14771
11 11 11 11 11 11 11 11 11 11 11 11 11 11 11 11 11 11 11 11 11 11 11 11 11 11 11 11 11 11 11 11 11 11 11 11 
11 0 0 0 11 0 0 0 0 0 0 0 0 11 0 0 0 0 0 0 11 0 0 0 0 0 11 0 0 0 11 0 0 11 0 11 
11 11 0 0 0 0 11 0 0 0 0 11 0 0 0 0 11 11 11 0 0 0 0 11 0 0 0 11 0 11 0 0 0 0 0 11 
11 0 0 0 0 0 0 0 0 0 0 11 11 0 11 0 0 0 0 0 11 0 0 0 0 0 0 0 0 0 0 0 0 0 11 11 
11 0 0 0 0 11 11 0 11 0 11 0 0 11 11 0 11 0 0 11 11 0 0 0 0 0 0 11 0 0 0 0 0 11 0 11 
11 11 0 0 11 0 0 0 0 0 11 0 11 0 0 0 0 0 0 0 0 0 0 0 0 11 0 11 0 11 11 0 11 0 0 11 
11 0 0 0 11 0 0 0 0 0 11 0 0 0 0 0 0 11 0 11 0 0 0 11 11 11 11 0 0 0 0 0 0 0 0 11 
11 0 0 0 0 0 0 0 0 0 0 0 0 0 0 0 11 0 11 0 0 0 11 0 0 0 0 11 0 0 0 0 0 11 0 11 
11 0 0 0 0 0 0 0 0 0 0 0 0 11 0 0 11 0 0 0 0 0 11 0 0 15 0 11 0 0 0 0 0 0 11 11 
11 0 0 0 0 0 0 0 0 11 11 0 0 0 0 11 0 0 11 0 0 11 0 0 0 0 11 11 0 0 11 11 0 0 11 11 
11 11 0 0 0 0 0 0 0 0 0 0 0 11 0 0 11 11 15 11 11 11 0 0 0 0 11 11 0 0 0 11 11 0 0 11 
11 11 0 0 0 11 0 0 11 0 0 0 11 0 0 0 0 0 0 0 11 0 0 0 0 0 11 0 0 0 0 0 0 0 0 11 
11 0 11 11 15 0 0 11 0 0 0 0 0 0 0 0 0 0 0 11 0 0 0 0 0 11 0 0 0 0 0 0 0 11 0 11 
11 0 0 0 0 0 0 0 11 0 0 0 0 11 0 0 11 0 0 0 0 0 0 0 11 0 0 0 0 11 0 0 0 15 0 11 
11 0 0 0 0 11 0 0 0 0 0 0 11 0 0 0 0 0 0 11 0 0 11 0 0 0 11 0 0 11 0 0 0 0 0 11 
11 11 0 0 0 0 11 11 0 0 0 0 0 0 0 0 0 0 0 0 0 0 0 11 0 0 0 0 0 0 0 0 0 0 0 11 
11 0 0 0 0 0 11 0 0 0 11 0 0 0 11 0 0 0 0 11 0 0 0 0 0 0 11 0 0 0 0 0 0 11 11 11 
11 0 0 0 0 0 0 0 0 0 0 0 0 0 0 0 0 0 0 0 0 0 0 0 11 0 0 11 0 0 0 0 11 0 0 11 
11 0 0 0 11 0 0 0 0 0 0 0 0 11 0 11 0 0 0 0 11 0 0 15 0 0 0 0 0 11 0 0 0 0 0 11 
11 0 0 0 0 0 0 0 0 0 0 0 0 0 0 0 0 0 0 0 0 0 0 0 0 0 0 0 0 0 0 0 0 11 0 11 
11 0 0 0 13 0 11 0 11 0 0 0 0 11 0 0 0 0 0 0 11 11 0 0 0 0 0 0 0 11 0 0 0 0 0 11 
11 0 11 0 0 0 11 11 0 0 0 0 0 0 0 11 0 0 0 0 0 0 0 0 0 11 0 0 11 0 0 0 0 0 11 11 
11 0 0 0 15 0 11 11 11 11 0 0 0 11 0 0 0 0 0 0 0 0 14 0 11 0 0 0 0 0 11 0 0 0 0 11 
11 0 0 0 0 0 0 0 11 11 0 0 0 0 0 0 0 11 0 0 0 0 0 0 0 0 0 0 11 11 0 0 11 0 0 11 
11 0 0 11 0 0 0 11 11 0 0 0 0 0 0 0 0 0 0 0 0 0 0 0 0 0 0 0 0 11 0 11 0 0 11 11 
11 11 11 11 11 11 11 11 11 11 11 11 11 11 11 11 11 11 11 11 11 11 11 11 11 11 11 11 11 11 11 11 11 11 11 11 

14771
11 11 11 11 11 11 11 11 11 11 11 11 11 11 11 11 11 11 11 11 11 11 11 11 11 11 11 11 11 11 11 11 11 11 11 11 
11 0 0 0 11 0 0 0 0 0 0 0 0 11 0 0 0 0 0 0 11 0 0 0 0 0 11 0 0 0 11 0 0 11 0 11 
11 11 0 0 0 0 11 0 0 0 0 11 0 0 0 0 11 11 11 0 0 0 0 11 0 0 0 11 0 11 0 0 0 0 0 11 
11 0 0 0 0 0 0 0 0 0 0 11 11 0 11 0 0 0 0 0 11 0 0 0 0 0 0 0 0 0 0 0 0 0 11 11 
11 0 0 0 0 11 11 0 11 0 11 0 0 11 11 0 11 0 0 11 11 0 0 0 0 0 0 11 0 0 0 0 0 11 0 11 
11 11 0 0 11 0 0 0 0 0 11 0 11 0 0 0 0 0 0 0 0 0 0 0 0 11 0 11 0 11 11 0 11 0 0 11 
11 0 0 0 11 0 0 0 0 0 11 0 0 0 0 0 0 11 0 11 0 0 0 11 11 11 11 0 0 0 0 0 0 0 0 11 
11 0 0 0 0 0 0 0 0 0 0 0 0 0 0 0 11 0 11 0 0 0 11 0 0 0 0 11 0 0 0 0 0 11 0 11 
11 0 0 0 0 0 0 0 0 0 0 0 0 11 0 0 11 0 0 0 0 0 11 0 0 15 0 11 0 0 0 0 0 0 11 11 
11 0 0 0 0 0 0 0 0 11 11 0 0 0 0 11 0 0 11 0 0 11 0 0 0 0 11 11 0 0 11 11 0 0 11 11 
11 11 0 0 0 0 0 0 0 0 0 0 0 11 0 0 11 11 15 11 11 11 0 0 0 0 11 11 0 0 0 11 11 0 0 11 
11 11 0 0 0 11 0 0 11 0 0 0 11 0 0 0 0 0 0 0 11 0 0 0 0 0 11 0 0 0 0 0 0 0 0 11 
11 0 11 11 15 0 0 11 0 0 0 0 0 0 0 0 0 0 0 11 0 0 0 0 0 11 0 0 0 0 0 0 0 11 0 11 
11 0 0 0 0 0 0 0 11 0 0 0 0 11 0 0 11 0 0 0 0 0 0 0 11 0 0 0 0 11 0 0 0 15 0 11 
11 0 0 0 0 11 0 0 0 0 0 0 11 0 0 0 0 0 0 11 0 0 11 0 0 0 11 0 0 11 0 0 0 0 0 11 
11 11 0 0 0 0 11 11 0 0 0 0 0 0 0 0 0 0 0 0 0 0 0 11 0 0 0 0 0 0 0 0 0 0 0 11 
11 0 0 0 0 0 11 0 0 0 11 0 0 0 11 0 0 0 0 11 0 0 0 0 0 0 11 0 0 0 0 0 0 11 11 11 
11 0 0 0 0 0 0 0 0 0 0 0 0 0 0 0 0 0 0 0 0 0 0 0 11 0 0 11 0 0 0 0 11 0 0 11 
11 0 0 0 11 0 0 0 0 0 0 0 0 11 0 11 0 0 0 0 11 0 0 15 0 0 0 0 0 11 0 0 0 0 0 11 
11 0 0 0 0 0 0 0 0 0 0 0 0 0 0 0 0 0 0 0 0 0 0 0 0 0 0 0 0 0 0 0 0 11 0 11 
11 0 0 0 13 0 11 0 11 0 0 0 0 11 0 0 0 0 0 0 11 11 0 0 0 0 0 0 0 11 0 0 0 0 0 11 
11 0 11 0 0 0 11 11 0 0 0 0 0 0 0 11 0 0 0 0 0 0 0 0 0 11 0 0 11 0 0 0 0 0 11 11 
11 0 0 0 15 0 11 11 11 11 0 0 0 11 0 0 0 0 0 0 0 0 14 0 11 0 0 0 0 0 11 0 0 0 0 11 
11 0 0 0 0 0 0 0 11 11 0 0 0 0 0 0 0 11 0 0 0 0 0 0 0 0 0 0 11 11 0 0 11 0 0 11 
11 0 0 11 0 0 0 11 11 0 0 0 0 0 0 0 0 0 0 0 0 0 0 0 0 0 0 0 0 11 0 11 0 0 11 11 
11 11 11 11 11 11 11 11 11 11 11 11 11 11 11 11 11 11 11 11 11 11 11 11 11 11 11 11 11 11 11 11 11 11 11 11 

14798
11 11 11 11 11 11 11 11 11 11 11 11 11 11 11 11 11 11 11 11 11 11 11 11 11 11 11 11 11 11 11 11 11 11 11 11 
11 0 0 0 11 0 0 0 0 0 0 0 0 11 0 0 11 0 0 0 11 0 0 0 0 0 11 0 0 0 11 0 0 11 0 11 
11 11 0 0 0 0 11 0 0 0 0 11 0 0 0 0 11 11 11 0 0 0 0 11 0 0 0 11 0 11 0 0 0 0 0 11 
11 0 0 0 0 0 0 0 0 0 0 11 11 0 11 0 0 0 0 0 11 0 0 0 0 0 0 0 0 0 0 0 0 0 11 11 
11 0 0 0 0 11 11 0 11 0 11 0 0 11 11 0 11 0 0 11 11 0 0 0 0 0 0 11 0 0 0 0 0 11 0 11 
11 11 0 0 11 0 0 0 0 0 11 0 11 0 0 0 0 0 0 0 0 0 0 0 0 11 0 11 0 11 11 0 0 0 0 11 
11 0 0 0 11 0 0 0 0 0 11 0 0 0 0 0 0 11 0 11 0 0 0 11 11 11 11 0 0 0 0 0 0 0 0 11 
11 0 0 0 0 0 0 0 0 0 0 0 0 0 0 0 11 0 11 0 0 0 11 0 0 0 0 11 0 0 0 0 0 11 0 11 
11 0 0 0 0 0 0 0 0 0 0 0 0 11 0 0 11 0 0 0 0 0 11 0 0 0 0 11 0 0 0 0 0 0 11 11 
11 0 0 0 11 0 0 0 0 11 11 0 0 0 0 11 0 0 11 0 0 11 0 15 0 0 11 11 0 0 11 11 0 0 11 11 
11 11 0 0 0 0 0 0 0 0 0 0 0 11 0 0 11 11 0 11 11 11 0 0 0 0 11 11 0 0 0 11 11 0 0 11 
11 11 0 0 15 11 0 0 11 0 0 0 11 0 0 0 0 0 0 0 11 0 0 15 0 0 11 0 0 0 0 0 0 0 0 11 
11 0 11 11 0 0 0 11 0 0 0 0 0 0 0 0 0 0 0 11 0 0 0 0 0 11 0 0 0 0 0 0 15 11 0 11 
11 0 0 0 0 0 0 0 11 0 0 0 0 11 0 0 11 0 11 0 0 0 0 0 11 0 0 0 0 11 0 0 0 0 0 11 
11 11 0 0 0 11 0 0 0 0 0 0 11 0 0 0 0 0 0 11 0 0 11 0 0 0 11 0 0 11 0 0 0 11 0 11 
11 11 0 0 0 0 11 11 0 0 0 0 0 0 0 0 0 0 0 0 0 0 0 11 0 0 0 0 0 0 0 0 0 0 0 11 
11 0 0 0 0 0 11 0 0 0 11 0 0 0 11 0 0 0 0 0 0 0 0 0 0 0 11 0 0 0 0 0 0 11 11 11 
11 0 0 0 0 0 0 0 0 15 0 0 0 0 0 0 0 0 0 0 11 0 0 0 11 0 0 0 0 0 0 0 11 0 0 11 
11 0 0 0 11 0 0 0 0 0 0 0 0 11 0 11 0 0 0 0 0 0 0 15 0 0 15 11 0 11 0 0 0 0 0 11 
11 0 0 0 0 0 0 0 0 0 0 0 0 0 0 0 0 0 0 0 0 0 0 0 0 0 0 0 0 0 0 0 0 0 0 11 
11 0 0 0 0 0 0 15 11 0 0 0 0 11 0 0 0 0 0 0 11 0 0 0 0 0 0 0 0 11 0 0 0 0 0 11 
11 0 11 0 0 0 11 11 0 0 0 0 0 0 0 11 0 0 0 0 0 0 0 0 0 11 0 0 11 0 0 0 0 0 11 11 
11 0 0 0 0 0 0 11 11 11 0 0 0 11 0 0 0 0 0 0 0 0 0 0 11 0 0 0 0 0 11 0 0 0 0 11 
11 0 0 0 0 0 0 0 11 11 0 0 0 0 0 0 0 11 0 0 0 0 0 0 0 0 0 0 11 11 0 0 11 0 0 11 
11 0 0 11 0 0 0 11 11 0 0 0 0 0 0 0 0 0 0 0 0 0 0 0 0 0 0 0 0 11 0 11 0 0 11 11 
11 11 11 11 11 11 11 11 11 11 11 11 11 11 11 11 11 11 11 11 11 11 11 11 11 11 11 11 11 11 11 11 11 11 11 11 

14747
11 11 11 11 11 11 11 11 11 11 11 11 11 11 11 11 11 11 11 11 11 11 11 11 11 11 11 11 11 11 11 11 11 11 11 11 
11 0 0 0 11 0 0 0 0 0 0 0 0 11 0 0 11 0 0 0 11 0 0 0 0 0 11 0 0 0 11 0 0 11 0 11 
11 11 0 0 0 0 11 0 0 0 0 11 0 0 0 0 11 11 11 0 0 0 0 11 0 0 0 11 0 11 0 0 0 0 0 11 
11 0 0 0 0 0 0 0 0 0 0 11 11 0 11 0 0 0 0 0 11 0 0 0 0 0 0 0 0 0 0 0 0 0 11 11 
11 0 0 0 0 11 11 0 11 0 11 0 0 11 11 0 11 0 0 11 11 0 0 0 0 0 0 11 0 0 0 0 0 11 0 11 
11 11 0 0 11 0 0 0 0 0 11 0 11 0 0 0 0 0 0 0 0 0 0 0 0 11 0 11 0 11 11 0 0 0 0 11 
11 0 0 0 11 0 0 0 0 0 11 0 0 0 0 0 0 11 0 11 0 0 0 11 11 11 11 0 0 0 0 0 11 0 0 11 
11 0 0 0 0 0 0 0 0 0 0 0 0 0 0 0 11 0 11 0 0 0 11 0 0 0 0 11 0 0 0 0 0 11 0 11 
11 0 0 0 0 0 0 0 0 0 0 0 0 11 0 0 11 13 0 12 0 0 11 0 0 0 0 11 0 0 0 0 0 0 11 11 
11 0 0 0 11 0 0 0 0 11 11 0 0 0 0 11 0 0 11 0 0 11 0 0 0 0 11 11 0 0 11 11 0 0 11 11 
11 11 0 0 0 0 0 0 0 0 0 0 0 11 0 0 11 11 0 11 11 11 0 0 0 0 11 11 0 0 0 11 11 0 0 11 
11 11 0 0 0 11 0 0 11 0 0 0 11 0 0 0 0 0 0 0 11 0 15 0 0 0 11 0 0 0 0 0 0 0 0 11 
11 0 11 11 0 0 0 11 0 0 0 0 0 0 0 0 0 0 0 11 0 0 0 0 0 11 0 0 0 0 0 0 0 11 0 11 
11 0 15 0 0 0 0 0 11 0 0 0 0 11 0 0 11 0 11 0 0 0 0 0 11 0 0 0 0 11 0 0 0 0 0 11 
11 11 0 0 0 11 0 0 0 0 0 0 11 0 0 0 0 0 0 11 0 0 11 0 0 0 11 0 0 11 0 0 0 11 0 11 
11 11 0 0 0 0 11 11 0 0 0 0 0 0 0 0 0 0 0 0 0 0 0 11 0 0 0 0 0 0 0 15 0 0 0 11 
11 0 0 0 0 0 11 15 0 0 11 0 0 0 11 0 0 0 0 0 0 0 0 0 0 0 11 0 0 0 0 0 0 11 11 11 
11 0 0 0 0 0 0 0 15 0 0 0 0 0 0 0 0 0 0 0 11 0 0 0 11 0 0 0 0 0 0 0 11 0 0 11 
11 0 0 0 11 0 0 0 0 0 0 0 0 11 0 11 0 0 0 0 0 0 0 15 0 0 0 11 0 11 0 0 0 0 0 11 
11 0 0 0 0 0 0 0 0 0 0 0 0 0 0 0 0 0 0 0 0 0 0 0 0 0 0 0 0 0 0 0 0 0 0 11 
11 0 0 0 0 0 0 0 11 0 0 0 0 11 0 0 0 0 0 0 11 0 0 0 0 0 0 0 0 11 0 0 0 0 0 11 
11 0 11 0 0 0 11 11 0 0 0 0 0 0 0 11 0 0 0 0 0 0 0 0 15 11 0 0 11 0 0 0 0 0 11 11 
11 0 0 0 0 0 0 11 11 11 0 0 0 11 0 0 0 0 0 0 0 0 0 0 11 0 0 0 0 0 11 0 0 0 0 11 
11 0 0 0 0 0 0 0 11 11 0 0 0 0 0 0 0 11 0 0 0 0 0 0 0 0 0 0 11 11 0 0 11 0 0 11 
11 0 0 11 0 0 0 11 11 0 0 0 0 0 0 0 0 0 0 0 0 0 0 0 0 0 0 0 0 11 0 11 0 0 11 11 
11 11 11 11 11 11 11 11 11 11 11 11 11 11 11 11 11 11 11 11 11 11 11 11 11 11 11 11 11 11 11 11 11 11 11 11 

14747
11 11 11 11 11 11 11 11 11 11 11 11 11 11 11 11 11 11 11 11 11 11 11 11 11 11 11 11 11 11 11 11 11 11 11 11 
11 0 0 0 11 0 0 0 0 0 0 0 0 11 0 0 11 0 0 0 11 0 0 0 0 0 11 0 0 0 11 0 0 11 0 11 
11 11 0 0 0 0 11 0 0 0 0 11 0 0 0 0 11 11 11 0 0 0 0 11 0 0 0 11 0 11 0 0 0 0 0 11 
11 0 0 0 0 0 0 0 0 0 0 11 11 0 11 0 0 0 0 0 11 0 0 0 0 0 0 0 0 0 0 0 0 0 11 11 
11 0 0 0 0 11 11 0 11 0 11 0 0 11 11 0 11 0 0 11 11 0 0 0 0 0 0 11 0 0 0 0 0 11 0 11 
11 11 0 0 11 0 0 0 0 0 11 0 11 0 0 0 0 0 0 0 0 0 0 0 0 11 0 11 0 11 11 0 0 0 0 11 
11 0 0 0 11 0 0 0 0 0 11 0 0 0 0 0 0 11 0 11 0 0 0 11 11 11 11 0 0 0 0 0 11 0 0 11 
11 0 0 0 0 0 0 0 0 0 0 0 0 0 0 0 11 0 11 0 0 0 11 0 0 0 0 11 0 0 0 0 0 11 0 11 
11 0 0 0 0 0 0 0 0 0 0 0 0 11 0 0 11 13 0 12 0 0 11 0 0 0 0 11 0 0 0 0 0 0 11 11 
11 0 0 0 11 0 0 0 0 11 11 0 0 0 0 11 0 0 11 0 0 11 0 0 0 0 11 11 0 0 11 11 0 0 11 11 
11 11 0 0 0 0 0 0 0 0 0 0 0 11 0 0 11 11 0 11 11 11 0 0 0 0 11 11 0 0 0 11 11 0 0 11 
11 11 0 0 0 11 0 0 11 0 0 0 11 0 0 0 0 0 0 0 11 0 15 0 0 0 11 0 0 0 0 0 0 0 0 11 
11 0 11 11 0 0 0 11 0 0 0 0 0 0 0 0 0 0 0 11 0 0 0 0 0 11 0 0 0 0 0 0 0 11 0 11 
11 0 15 0 0 0 0 0 11 0 0 0 0 11 0 0 11 0 11 0 0 0 0 0 11 0 0 0 0 11 0 0 0 0 0 11 
11 11 0 0 0 11 0 0 0 0 0 0 11 0 0 0 0 0 0 11 0 0 11 0 0 0 11 0 0 11 0 0 0 11 0 11 
11 11 0 0 0 0 11 11 0 0 0 0 0 0 0 0 0 0 0 0 0 0 0 11 0 0 0 0 0 0 0 15 0 0 0 11 
11 0 0 0 0 0 11 15 0 0 11 0 0 0 11 0 0 0 0 0 0 0 0 0 0 0 11 0 0 0 0 0 0 11 11 11 
11 0 0 0 0 0 0 0 15 0 0 0 0 0 0 0 0 0 0 0 11 0 0 0 11 0 0 0 0 0 0 0 11 0 0 11 
11 0 0 0 11 0 0 0 0 0 0 0 0 11 0 11 0 0 0 0 0 0 0 15 0 0 0 11 0 11 0 0 0 0 0 11 
11 0 0 0 0 0 0 0 0 0 0 0 0 0 0 0 0 0 0 0 0 0 0 0 0 0 0 0 0 0 0 0 0 0 0 11 
11 0 0 0 0 0 0 0 11 0 0 0 0 11 0 0 0 0 0 0 11 0 0 0 0 0 0 0 0 11 0 0 0 0 0 11 
11 0 11 0 0 0 11 11 0 0 0 0 0 0 0 11 0 0 0 0 0 0 0 0 15 11 0 0 11 0 0 0 0 0 11 11 
11 0 0 0 0 0 0 11 11 11 0 0 0 11 0 0 0 0 0 0 0 0 0 0 11 0 0 0 0 0 11 0 0 0 0 11 
11 0 0 0 0 0 0 0 11 11 0 0 0 0 0 0 0 11 0 0 0 0 0 0 0 0 0 0 11 11 0 0 11 0 0 11 
11 0 0 11 0 0 0 11 11 0 0 0 0 0 0 0 0 0 0 0 0 0 0 0 0 0 0 0 0 11 0 11 0 0 11 11 
11 11 11 11 11 11 11 11 11 11 11 11 11 11 11 11 11 11 11 11 11 11 11 11 11 11 11 11 11 11 11 11 11 11 11 11 

14747
11 11 11 11 11 11 11 11 11 11 11 11 11 11 11 11 11 11 11 11 11 11 11 11 11 11 11 11 11 11 11 11 11 11 11 11 
11 0 0 0 11 0 0 0 0 0 0 0 0 11 0 0 11 0 0 0 11 0 0 0 0 0 11 0 0 0 11 0 0 11 0 11 
11 11 0 0 0 0 11 0 0 0 0 11 0 0 0 0 11 11 11 0 0 0 0 11 0 0 0 11 0 11 0 0 0 0 0 11 
11 0 0 0 0 0 0 0 0 0 0 11 11 0 11 0 0 0 0 0 11 0 0 0 0 0 0 0 0 0 0 0 0 0 11 11 
11 0 0 0 0 11 11 0 11 0 11 0 0 11 11 0 11 0 0 11 11 0 0 0 0 0 0 11 0 0 0 0 0 11 0 11 
11 11 0 0 11 0 0 0 0 0 11 0 11 0 0 0 0 0 0 0 0 0 0 0 0 11 0 11 0 11 11 0 0 0 0 11 
11 0 0 0 11 0 0 0 0 0 11 0 0 0 0 0 0 11 0 11 0 0 0 11 11 11 11 0 0 0 0 0 11 0 0 11 
11 0 0 0 0 0 0 0 0 0 0 0 0 0 0 0 11 0 11 0 0 0 11 0 0 0 0 11 0 0 0 0 0 11 0 11 
11 0 0 0 0 0 0 0 0 0 0 0 0 11 0 0 11 13 0 12 0 0 11 0 0 0 0 11 0 0 0 0 0 0 11 11 
11 0 0 0 11 0 0 0 0 11 11 0 0 0 0 11 0 0 11 0 0 11 0 0 0 0 11 11 0 0 11 11 0 0 11 11 
11 11 0 0 0 0 0 0 0 0 0 0 0 11 0 0 11 11 0 11 11 11 0 0 0 0 11 11 0 0 0 11 11 0 0 11 
11 11 0 0 0 11 0 0 11 0 0 0 11 0 0 0 0 0 0 0 11 0 15 0 0 0 11 0 0 0 0 0 0 0 0 11 
11 0 11 11 0 0 0 11 0 0 0 0 0 0 0 0 0 0 0 11 0 0 0 0 0 11 0 0 0 0 0 0 0 11 0 11 
11 0 15 0 0 0 0 0 11 0 0 0 0 11 0 0 11 0 11 0 0 0 0 0 11 0 0 0 0 11 0 0 0 0 0 11 
11 11 0 0 0 11 0 0 0 0 0 0 11 0 0 0 0 0 0 11 0 0 11 0 0 0 11 0 0 11 0 0 0 11 0 11 
11 11 0 0 0 0 11 11 0 0 0 0 0 0 0 0 0 0 0 0 0 0 0 11 0 0 0 0 0 0 0 15 0 0 0 11 
11 0 0 0 0 0 11 15 0 0 11 0 0 0 11 0 0 0 0 0 0 0 0 0 0 0 11 0 0 0 0 0 0 11 11 11 
11 0 0 0 0 0 0 0 15 0 0 0 0 0 0 0 0 0 0 0 11 0 0 0 11 0 0 0 0 0 0 0 11 0 0 11 
11 0 0 0 11 0 0 0 0 0 0 0 0 11 0 11 0 0 0 0 0 0 0 15 0 0 0 11 0 11 0 0 0 0 0 11 
11 0 0 0 0 0 0 0 0 0 0 0 0 0 0 0 0 0 0 0 0 0 0 0 0 0 0 0 0 0 0 0 0 0 0 11 
11 0 0 0 0 0 0 0 11 0 0 0 0 11 0 0 0 0 0 0 11 0 0 0 0 0 0 0 0 11 0 0 0 0 0 11 
11 0 11 0 0 0 11 11 0 0 0 0 0 0 0 11 0 0 0 0 0 0 0 0 15 11 0 0 11 0 0 0 0 0 11 11 
11 0 0 0 0 0 0 11 11 11 0 0 0 11 0 0 0 0 0 0 0 0 0 0 11 0 0 0 0 0 11 0 0 0 0 11 
11 0 0 0 0 0 0 0 11 11 0 0 0 0 0 0 0 11 0 0 0 0 0 0 0 0 0 0 11 11 0 0 11 0 0 11 
11 0 0 11 0 0 0 11 11 0 0 0 0 0 0 0 0 0 0 0 0 0 0 0 0 0 0 0 0 11 0 11 0 0 11 11 
11 11 11 11 11 11 11 11 11 11 11 11 11 11 11 11 11 11 11 11 11 11 11 11 11 11 11 11 11 11 11 11 11 11 11 11 

14741
11 11 11 11 11 11 11 11 11 11 11 11 11 11 11 11 11 11 11 11 11 11 11 11 11 11 11 11 11 11 11 11 11 11 11 11 
11 0 0 0 11 0 0 0 0 0 0 0 0 11 0 0 11 0 0 0 11 0 0 0 0 0 11 0 0 0 11 0 0 11 0 11 
11 11 0 0 0 0 11 0 0 0 0 11 0 0 0 0 11 11 11 0 0 0 0 11 0 0 0 11 0 11 0 0 0 0 0 11 
11 0 0 0 0 0 0 0 0 0 0 11 11 0 11 0 0 0 0 0 11 0 0 0 0 0 0 0 0 0 0 0 0 0 11 11 
11 0 0 0 0 11 11 0 11 0 11 0 0 11 11 0 11 0 0 11 11 0 0 0 0 0 0 11 0 0 0 0 0 11 0 11 
11 11 0 0 11 0 0 0 0 0 11 0 11 0 0 0 0 0 0 0 0 0 0 0 0 11 0 11 0 11 11 0 0 0 0 11 
11 0 0 0 11 0 0 0 0 0 11 0 0 0 0 0 0 11 0 11 0 0 0 11 11 11 11 0 0 0 0 0 0 0 0 11 
11 0 0 0 0 0 0 0 0 0 0 0 0 0 0 0 11 0 11 0 0 0 11 0 0 0 0 11 0 0 0 0 0 11 0 11 
11 0 0 0 0 0 0 0 0 0 0 0 0 11 0 0 11 0 0 0 0 0 11 0 0 0 0 11 0 0 0 0 0 0 11 11 
11 0 0 0 11 0 0 0 0 11 11 0 0 0 0 11 0 0 11 0 0 11 0 0 0 0 11 11 0 0 11 11 0 0 11 11 
11 11 0 0 0 0 0 0 0 0 0 0 0 11 0 0 11 11 0 11 11 11 0 0 15 0 11 11 0 0 0 11 11 11 0 11 
11 11 0 0 0 11 0 0 11 0 0 0 11 0 0 0 0 0 0 0 11 0 0 15 0 0 11 0 0 0 0 0 0 0 0 11 
11 0 11 11 0 0 0 11 0 0 0 0 0 0 0 0 0 0 0 11 0 0 0 0 0 11 0 0 0 0 0 0 0 11 0 11 
11 0 15 0 0 0 0 0 11 0 0 0 0 11 0 0 11 0 11 0 0 0 0 0 11 0 0 0 0 11 0 15 0 0 0 11 
11 11 0 0 0 11 0 0 0 0 0 0 11 0 0 0 0 0 0 11 0 0 11 0 0 0 11 0 0 11 0 0 0 11 0 11 
11 11 0 0 0 0 11 11 0 0 0 0 0 0 0 0 0 0 0 0 0 0 0 11 0 0 0 0 0 0 0 0 0 0 0 11 
11 0 0 0 0 0 11 0 15 0 11 0 0 0 11 0 0 0 0 0 0 0 0 0 0 0 11 0 0 0 0 0 0 11 11 11 
11 0 0 0 0 0 0 0 0 0 0 0 0 0 0 0 0 0 0 0 11 0 0 0 11 0 0 0 0 0 0 0 11 0 0 11 
11 0 0 0 11 0 0 0 0 0 0 0 0 11 0 11 0 0 0 0 0 0 0 0 0 0 0 11 0 11 0 0 0 0 0 11 
11 0 0 0 0 0 0 0 0 0 0 0 0 0 0 0 0 0 0 0 0 0 0 0 0 0 0 0 0 0 0 0 0 0 0 11 
11 0 0 0 0 0 0 0 11 0 0 0 0 11 0 0 0 0 0 0 11 0 0 0 0 0 15 0 0 11 0 0 0 0 0 11 
11 0 11 0 0 0 11 11 0 0 15 0 0 0 0 11 0 0 0 0 0 0 0 0 0 11 0 0 11 0 0 0 0 0 11 11 
11 0 0 0 0 0 0 11 11 11 0 0 0 11 0 0 0 0 0 0 0 0 0 0 11 11 0 0 0 0 11 0 0 0 0 11 
11 0 0 0 0 0 0 0 11 11 0 0 0 0 0 0 0 11 0 0 0 0 0 0 0 0 0 0 11 11 0 0 11 0 0 11 
11 0 0 11 0 0 0 11 11 0 0 0 0 0 0 0 0 0 0 0 0 11 0 0 0 0 0 0 0 11 0 11 0 0 11 11 
11 11 11 11 11 11 11 11 11 11 11 11 11 11 11 11 11 11 11 11 11 11 11 11 11 11 11 11 11 11 11 11 11 11 11 11 

14790
11 11 11 11 11 11 11 11 11 11 11 11 11 11 11 11 11 11 11 11 11 11 11 11 11 11 11 11 11 11 11 11 11 11 11 11 
11 0 0 0 11 0 0 0 0 0 0 0 0 11 0 0 0 0 0 0 11 0 0 0 0 0 11 0 0 0 11 0 0 11 0 11 
11 11 0 0 0 0 11 0 0 0 0 11 0 0 0 0 11 11 11 0 0 0 0 11 0 0 0 11 0 11 0 0 0 0 0 11 
11 0 0 0 0 0 0 0 0 0 0 11 11 0 11 0 0 0 0 0 11 0 0 0 0 0 0 0 0 0 0 0 0 0 11 11 
11 0 0 0 0 11 11 0 11 0 11 0 0 11 11 0 11 0 0 11 11 0 0 0 0 0 0 11 0 0 0 0 0 11 0 11 
11 11 0 0 11 0 0 0 0 0 11 0 11 0 0 0 0 0 0 0 0 0 0 0 11 11 0 11 0 11 11 0 0 0 0 11 
11 0 0 0 11 0 0 0 0 0 11 0 0 0 0 0 0 11 0 11 0 0 0 11 11 11 11 0 0 0 0 0 0 0 0 11 
11 0 0 0 0 0 0 0 0 0 0 0 0 0 0 0 11 0 11 0 0 0 11 0 0 0 0 11 0 0 0 0 0 11 0 11 
11 0 0 0 0 0 0 0 0 0 0 0 0 11 0 0 11 0 0 0 0 0 11 0 0 15 0 11 0 0 0 0 0 0 11 11 
11 0 0 11 0 0 0 0 0 0 11 0 0 0 0 11 0 0 11 0 0 11 0 0 0 0 11 11 0 0 11 11 0 0 11 11 
11 11 0 0 0 0 0 0 0 0 0 0 0 11 0 0 11 11 0 0 11 11 0 0 0 0 11 11 0 0 0 0 11 0 0 11 
11 11 0 0 15 11 0 0 11 0 0 0 11 0 0 0 0 0 0 0 11 0 15 0 0 0 11 15 0 0 0 0 0 0 0 11 
11 0 11 11 0 0 0 11 0 0 0 0 0 0 0 0 0 0 0 11 0 0 0 0 0 11 0 0 0 0 0 0 0 11 0 11 
11 0 0 0 0 0 0 0 11 0 0 0 0 11 0 0 11 0 11 0 0 0 0 0 11 0 0 0 0 11 0 0 0 0 0 11 
11 0 0 0 0 11 0 0 0 0 0 0 11 0 0 0 0 0 0 11 0 0 11 0 0 0 11 0 0 11 0 0 0 11 0 11 
11 11 0 0 0 0 11 11 0 0 0 0 0 0 0 0 0 0 0 0 0 0 0 11 0 0 0 0 0 0 0 0 0 0 0 11 
11 0 0 0 0 11 0 0 0 0 11 0 0 0 0 0 0 0 0 0 0 0 0 0 0 0 11 0 0 0 0 0 0 11 11 11 
11 0 0 0 0 0 0 0 0 0 0 0 0 0 0 0 0 0 0 0 11 0 0 0 11 0 11 11 0 0 0 0 11 0 0 11 
11 0 0 0 11 0 0 0 0 0 0 0 0 11 0 11 0 0 0 0 0 0 0 15 0 0 0 11 0 11 0 0 0 0 0 11 
11 0 0 0 0 15 0 0 0 0 0 0 11 0 0 0 0 0 0 0 0 0 0 0 0 0 0 0 0 0 0 0 0 0 0 11 
11 0 0 0 0 0 0 0 11 0 0 0 0 11 0 0 0 0 0 0 11 11 0 0 0 0 15 0 0 11 0 0 0 0 0 11 
11 0 11 0 0 0 11 11 0 0 0 0 0 0 0 11 0 0 0 0 0 0 0 0 0 11 0 0 11 0 0 0 0 0 11 11 
11 0 0 0 15 0 0 11 11 11 0 0 0 11 0 0 0 0 0 0 0 0 0 0 11 0 0 0 0 0 11 0 0 0 0 11 
11 0 0 0 0 0 0 0 11 11 0 0 0 0 0 0 0 11 0 0 0 0 0 0 0 0 0 0 11 11 0 0 11 0 0 11 
11 0 11 11 0 0 0 11 11 0 0 0 0 0 0 0 0 0 0 0 0 0 0 0 0 0 0 0 0 11 0 11 0 0 11 11 
11 11 11 11 11 11 11 11 11 11 11 11 11 11 11 11 11 11 11 11 11 11 11 11 11 11 11 11 11 11 11 11 11 11 11 11 

14772
11 11 11 11 11 11 11 11 11 11 11 11 11 11 11 11 11 11 11 11 11 11 11 11 11 11 11 11 11 11 11 11 11 11 11 11 
11 0 0 0 11 0 0 0 0 0 0 0 0 11 0 0 0 0 0 0 11 0 0 0 0 0 11 0 0 0 11 0 0 11 0 11 
11 11 0 0 0 0 11 0 0 0 0 11 0 0 0 0 11 11 11 0 0 0 0 11 0 0 0 11 0 11 0 0 0 0 0 11 
11 0 0 0 0 0 0 0 0 0 0 11 11 0 11 0 0 0 0 0 11 0 0 0 0 0 0 0 0 0 0 0 0 0 11 11 
11 0 0 0 0 11 11 0 11 0 11 0 0 11 11 0 11 0 0 11 11 0 0 0 0 0 0 11 0 0 0 0 0 11 0 11 
11 11 0 0 11 0 0 0 0 0 11 0 11 0 0 0 0 0 0 0 0 0 0 0 11 11 0 11 0 11 11 0 0 0 0 11 
11 0 0 0 11 0 0 0 0 0 11 0 0 0 0 0 0 11 0 11 0 0 0 11 11 11 11 0 0 0 0 0 0 0 0 11 
11 0 0 0 0 0 0 0 0 0 0 0 0 0 0 0 11 0 11 0 0 0 11 0 0 0 0 11 0 0 0 0 0 11 0 11 
11 0 0 0 0 0 0 0 0 0 0 0 0 11 0 0 11 0 0 0 0 0 11 0 0 0 0 11 0 0 0 0 0 0 11 11 
11 0 0 11 0 0 0 0 0 0 11 0 0 0 0 11 0 0 11 0 0 11 0 0 0 0 11 11 0 0 11 11 0 0 11 11 
11 11 0 0 0 0 0 0 0 0 0 0 0 11 0 0 11 11 0 0 11 11 0 0 15 0 11 11 0 0 15 0 11 0 0 11 
11 11 0 0 0 11 0 0 11 0 0 0 11 0 0 0 0 0 0 15 11 0 0 0 0 0 11 0 0 0 0 0 0 0 0 11 
11 0 11 11 15 0 0 11 0 0 0 0 0 0 0 0 0 0 0 11 0 0 0 0 0 11 0 0 0 0 0 0 0 11 0 11 
11 0 0 0 0 0 0 0 11 0 0 0 0 11 0 0 11 0 11 0 0 0 0 0 11 0 0 0 0 11 0 0 0 0 0 11 
11 0 0 0 0 11 0 0 0 0 0 0 11 0 0 0 0 0 0 11 0 0 11 0 0 0 11 0 0 11 0 0 0 11 0 11 
11 11 0 0 0 0 11 11 0 0 0 0 0 0 0 0 0 0 0 0 0 0 0 11 0 0 0 0 0 0 0 0 0 0 0 11 
11 0 0 0 0 11 0 0 0 0 11 0 0 0 0 0 0 0 0 0 0 0 0 0 0 0 11 0 0 0 0 0 0 11 11 11 
11 0 0 0 0 0 0 0 0 0 0 0 0 0 0 0 0 0 0 0 11 0 0 0 11 0 11 11 0 0 0 0 11 0 0 11 
11 0 0 0 11 0 0 0 0 0 0 0 0 11 0 11 0 0 0 0 0 0 0 0 0 0 0 11 0 11 0 0 0 0 0 11 
11 0 0 0 0 15 0 0 0 15 0 0 11 0 0 0 0 0 0 0 0 0 0 0 15 0 15 0 0 0 0 0 0 0 0 11 
11 0 0 0 0 0 0 0 11 0 0 0 0 11 0 0 0 0 0 0 11 11 0 0 0 0 0 0 0 11 0 0 0 0 0 11 
11 0 11 0 0 0 11 11 0 0 0 0 0 0 0 11 0 0 0 0 0 0 0 0 0 11 0 0 11 0 0 0 0 0 11 11 
11 0 0 0 0 0 0 11 11 11 0 0 0 11 0 0 0 0 0 0 0 0 0 0 11 0 0 0 0 0 11 0 0 0 0 11 
11 0 0 0 0 0 0 0 11 11 0 0 0 0 0 0 0 11 0 0 0 0 0 0 0 0 0 0 11 11 0 0 11 0 0 11 
11 0 11 11 0 0 0 11 11 0 0 0 0 0 0 0 0 0 0 0 0 0 0 0 0 0 0 0 0 11 0 11 0 0 11 11 
11 11 11 11 11 11 11 11 11 11 11 11 11 11 11 11 11 11 11 11 11 11 11 11 11 11 11 11 11 11 11 11 11 11 11 11 

14772
11 11 11 11 11 11 11 11 11 11 11 11 11 11 11 11 11 11 11 11 11 11 11 11 11 11 11 11 11 11 11 11 11 11 11 11 
11 0 0 0 11 0 0 0 0 0 0 0 0 11 0 0 0 0 0 0 11 0 0 0 0 0 11 0 0 0 11 0 0 11 0 11 
11 11 0 0 0 0 11 0 0 0 0 11 0 0 0 0 11 11 11 0 0 0 0 11 0 0 0 11 0 11 0 0 0 0 0 11 
11 0 0 0 0 0 0 0 0 0 0 11 11 0 11 0 0 0 0 0 11 0 0 0 0 0 0 0 0 0 0 0 0 0 11 11 
11 0 0 0 0 11 11 0 11 0 11 0 0 11 11 0 11 0 0 11 11 0 0 0 0 0 0 11 0 0 0 0 0 11 0 11 
11 11 0 0 11 0 0 0 0 0 11 0 11 0 0 0 0 0 0 0 0 0 0 0 11 11 0 11 0 11 11 0 0 0 0 11 
11 0 0 0 11 0 0 0 0 0 11 0 0 0 0 0 0 11 0 11 0 0 0 11 11 11 11 0 0 0 0 0 0 0 0 11 
11 0 0 0 0 0 0 0 0 0 0 0 0 0 0 0 11 0 11 0 0 0 11 0 0 0 0 11 0 0 0 0 0 11 0 11 
11 0 0 0 0 0 0 0 0 0 0 0 0 11 0 0 11 0 0 0 0 0 11 0 0 0 0 11 0 0 0 0 0 0 11 11 
11 0 0 11 0 0 0 0 0 0 11 0 0 0 0 11 0 0 11 0 0 11 0 0 0 0 11 11 0 0 11 11 0 0 11 11 
11 11 0 0 0 0 0 0 0 0 0 0 0 11 0 0 11 11 0 0 11 11 0 0 15 0 11 11 0 0 15 0 11 0 0 11 
11 11 0 0 0 11 0 0 11 0 0 0 11 0 0 0 0 0 0 15 11 0 0 0 0 0 11 0 0 0 0 0 0 0 0 11 
11 0 11 11 15 0 0 11 0 0 0 0 0 0 0 0 0 0 0 11 0 0 0 0 0 11 0 0 0 0 0 0 0 11 0 11 
11 0 0 0 0 0 0 0 11 0 0 0 0 11 0 0 11 0 11 0 0 0 0 0 11 0 0 0 0 11 0 0 0 0 0 11 
11 0 0 0 0 11 0 0 0 0 0 0 11 0 0 0 0 0 0 11 0 0 11 0 0 0 11 0 0 11 0 0 0 11 0 11 
11 11 0 0 0 0 11 11 0 0 0 0 0 0 0 0 0 0 0 0 0 0 0 11 0 0 0 0 0 0 0 0 0 0 0 11 
11 0 0 0 0 11 0 0 0 0 11 0 0 0 0 0 0 0 0 0 0 0 0 0 0 0 11 0 0 0 0 0 0 11 11 11 
11 0 0 0 0 0 0 0 0 0 0 0 0 0 0 0 0 0 0 0 11 0 0 0 11 0 11 11 0 0 0 0 11 0 0 11 
11 0 0 0 11 0 0 0 0 0 0 0 0 11 0 11 0 0 0 0 0 0 0 0 0 0 0 11 0 11 0 0 0 0 0 11 
11 0 0 0 0 15 0 0 0 15 0 0 11 0 0 0 0 0 0 0 0 0 0 0 15 0 15 0 0 0 0 0 0 0 0 11 
11 0 0 0 0 0 0 0 11 0 0 0 0 11 0 0 0 0 0 0 11 11 0 0 0 0 0 0 0 11 0 0 0 0 0 11 
11 0 11 0 0 0 11 11 0 0 0 0 0 0 0 11 0 0 0 0 0 0 0 0 0 11 0 0 11 0 0 0 0 0 11 11 
11 0 0 0 0 0 0 11 11 11 0 0 0 11 0 0 0 0 0 0 0 0 0 0 11 0 0 0 0 0 11 0 0 0 0 11 
11 0 0 0 0 0 0 0 11 11 0 0 0 0 0 0 0 11 0 0 0 0 0 0 0 0 0 0 11 11 0 0 11 0 0 11 
11 0 11 11 0 0 0 11 11 0 0 0 0 0 0 0 0 0 0 0 0 0 0 0 0 0 0 0 0 11 0 11 0 0 11 11 
11 11 11 11 11 11 11 11 11 11 11 11 11 11 11 11 11 11 11 11 11 11 11 11 11 11 11 11 11 11 11 11 11 11 11 11 

14772
11 11 11 11 11 11 11 11 11 11 11 11 11 11 11 11 11 11 11 11 11 11 11 11 11 11 11 11 11 11 11 11 11 11 11 11 
11 0 0 0 11 0 0 0 0 0 0 0 0 11 0 0 0 0 0 0 11 0 0 0 0 0 11 0 0 0 11 0 0 11 0 11 
11 11 0 0 0 0 11 0 0 0 0 11 0 0 0 0 11 11 11 0 0 0 0 11 0 0 0 11 0 11 0 0 0 0 0 11 
11 0 0 0 0 0 0 0 0 0 0 11 11 0 11 0 0 0 0 0 11 0 0 0 0 0 0 0 0 0 0 0 0 0 11 11 
11 0 0 0 0 11 11 0 11 0 11 0 0 11 11 0 11 0 0 11 11 0 0 0 0 0 0 11 0 0 0 0 0 11 0 11 
11 11 0 0 11 0 0 0 0 0 11 0 11 0 0 0 0 0 0 0 0 0 0 0 11 11 0 11 0 11 11 0 0 0 0 11 
11 0 0 0 11 0 0 0 0 0 11 0 0 0 0 0 0 11 0 11 0 0 0 11 11 11 11 0 0 0 0 0 0 0 0 11 
11 0 0 0 0 0 0 0 0 0 0 0 0 0 0 0 11 0 11 0 0 0 11 0 0 0 0 11 0 0 0 0 0 11 0 11 
11 0 0 0 0 0 0 0 0 0 0 0 0 11 0 0 11 0 0 0 0 0 11 0 0 0 0 11 0 0 0 0 0 0 11 11 
11 0 0 11 0 0 0 0 0 0 11 0 0 0 0 11 0 0 11 0 0 11 0 0 0 0 11 11 0 0 11 11 0 0 11 11 
11 11 0 0 0 0 0 0 0 0 0 0 0 11 0 0 11 11 0 0 11 11 0 0 15 0 11 11 0 0 15 0 11 0 0 11 
11 11 0 0 0 11 0 0 11 0 0 0 11 0 0 0 0 0 0 15 11 0 0 0 0 0 11 0 0 0 0 0 0 0 0 11 
11 0 11 11 15 0 0 11 0 0 0 0 0 0 0 0 0 0 0 11 0 0 0 0 0 11 0 0 0 0 0 0 0 11 0 11 
11 0 0 0 0 0 0 0 11 0 0 0 0 11 0 0 11 0 11 0 0 0 0 0 11 0 0 0 0 11 0 0 0 0 0 11 
11 0 0 0 0 11 0 0 0 0 0 0 11 0 0 0 0 0 0 11 0 0 11 0 0 0 11 0 0 11 0 0 0 11 0 11 
11 11 0 0 0 0 11 11 0 0 0 0 0 0 0 0 0 0 0 0 0 0 0 11 0 0 0 0 0 0 0 0 0 0 0 11 
11 0 0 0 0 11 0 0 0 0 11 0 0 0 0 0 0 0 0 0 0 0 0 0 0 0 11 0 0 0 0 0 0 11 11 11 
11 0 0 0 0 0 0 0 0 0 0 0 0 0 0 0 0 0 0 0 11 0 0 0 11 0 11 11 0 0 0 0 11 0 0 11 
11 0 0 0 11 0 0 0 0 0 0 0 0 11 0 11 0 0 0 0 0 0 0 0 0 0 0 11 0 11 0 0 0 0 0 11 
11 0 0 0 0 15 0 0 0 15 0 0 11 0 0 0 0 0 0 0 0 0 0 0 15 0 15 0 0 0 0 0 0 0 0 11 
11 0 0 0 0 0 0 0 11 0 0 0 0 11 0 0 0 0 0 0 11 11 0 0 0 0 0 0 0 11 0 0 0 0 0 11 
11 0 11 0 0 0 11 11 0 0 0 0 0 0 0 11 0 0 0 0 0 0 0 0 0 11 0 0 11 0 0 0 0 0 11 11 
11 0 0 0 0 0 0 11 11 11 0 0 0 11 0 0 0 0 0 0 0 0 0 0 11 0 0 0 0 0 11 0 0 0 0 11 
11 0 0 0 0 0 0 0 11 11 0 0 0 0 0 0 0 11 0 0 0 0 0 0 0 0 0 0 11 11 0 0 11 0 0 11 
11 0 11 11 0 0 0 11 11 0 0 0 0 0 0 0 0 0 0 0 0 0 0 0 0 0 0 0 0 11 0 11 0 0 11 11 
11 11 11 11 11 11 11 11 11 11 11 11 11 11 11 11 11 11 11 11 11 11 11 11 11 11 11 11 11 11 11 11 11 11 11 11 

14738
11 11 11 11 11 11 11 11 11 11 11 11 11 11 11 11 11 11 11 11 11 11 11 11 11 11 11 11 11 11 11 11 11 11 11 11 
11 0 0 0 11 0 0 0 0 0 0 0 0 11 0 0 0 0 0 0 11 0 0 0 0 0 11 0 0 0 11 0 0 11 0 11 
11 11 0 0 0 0 11 0 0 0 0 11 0 0 0 0 11 11 11 0 0 0 0 11 0 0 0 11 0 11 0 0 0 0 0 11 
11 0 0 0 0 0 0 0 0 0 0 11 11 0 11 0 0 0 0 0 11 0 0 0 0 0 0 0 0 0 0 0 0 0 11 11 
11 0 0 0 0 11 11 0 11 0 11 0 0 11 11 0 11 0 0 11 11 0 0 0 0 0 0 11 0 0 0 0 0 11 0 11 
11 11 0 0 11 0 0 0 0 0 11 0 11 0 0 0 0 15 0 0 0 0 0 0 11 11 15 11 0 11 11 0 0 0 0 11 
11 0 0 0 11 0 0 0 0 0 11 0 0 0 0 0 0 11 0 11 0 0 0 11 11 11 11 0 0 0 0 0 0 0 0 11 
11 0 0 0 0 0 0 0 0 0 0 0 0 0 0 0 11 0 11 0 0 0 11 0 0 0 0 11 0 0 0 0 0 11 0 11 
11 0 0 0 0 0 0 0 0 0 0 0 0 11 0 0 11 0 0 0 0 0 11 0 0 0 0 11 0 0 0 0 0 0 11 11 
11 0 0 11 0 0 0 0 0 0 11 0 0 0 0 11 0 0 11 0 0 11 0 0 0 0 11 11 0 0 11 11 0 0 11 11 
11 11 0 0 0 0 0 0 0 0 0 0 0 11 0 0 11 11 0 0 11 11 0 0 0 0 11 11 0 0 0 0 11 0 0 11 
11 11 0 0 0 11 0 0 11 0 0 0 11 0 0 0 0 0 0 0 11 0 0 0 0 0 11 0 0 0 0 0 0 0 0 11 
11 0 11 11 15 0 0 11 0 0 0 0 0 0 0 0 0 0 0 11 0 0 0 0 0 11 0 0 0 15 0 0 0 11 0 11 
11 0 0 0 0 0 0 0 11 0 0 0 0 11 0 0 11 0 11 0 0 0 0 0 11 0 0 0 0 11 0 0 0 0 0 11 
11 0 0 0 0 11 0 0 0 0 0 0 11 0 0 0 0 0 0 11 0 0 11 0 0 0 11 0 0 11 0 0 0 11 0 11 
11 11 0 0 0 0 11 11 0 0 0 0 0 0 0 0 0 0 0 0 0 0 0 11 0 0 0 0 0 0 0 0 0 0 0 11 
11 0 0 0 0 11 0 0 0 0 11 0 0 0 0 0 0 0 0 0 0 0 0 0 0 0 11 0 0 0 0 0 0 11 11 11 
11 0 0 0 15 0 0 0 0 0 0 0 0 0 0 0 0 0 0 0 11 0 0 15 11 0 11 11 0 0 0 0 11 0 0 11 
11 0 0 0 11 0 0 0 0 0 0 0 0 11 0 11 0 0 0 0 0 0 0 0 0 0 15 11 0 11 0 0 0 0 0 11 
11 0 0 0 0 0 0 0 0 0 0 0 11 0 0 0 0 0 0 0 0 0 0 0 0 0 15 0 0 0 0 0 0 0 0 11 
11 0 0 0 0 0 0 0 11 0 0 0 0 11 0 0 0 0 0 0 11 11 0 0 0 0 0 0 0 11 0 0 0 0 0 11 
11 0 11 0 0 0 11 11 0 0 0 0 0 0 0 11 0 0 0 0 0 0 0 0 0 11 0 0 11 0 0 0 0 0 11 11 
11 0 0 0 0 0 0 11 11 11 0 0 0 11 0 0 0 0 0 0 0 0 0 0 11 0 0 0 0 0 11 0 0 0 0 11 
11 0 0 15 0 0 0 0 11 11 0 0 0 0 0 0 0 11 0 0 0 0 0 0 0 0 0 0 11 11 0 0 11 0 0 11 
11 0 11 11 0 0 0 11 11 0 0 0 0 0 0 0 0 0 0 0 0 0 0 0 0 0 0 0 0 11 0 11 0 0 11 11 
11 11 11 11 11 11 11 11 11 11 11 11 11 11 11 11 11 11 11 11 11 11 11 11 11 11 11 11 11 11 11 11 11 11 11 11 

14810
11 11 11 11 11 11 11 11 11 11 11 11 11 11 11 11 11 11 11 11 11 11 11 11 11 11 11 11 11 11 11 11 11 11 11 11 
11 0 11 0 11 0 0 0 0 0 0 0 0 11 0 0 11 0 0 0 11 0 0 0 0 0 11 0 0 0 11 0 0 11 0 11 
11 11 0 0 0 0 11 0 0 0 0 11 0 0 0 0 11 11 11 0 0 0 0 11 0 0 0 11 0 11 0 0 0 0 0 11 
11 0 0 0 0 0 0 0 0 0 0 11 11 0 11 0 0 0 0 0 11 0 0 0 0 0 0 0 0 0 0 0 0 0 0 11 
11 0 0 0 0 11 11 0 11 0 11 0 0 11 11 0 11 0 0 11 11 0 0 0 0 0 0 11 0 0 0 0 0 11 0 11 
11 11 0 0 11 0 0 0 0 0 11 0 11 0 0 0 0 0 0 0 0 0 0 0 11 11 0 11 0 11 11 0 0 0 0 11 
11 0 0 0 11 0 0 0 0 0 11 0 0 0 0 0 0 11 0 11 0 0 0 11 11 11 11 0 0 0 0 0 0 0 0 11 
11 0 0 0 0 0 0 0 0 0 0 0 0 0 0 0 11 0 11 0 0 0 11 0 0 0 0 11 0 0 0 0 0 11 0 11 
11 0 0 0 0 0 0 0 0 0 0 0 0 11 0 0 11 0 0 0 0 0 11 15 0 0 0 11 0 0 0 0 0 0 11 11 
11 0 0 0 0 0 0 0 0 0 11 0 0 0 0 11 0 0 11 0 0 11 0 0 0 0 11 11 0 0 11 11 0 0 11 11 
11 11 0 0 0 0 0 0 0 0 0 0 0 11 0 0 11 11 0 0 11 11 0 0 0 0 11 11 0 0 0 11 11 0 0 11 
11 11 0 0 0 11 0 0 11 0 0 0 11 0 0 0 0 0 0 0 11 0 0 15 0 0 11 0 0 0 0 0 0 0 0 11 
11 15 11 11 0 0 0 11 0 0 0 0 0 0 0 0 0 0 0 11 0 0 0 0 0 11 0 0 0 0 0 0 15 11 0 11 
11 0 0 0 0 0 0 0 11 0 0 0 0 11 0 0 11 0 0 0 0 0 0 0 11 0 0 0 0 11 0 0 0 0 0 11 
11 11 0 0 0 11 0 0 0 0 0 0 11 0 0 0 0 0 0 11 0 0 11 0 0 0 0 0 0 11 0 0 0 0 0 11 
11 11 0 0 0 0 11 11 0 0 0 0 0 0 0 0 0 0 0 0 0 0 0 11 0 0 0 0 0 0 0 0 0 0 0 11 
11 0 0 0 0 11 11 15 0 0 11 0 0 0 0 0 0 0 0 11 0 0 0 0 0 0 11 0 0 0 0 0 0 11 11 11 
11 0 0 0 0 0 0 0 0 0 0 0 0 0 0 0 0 0 0 0 11 0 0 0 11 0 11 0 0 0 0 0 11 0 0 11 
11 0 0 0 11 0 0 0 0 0 0 0 0 11 0 11 0 0 0 0 0 11 0 15 15 0 0 0 0 11 0 0 0 0 0 11 
11 0 0 0 0 0 0 0 15 0 0 0 11 0 0 0 0 0 0 0 0 0 0 0 0 0 0 0 0 0 0 0 0 11 0 11 
11 0 0 0 0 0 0 0 11 0 0 0 0 11 0 0 0 0 0 0 11 0 0 0 0 0 0 0 0 11 0 0 0 0 0 11 
11 0 11 0 0 0 11 11 0 0 0 0 0 0 0 11 0 0 0 0 0 0 0 0 0 11 0 0 11 0 0 0 0 0 11 11 
11 0 0 0 0 0 0 11 11 11 0 0 0 11 0 0 0 0 0 0 0 0 0 0 11 0 0 0 0 0 11 0 0 0 0 11 
11 0 0 0 0 0 0 0 11 11 0 0 0 0 0 0 0 11 0 0 0 0 0 0 0 0 0 0 11 11 0 0 11 0 0 11 
11 0 11 11 0 0 0 11 11 0 0 0 0 0 0 0 0 0 0 0 0 0 0 0 0 0 0 0 0 11 0 11 0 0 11 11 
11 11 11 11 11 11 11 11 11 11 11 11 11 11 11 11 11 11 11 11 11 11 11 11 11 11 11 11 11 11 11 11 11 11 11 11 

14809
11 11 11 11 11 11 11 11 11 11 11 11 11 11 11 11 11 11 11 11 11 11 11 11 11 11 11 11 11 11 11 11 11 11 11 11 
11 0 11 0 11 0 0 0 0 0 0 0 0 11 0 0 11 0 0 0 11 0 0 0 0 0 11 0 0 0 11 0 0 11 0 11 
11 11 0 0 0 0 11 0 0 0 0 11 0 0 0 0 11 11 11 0 0 0 0 11 0 0 0 11 0 11 0 0 0 0 0 11 
11 0 0 0 0 0 0 0 0 0 0 11 11 0 11 0 0 0 0 0 11 0 0 0 0 0 0 0 0 0 0 0 0 0 0 11 
11 0 0 0 0 11 11 0 11 0 11 0 0 11 11 0 11 0 0 11 11 0 0 0 0 0 0 11 0 0 0 0 0 11 0 11 
11 11 0 0 11 0 0 0 0 0 11 0 11 0 0 0 0 0 0 0 0 0 0 0 11 11 15 11 0 11 11 0 0 0 0 11 
11 0 0 0 11 0 0 0 0 0 11 0 0 0 0 0 0 11 0 11 0 0 0 11 11 11 11 0 0 0 0 0 0 0 0 11 
11 0 0 0 0 0 0 0 0 0 0 0 0 0 0 0 11 0 11 0 0 0 11 0 0 0 0 11 0 0 0 0 0 11 0 11 
11 0 0 0 0 0 0 0 0 0 0 0 0 11 0 0 11 0 0 0 0 0 11 0 0 0 0 11 0 0 0 0 0 0 11 11 
11 0 0 0 0 0 0 0 0 0 11 0 0 0 0 11 0 0 11 15 0 11 0 0 0 0 11 11 0 0 11 11 0 0 11 11 
11 11 0 0 0 0 0 0 0 0 0 0 0 11 0 0 11 11 0 0 11 11 0 0 0 0 11 11 0 0 0 11 11 0 0 11 
11 11 0 0 0 11 0 0 11 0 0 0 11 0 0 0 0 0 0 0 11 0 0 0 0 0 11 0 0 0 0 0 0 0 0 11 
11 0 11 11 0 15 0 11 0 0 0 0 0 0 0 0 0 0 0 11 0 0 0 0 0 11 0 0 0 0 0 0 0 11 0 11 
11 0 0 0 0 0 0 0 11 0 0 0 0 11 0 0 11 0 0 0 0 0 0 0 11 0 0 0 0 11 0 0 0 15 0 11 
11 11 0 0 0 11 0 0 0 0 0 0 11 0 0 0 0 0 0 11 0 0 11 0 0 0 0 0 0 11 0 0 0 0 0 11 
11 11 0 0 0 0 11 11 0 0 0 0 0 0 0 0 0 0 0 0 0 0 0 11 0 0 0 0 0 0 0 0 0 0 0 11 
11 0 0 0 0 11 11 0 0 0 11 0 0 0 0 0 0 0 0 11 0 0 0 0 0 0 11 0 0 0 0 0 0 11 11 11 
11 0 0 0 0 0 15 0 0 0 0 0 0 0 0 0 0 0 0 0 11 0 0 0 11 0 11 0 0 0 0 0 11 0 0 11 
11 0 0 0 11 0 0 0 0 0 0 0 0 11 0 11 0 0 0 0 0 11 0 15 0 0 0 0 0 11 0 0 0 0 0 11 
11 0 0 0 0 0 0 0 0 0 0 0 11 0 0 0 0 0 0 0 0 0 0 15 0 0 0 0 0 0 0 0 0 11 0 11 
11 0 0 0 0 12 0 0 11 0 0 0 0 11 0 0 0 0 0 0 11 0 0 0 0 0 0 0 0 11 0 0 0 0 0 11 
11 0 11 0 12 0 11 11 0 0 0 0 0 0 0 11 0 0 0 0 0 0 0 0 0 11 0 0 11 0 0 0 0 0 11 11 
11 0 0 0 0 0 0 11 11 11 0 0 0 11 0 0 0 0 0 0 0 0 0 0 11 0 0 0 0 0 11 0 0 0 0 11 
11 0 0 0 0 0 0 0 11 11 0 0 0 0 0 0 0 11 0 0 0 0 0 0 0 0 0 0 11 11 0 0 11 0 0 11 
11 0 11 11 0 0 0 11 11 0 0 0 0 0 0 0 0 0 0 0 0 0 0 0 0 0 0 0 0 11 0 11 0 0 11 11 
11 11 11 11 11 11 11 11 11 11 11 11 11 11 11 11 11 11 11 11 11 11 11 11 11 11 11 11 11 11 11 11 11 11 11 11 

14809
11 11 11 11 11 11 11 11 11 11 11 11 11 11 11 11 11 11 11 11 11 11 11 11 11 11 11 11 11 11 11 11 11 11 11 11 
11 0 11 0 11 0 0 0 0 0 0 0 0 11 0 0 11 0 0 0 11 0 0 0 0 0 11 0 0 0 11 0 0 11 0 11 
11 11 0 0 0 0 11 0 0 0 0 11 0 0 0 0 11 11 11 0 0 0 0 11 0 0 0 11 0 11 0 0 0 0 0 11 
11 0 0 0 0 0 0 0 0 0 0 11 11 0 11 0 0 0 0 0 11 0 0 0 0 0 0 0 0 0 0 0 0 0 0 11 
11 0 0 0 0 11 11 0 11 0 11 0 0 11 11 0 11 0 0 11 11 0 0 0 0 0 0 11 0 0 0 0 0 11 0 11 
11 11 0 0 11 0 0 0 0 0 11 0 11 0 0 0 0 0 0 0 0 0 0 0 11 11 15 11 0 11 11 0 0 0 0 11 
11 0 0 0 11 0 0 0 0 0 11 0 0 0 0 0 0 11 0 11 0 0 0 11 11 11 11 0 0 0 0 0 0 0 0 11 
11 0 0 0 0 0 0 0 0 0 0 0 0 0 0 0 11 0 11 0 0 0 11 0 0 0 0 11 0 0 0 0 0 11 0 11 
11 0 0 0 0 0 0 0 0 0 0 0 0 11 0 0 11 0 0 0 0 0 11 0 0 0 0 11 0 0 0 0 0 0 11 11 
11 0 0 0 0 0 0 0 0 0 11 0 0 0 0 11 0 0 11 15 0 11 0 0 0 0 11 11 0 0 11 11 0 0 11 11 
11 11 0 0 0 0 0 0 0 0 0 0 0 11 0 0 11 11 0 0 11 11 0 0 0 0 11 11 0 0 0 11 11 0 0 11 
11 11 0 0 0 11 0 0 11 0 0 0 11 0 0 0 0 0 0 0 11 0 0 0 0 0 11 0 0 0 0 0 0 0 0 11 
11 0 11 11 0 15 0 11 0 0 0 0 0 0 0 0 0 0 0 11 0 0 0 0 0 11 0 0 0 0 0 0 0 11 0 11 
11 0 0 0 0 0 0 0 11 0 0 0 0 11 0 0 11 0 0 0 0 0 0 0 11 0 0 0 0 11 0 0 0 15 0 11 
11 11 0 0 0 11 0 0 0 0 0 0 11 0 0 0 0 0 0 11 0 0 11 0 0 0 0 0 0 11 0 0 0 0 0 11 
11 11 0 0 0 0 11 11 0 0 0 0 0 0 0 0 0 0 0 0 0 0 0 11 0 0 0 0 0 0 0 0 0 0 0 11 
11 0 0 0 0 11 11 0 0 0 11 0 0 0 0 0 0 0 0 11 0 0 0 0 0 0 11 0 0 0 0 0 0 11 11 11 
11 0 0 0 0 0 15 0 0 0 0 0 0 0 0 0 0 0 0 0 11 0 0 0 11 0 11 0 0 0 0 0 11 0 0 11 
11 0 0 0 11 0 0 0 0 0 0 0 0 11 0 11 0 0 0 0 0 11 0 15 0 0 0 0 0 11 0 0 0 0 0 11 
11 0 0 0 0 0 0 0 0 0 0 0 11 0 0 0 0 0 0 0 0 0 0 15 0 0 0 0 0 0 0 0 0 11 0 11 
11 0 0 0 0 12 0 0 11 0 0 0 0 11 0 0 0 0 0 0 11 0 0 0 0 0 0 0 0 11 0 0 0 0 0 11 
11 0 11 0 12 0 11 11 0 0 0 0 0 0 0 11 0 0 0 0 0 0 0 0 0 11 0 0 11 0 0 0 0 0 11 11 
11 0 0 0 0 0 0 11 11 11 0 0 0 11 0 0 0 0 0 0 0 0 0 0 11 0 0 0 0 0 11 0 0 0 0 11 
11 0 0 0 0 0 0 0 11 11 0 0 0 0 0 0 0 11 0 0 0 0 0 0 0 0 0 0 11 11 0 0 11 0 0 11 
11 0 11 11 0 0 0 11 11 0 0 0 0 0 0 0 0 0 0 0 0 0 0 0 0 0 0 0 0 11 0 11 0 0 11 11 
11 11 11 11 11 11 11 11 11 11 11 11 11 11 11 11 11 11 11 11 11 11 11 11 11 11 11 11 11 11 11 11 11 11 11 11 

14809
11 11 11 11 11 11 11 11 11 11 11 11 11 11 11 11 11 11 11 11 11 11 11 11 11 11 11 11 11 11 11 11 11 11 11 11 
11 0 11 0 11 0 0 0 0 0 0 0 0 11 0 0 11 0 0 0 11 0 0 0 0 0 11 0 0 0 11 0 0 11 0 11 
11 11 0 0 0 0 11 0 0 0 0 11 0 0 0 0 11 11 11 0 0 0 0 11 0 0 0 11 0 11 0 0 0 0 0 11 
11 0 0 0 0 0 0 0 0 0 0 11 11 0 11 0 0 0 0 0 11 0 0 0 0 0 0 0 0 0 0 0 0 0 0 11 
11 0 0 0 0 11 11 0 11 0 11 0 0 11 11 0 11 0 0 11 11 0 0 0 0 0 0 11 0 0 0 0 0 11 0 11 
11 11 0 0 11 0 0 0 0 0 11 0 11 0 0 0 0 0 0 0 0 0 0 0 11 11 15 11 0 11 11 0 0 0 0 11 
11 0 0 0 11 0 0 0 0 0 11 0 0 0 0 0 0 11 0 11 0 0 0 11 11 11 11 0 0 0 0 0 0 0 0 11 
11 0 0 0 0 0 0 0 0 0 0 0 0 0 0 0 11 0 11 0 0 0 11 0 0 0 0 11 0 0 0 0 0 11 0 11 
11 0 0 0 0 0 0 0 0 0 0 0 0 11 0 0 11 0 0 0 0 0 11 0 0 0 0 11 0 0 0 0 0 0 11 11 
11 0 0 0 0 0 0 0 0 0 11 0 0 0 0 11 0 0 11 15 0 11 0 0 0 0 11 11 0 0 11 11 0 0 11 11 
11 11 0 0 0 0 0 0 0 0 0 0 0 11 0 0 11 11 0 0 11 11 0 0 0 0 11 11 0 0 0 11 11 0 0 11 
11 11 0 0 0 11 0 0 11 0 0 0 11 0 0 0 0 0 0 0 11 0 0 0 0 0 11 0 0 0 0 0 0 0 0 11 
11 0 11 11 0 15 0 11 0 0 0 0 0 0 0 0 0 0 0 11 0 0 0 0 0 11 0 0 0 0 0 0 0 11 0 11 
11 0 0 0 0 0 0 0 11 0 0 0 0 11 0 0 11 0 0 0 0 0 0 0 11 0 0 0 0 11 0 0 0 15 0 11 
11 11 0 0 0 11 0 0 0 0 0 0 11 0 0 0 0 0 0 11 0 0 11 0 0 0 0 0 0 11 0 0 0 0 0 11 
11 11 0 0 0 0 11 11 0 0 0 0 0 0 0 0 0 0 0 0 0 0 0 11 0 0 0 0 0 0 0 0 0 0 0 11 
11 0 0 0 0 11 11 0 0 0 11 0 0 0 0 0 0 0 0 11 0 0 0 0 0 0 11 0 0 0 0 0 0 11 11 11 
11 0 0 0 0 0 15 0 0 0 0 0 0 0 0 0 0 0 0 0 11 0 0 0 11 0 11 0 0 0 0 0 11 0 0 11 
11 0 0 0 11 0 0 0 0 0 0 0 0 11 0 11 0 0 0 0 0 11 0 15 0 0 0 0 0 11 0 0 0 0 0 11 
11 0 0 0 0 0 0 0 0 0 0 0 11 0 0 0 0 0 0 0 0 0 0 15 0 0 0 0 0 0 0 0 0 11 0 11 
11 0 0 0 0 12 0 0 11 0 0 0 0 11 0 0 0 0 0 0 11 0 0 0 0 0 0 0 0 11 0 0 0 0 0 11 
11 0 11 0 12 0 11 11 0 0 0 0 0 0 0 11 0 0 0 0 0 0 0 0 0 11 0 0 11 0 0 0 0 0 11 11 
11 0 0 0 0 0 0 11 11 11 0 0 0 11 0 0 0 0 0 0 0 0 0 0 11 0 0 0 0 0 11 0 0 0 0 11 
11 0 0 0 0 0 0 0 11 11 0 0 0 0 0 0 0 11 0 0 0 0 0 0 0 0 0 0 11 11 0 0 11 0 0 11 
11 0 11 11 0 0 0 11 11 0 0 0 0 0 0 0 0 0 0 0 0 0 0 0 0 0 0 0 0 11 0 11 0 0 11 11 
11 11 11 11 11 11 11 11 11 11 11 11 11 11 11 11 11 11 11 11 11 11 11 11 11 11 11 11 11 11 11 11 11 11 11 11 

14765
11 11 11 11 11 11 11 11 11 11 11 11 11 11 11 11 11 11 11 11 11 11 11 11 11 11 11 11 11 11 11 11 11 11 11 11 
11 0 11 0 11 0 0 0 0 0 0 0 0 11 0 0 11 0 0 0 11 0 0 0 0 0 11 0 0 0 11 0 0 11 0 11 
11 11 0 0 0 0 11 0 0 0 0 11 0 0 0 0 11 11 11 0 0 0 0 11 0 0 0 11 0 11 0 0 0 0 0 11 
11 0 0 0 0 0 0 0 0 0 0 11 11 0 11 0 0 0 0 0 11 0 0 0 0 0 0 0 0 0 0 0 0 0 0 11 
11 0 0 0 0 11 11 0 11 0 11 0 0 11 11 0 11 0 0 11 11 0 0 0 0 0 0 11 0 0 0 0 0 11 0 11 
11 11 0 0 11 0 0 0 0 0 11 0 11 0 0 0 0 0 0 0 0 0 0 0 11 11 0 11 0 11 11 0 0 0 0 11 
11 0 0 0 11 0 0 0 0 0 11 0 0 0 0 0 0 11 0 11 0 0 0 11 11 11 11 0 0 0 0 0 0 0 0 11 
11 0 0 0 0 0 0 0 0 0 0 0 0 0 0 0 11 0 11 0 0 0 11 0 0 0 0 11 0 0 0 0 0 11 0 11 
11 0 0 0 0 0 0 0 0 0 0 0 0 11 0 0 11 0 0 0 0 0 11 0 0 0 0 11 0 0 0 0 0 0 11 11 
11 0 0 0 0 0 0 0 0 0 11 0 0 0 0 11 0 0 11 0 0 11 0 0 0 0 11 11 0 0 11 11 0 0 11 11 
11 11 0 0 0 0 0 0 0 0 0 0 0 11 0 0 11 11 0 0 11 11 0 0 0 0 11 11 0 0 0 11 11 0 0 11 
11 11 0 0 0 11 0 0 11 0 0 0 11 0 0 0 0 0 0 0 11 14 0 15 0 0 11 0 0 0 0 0 0 0 0 11 
11 0 11 11 15 0 0 11 0 0 0 0 0 0 0 0 0 0 0 11 0 0 0 0 0 11 0 0 0 0 0 0 0 11 0 11 
11 0 0 0 0 0 0 0 11 0 0 0 0 11 0 0 11 0 0 0 0 0 0 0 11 0 0 0 15 11 0 0 13 0 0 11 
11 11 0 0 0 11 0 0 0 0 0 0 11 0 0 0 0 0 0 11 0 0 11 0 0 0 0 0 0 11 0 0 0 0 0 11 
11 11 0 0 0 0 11 11 0 0 0 0 0 0 0 0 0 0 0 0 0 0 0 11 0 0 0 0 0 0 0 0 0 0 0 11 
11 0 0 0 0 11 11 0 0 0 11 0 0 0 0 0 0 0 0 11 0 0 0 0 0 0 11 0 0 0 0 0 0 11 11 11 
11 0 0 0 0 0 0 0 0 0 0 0 0 0 0 0 0 0 0 0 11 0 0 0 11 0 11 0 0 0 0 0 11 0 0 11 
11 0 0 0 11 0 0 0 0 0 0 0 0 11 0 11 0 0 0 0 0 11 0 15 0 0 0 0 0 11 0 0 0 0 0 11 
11 0 0 0 0 0 0 0 0 0 0 0 11 0 0 0 0 0 0 0 0 0 15 0 0 0 0 0 0 0 0 0 0 11 0 11 
11 0 0 0 0 0 0 0 11 0 0 0 0 11 0 0 0 0 0 0 11 0 0 0 0 0 0 0 0 11 0 0 0 0 0 11 
11 0 11 0 15 0 11 11 0 0 0 0 0 0 0 11 0 0 0 0 0 0 0 0 0 11 0 0 11 0 0 0 0 0 11 11 
11 0 0 0 0 0 12 11 11 11 0 0 0 11 0 0 0 0 0 0 0 0 0 0 11 0 0 0 0 0 11 0 0 0 0 11 
11 0 0 0 11 0 0 0 11 11 0 0 0 0 0 0 0 11 0 0 0 0 0 0 0 0 0 0 11 11 0 0 11 0 0 11 
11 0 11 11 0 0 0 11 11 0 0 0 0 0 0 0 0 0 0 0 0 0 0 0 0 0 0 0 0 11 0 11 0 0 11 11 
11 11 11 11 11 11 11 11 11 11 11 11 11 11 11 11 11 11 11 11 11 11 11 11 11 11 11 11 11 11 11 11 11 11 11 11 

14810
11 11 11 11 11 11 11 11 11 11 11 11 11 11 11 11 11 11 11 11 11 11 11 11 11 11 11 11 11 11 11 11 11 11 11 11 
11 0 0 0 11 0 0 0 0 0 0 0 0 11 0 0 11 0 0 0 11 0 0 0 0 0 11 0 0 0 11 0 0 11 0 11 
11 11 0 0 0 0 11 0 0 0 0 11 0 0 0 0 11 11 11 0 0 0 0 11 0 0 0 11 0 11 0 0 0 0 0 11 
11 0 0 0 0 0 0 0 0 0 0 11 11 0 11 0 0 0 0 0 11 0 0 0 0 0 0 0 0 0 0 0 0 0 0 11 
11 0 0 0 0 11 11 0 11 0 11 0 0 11 11 0 11 0 0 11 11 0 0 0 0 0 0 0 0 0 0 0 0 11 0 11 
11 11 0 0 11 0 0 0 0 0 11 0 11 0 0 0 0 0 0 0 0 0 0 0 11 11 0 11 0 11 11 0 11 0 0 11 
11 0 0 0 11 0 0 0 0 0 11 0 0 0 0 0 0 11 0 11 0 0 0 11 11 11 11 0 0 0 0 0 0 0 0 11 
11 0 0 0 0 0 0 0 0 0 0 0 0 0 0 0 11 0 11 0 0 0 11 0 0 0 0 11 0 0 0 0 0 11 0 11 
11 0 0 0 0 0 0 0 0 0 0 0 0 11 0 0 11 0 0 0 0 0 11 0 0 15 0 11 0 0 0 0 0 0 11 11 
11 0 0 0 0 0 0 0 0 11 11 0 0 0 0 11 0 0 11 0 0 11 0 0 0 0 11 11 0 0 11 11 0 0 11 11 
11 11 0 0 0 0 0 0 0 0 0 0 0 11 0 0 11 11 0 0 11 11 0 0 0 0 11 11 0 0 0 11 11 0 0 11 
11 11 0 0 15 11 0 0 11 0 0 0 11 0 0 0 0 0 0 0 11 0 15 0 0 0 11 15 0 0 0 0 0 0 0 11 
11 0 11 11 0 0 0 11 0 0 0 0 0 0 0 0 0 0 0 11 0 0 0 0 0 11 0 0 0 0 0 0 0 11 0 11 
11 0 0 0 0 0 0 0 11 0 0 0 0 11 0 0 11 0 0 0 0 0 0 0 11 0 0 0 0 11 0 0 0 0 0 11 
11 11 0 0 0 11 0 0 0 0 0 0 11 0 0 0 0 0 0 11 0 0 11 0 0 0 0 0 0 11 0 0 0 11 0 11 
11 11 0 0 0 0 11 11 0 0 0 0 0 0 0 0 0 0 0 0 0 0 0 11 0 0 0 0 0 0 0 0 0 0 0 11 
11 0 0 0 0 11 11 0 0 0 11 0 0 0 0 0 0 0 0 11 0 0 0 0 0 0 11 0 0 0 0 0 0 11 11 11 
11 0 0 0 0 0 0 0 0 0 0 0 0 0 0 0 0 0 0 0 0 0 0 0 11 0 11 0 0 0 0 0 11 0 0 11 
11 0 0 0 11 0 0 0 0 0 0 0 0 11 0 11 0 0 0 0 11 0 0 15 0 0 0 11 0 11 0 0 0 0 0 11 
11 0 0 0 0 15 0 0 0 0 0 0 0 0 0 0 0 0 0 0 0 0 0 0 15 0 0 0 0 0 0 0 0 11 0 11 
11 0 0 0 0 0 11 0 11 0 0 0 0 11 0 0 0 0 0 0 11 0 0 0 0 0 0 0 0 11 0 0 0 0 0 11 
11 0 11 0 0 0 11 11 0 0 0 0 0 0 0 11 0 0 0 0 0 0 0 0 0 11 0 0 11 0 0 0 0 0 11 11 
11 0 0 0 0 0 0 11 11 11 0 0 0 11 0 0 0 0 0 0 0 0 0 0 11 0 0 0 0 0 11 0 0 0 0 11 
11 0 0 0 0 0 0 0 11 11 0 0 0 0 0 0 0 11 0 0 0 0 0 0 0 0 0 0 11 11 0 0 11 0 0 11 
11 0 0 11 13 0 0 11 11 0 0 0 0 0 0 0 0 0 0 0 0 0 0 0 0 0 0 0 0 11 0 11 0 0 11 11 
11 11 11 11 11 11 11 11 11 11 11 11 11 11 11 11 11 11 11 11 11 11 11 11 11 11 11 11 11 11 11 11 11 11 11 11 

14810
11 11 11 11 11 11 11 11 11 11 11 11 11 11 11 11 11 11 11 11 11 11 11 11 11 11 11 11 11 11 11 11 11 11 11 11 
11 0 0 0 11 0 0 0 0 0 0 0 0 11 0 0 11 0 0 0 11 0 0 0 0 0 11 0 0 0 11 0 0 11 0 11 
11 11 0 0 0 0 11 0 0 0 0 11 0 0 0 0 11 11 11 0 0 0 0 11 0 0 0 11 0 11 0 0 0 0 0 11 
11 0 0 0 0 0 0 0 0 0 0 11 11 0 11 0 0 0 0 0 11 0 0 0 0 0 0 0 0 0 0 0 0 0 0 11 
11 0 0 0 0 11 11 0 11 0 11 0 0 11 11 0 11 0 0 11 11 0 0 0 0 0 0 0 0 0 0 0 0 11 0 11 
11 11 0 0 11 0 0 0 0 0 11 0 11 0 0 0 0 0 0 0 0 0 0 0 11 11 0 11 0 11 11 0 11 0 0 11 
11 0 0 0 11 0 0 0 0 0 11 0 0 0 0 0 0 11 0 11 0 0 0 11 11 11 11 0 0 0 0 0 0 0 0 11 
11 0 0 0 0 0 0 0 0 0 0 0 0 0 0 0 11 0 11 0 0 0 11 0 0 0 0 11 0 0 0 0 0 11 0 11 
11 0 0 0 0 0 0 0 0 0 0 0 0 11 0 0 11 0 0 0 0 0 11 0 0 15 0 11 0 0 0 0 0 0 11 11 
11 0 0 0 0 0 0 0 0 11 11 0 0 0 0 11 0 0 11 0 0 11 0 0 0 0 11 11 0 0 11 11 0 0 11 11 
11 11 0 0 0 0 0 0 0 0 0 0 0 11 0 0 11 11 0 0 11 11 0 0 0 0 11 11 0 0 0 11 11 0 0 11 
11 11 0 0 15 11 0 0 11 0 0 0 11 0 0 0 0 0 0 0 11 0 15 0 0 0 11 15 0 0 0 0 0 0 0 11 
11 0 11 11 0 0 0 11 0 0 0 0 0 0 0 0 0 0 0 11 0 0 0 0 0 11 0 0 0 0 0 0 0 11 0 11 
11 0 0 0 0 0 0 0 11 0 0 0 0 11 0 0 11 0 0 0 0 0 0 0 11 0 0 0 0 11 0 0 0 0 0 11 
11 11 0 0 0 11 0 0 0 0 0 0 11 0 0 0 0 0 0 11 0 0 11 0 0 0 0 0 0 11 0 0 0 11 0 11 
11 11 0 0 0 0 11 11 0 0 0 0 0 0 0 0 0 0 0 0 0 0 0 11 0 0 0 0 0 0 0 0 0 0 0 11 
11 0 0 0 0 11 11 0 0 0 11 0 0 0 0 0 0 0 0 11 0 0 0 0 0 0 11 0 0 0 0 0 0 11 11 11 
11 0 0 0 0 0 0 0 0 0 0 0 0 0 0 0 0 0 0 0 0 0 0 0 11 0 11 0 0 0 0 0 11 0 0 11 
11 0 0 0 11 0 0 0 0 0 0 0 0 11 0 11 0 0 0 0 11 0 0 15 0 0 0 11 0 11 0 0 0 0 0 11 
11 0 0 0 0 15 0 0 0 0 0 0 0 0 0 0 0 0 0 0 0 0 0 0 15 0 0 0 0 0 0 0 0 11 0 11 
11 0 0 0 0 0 11 0 11 0 0 0 0 11 0 0 0 0 0 0 11 0 0 0 0 0 0 0 0 11 0 0 0 0 0 11 
11 0 11 0 0 0 11 11 0 0 0 0 0 0 0 11 0 0 0 0 0 0 0 0 0 11 0 0 11 0 0 0 0 0 11 11 
11 0 0 0 0 0 0 11 11 11 0 0 0 11 0 0 0 0 0 0 0 0 0 0 11 0 0 0 0 0 11 0 0 0 0 11 
11 0 0 0 0 0 0 0 11 11 0 0 0 0 0 0 0 11 0 0 0 0 0 0 0 0 0 0 11 11 0 0 11 0 0 11 
11 0 0 11 13 0 0 11 11 0 0 0 0 0 0 0 0 0 0 0 0 0 0 0 0 0 0 0 0 11 0 11 0 0 11 11 
11 11 11 11 11 11 11 11 11 11 11 11 11 11 11 11 11 11 11 11 11 11 11 11 11 11 11 11 11 11 11 11 11 11 11 11 

14810
11 11 11 11 11 11 11 11 11 11 11 11 11 11 11 11 11 11 11 11 11 11 11 11 11 11 11 11 11 11 11 11 11 11 11 11 
11 0 0 0 11 0 0 0 0 0 0 0 0 11 0 0 11 0 0 0 11 0 0 0 0 0 11 0 0 0 11 0 0 11 0 11 
11 11 0 0 0 0 11 0 0 0 0 11 0 0 0 0 11 11 11 0 0 0 0 11 0 0 0 11 0 11 0 0 0 0 0 11 
11 0 0 0 0 0 0 0 0 0 0 11 11 0 11 0 0 0 0 0 11 0 0 0 0 0 0 0 0 0 0 0 0 0 0 11 
11 0 0 0 0 11 11 0 11 0 11 0 0 11 11 0 11 0 0 11 11 0 0 0 0 0 0 0 0 0 0 0 0 11 0 11 
11 11 0 0 11 0 0 0 0 0 11 0 11 0 0 0 0 0 0 0 0 0 0 0 11 11 0 11 0 11 11 0 11 0 0 11 
11 0 0 0 11 0 0 0 0 0 11 0 0 0 0 0 0 11 0 11 0 0 0 11 11 11 11 0 0 0 0 0 0 0 0 11 
11 0 0 0 0 0 0 0 0 0 0 0 0 0 0 0 11 0 11 0 0 0 11 0 0 0 0 11 0 0 0 0 0 11 0 11 
11 0 0 0 0 0 0 0 0 0 0 0 0 11 0 0 11 0 0 0 0 0 11 0 0 15 0 11 0 0 0 0 0 0 11 11 
11 0 0 0 0 0 0 0 0 11 11 0 0 0 0 11 0 0 11 0 0 11 0 0 0 0 11 11 0 0 11 11 0 0 11 11 
11 11 0 0 0 0 0 0 0 0 0 0 0 11 0 0 11 11 0 0 11 11 0 0 0 0 11 11 0 0 0 11 11 0 0 11 
11 11 0 0 15 11 0 0 11 0 0 0 11 0 0 0 0 0 0 0 11 0 15 0 0 0 11 15 0 0 0 0 0 0 0 11 
11 0 11 11 0 0 0 11 0 0 0 0 0 0 0 0 0 0 0 11 0 0 0 0 0 11 0 0 0 0 0 0 0 11 0 11 
11 0 0 0 0 0 0 0 11 0 0 0 0 11 0 0 11 0 0 0 0 0 0 0 11 0 0 0 0 11 0 0 0 0 0 11 
11 11 0 0 0 11 0 0 0 0 0 0 11 0 0 0 0 0 0 11 0 0 11 0 0 0 0 0 0 11 0 0 0 11 0 11 
11 11 0 0 0 0 11 11 0 0 0 0 0 0 0 0 0 0 0 0 0 0 0 11 0 0 0 0 0 0 0 0 0 0 0 11 
11 0 0 0 0 11 11 0 0 0 11 0 0 0 0 0 0 0 0 11 0 0 0 0 0 0 11 0 0 0 0 0 0 11 11 11 
11 0 0 0 0 0 0 0 0 0 0 0 0 0 0 0 0 0 0 0 0 0 0 0 11 0 11 0 0 0 0 0 11 0 0 11 
11 0 0 0 11 0 0 0 0 0 0 0 0 11 0 11 0 0 0 0 11 0 0 15 0 0 0 11 0 11 0 0 0 0 0 11 
11 0 0 0 0 15 0 0 0 0 0 0 0 0 0 0 0 0 0 0 0 0 0 0 15 0 0 0 0 0 0 0 0 11 0 11 
11 0 0 0 0 0 11 0 11 0 0 0 0 11 0 0 0 0 0 0 11 0 0 0 0 0 0 0 0 11 0 0 0 0 0 11 
11 0 11 0 0 0 11 11 0 0 0 0 0 0 0 11 0 0 0 0 0 0 0 0 0 11 0 0 11 0 0 0 0 0 11 11 
11 0 0 0 0 0 0 11 11 11 0 0 0 11 0 0 0 0 0 0 0 0 0 0 11 0 0 0 0 0 11 0 0 0 0 11 
11 0 0 0 0 0 0 0 11 11 0 0 0 0 0 0 0 11 0 0 0 0 0 0 0 0 0 0 11 11 0 0 11 0 0 11 
11 0 0 11 13 0 0 11 11 0 0 0 0 0 0 0 0 0 0 0 0 0 0 0 0 0 0 0 0 11 0 11 0 0 11 11 
11 11 11 11 11 11 11 11 11 11 11 11 11 11 11 11 11 11 11 11 11 11 11 11 11 11 11 11 11 11 11 11 11 11 11 11 

14799
11 11 11 11 11 11 11 11 11 11 11 11 11 11 11 11 11 11 11 11 11 11 11 11 11 11 11 11 11 11 11 11 11 11 11 11 
11 0 0 0 11 0 0 0 0 0 0 0 0 11 0 0 11 0 0 0 11 0 0 0 0 0 11 0 0 0 11 0 0 11 0 11 
11 11 0 0 0 0 11 0 0 0 0 11 0 0 0 0 11 11 11 0 0 0 0 11 0 0 0 11 0 11 0 0 0 0 0 11 
11 0 0 0 0 0 0 0 0 0 0 11 11 0 11 0 0 0 0 0 11 0 0 0 0 0 0 0 0 0 0 0 0 0 0 11 
11 0 0 0 0 11 11 0 11 0 11 0 0 11 11 0 11 0 0 11 11 0 0 0 0 0 0 0 0 0 0 0 0 11 0 11 
11 11 0 0 11 0 0 0 0 0 11 0 11 0 0 0 0 0 0 0 0 0 0 0 11 11 0 11 0 11 11 0 11 0 0 11 
11 0 0 0 11 0 0 0 0 0 11 0 0 0 0 0 0 11 0 11 0 0 0 11 11 11 11 0 0 0 0 0 0 0 0 11 
11 0 0 0 0 0 0 0 0 0 0 0 0 0 0 0 11 0 11 0 0 0 11 0 0 0 0 11 0 0 0 0 0 11 0 11 
11 0 0 0 0 0 0 0 0 0 0 0 0 11 0 0 11 0 0 0 0 0 11 0 0 15 0 11 0 0 0 0 0 0 11 11 
11 0 0 0 0 0 0 0 0 11 11 0 0 0 0 11 0 0 11 0 0 11 0 0 0 0 11 11 0 0 11 11 0 0 11 11 
11 11 0 0 0 0 0 0 0 0 0 0 0 11 0 0 11 11 0 0 11 11 0 15 0 0 11 11 0 0 0 11 11 0 0 11 
11 11 0 0 0 11 0 0 11 0 0 0 11 0 0 0 0 0 0 0 11 0 0 0 0 0 11 0 0 0 0 0 0 0 0 11 
11 0 11 11 0 15 0 11 0 0 0 0 0 0 0 0 0 0 0 11 0 0 0 0 0 11 0 0 0 0 0 0 0 11 0 11 
11 0 0 0 0 0 0 0 11 0 0 0 0 11 0 0 11 0 0 0 0 0 0 0 11 0 0 0 0 11 0 0 0 0 0 11 
11 11 0 0 0 11 0 0 0 0 0 0 11 0 0 0 0 0 0 11 0 0 11 0 0 0 0 0 0 11 0 0 0 11 0 11 
11 11 0 0 0 0 11 11 0 0 0 0 0 0 0 0 0 0 0 0 0 0 0 11 0 0 0 0 0 0 0 0 0 0 0 11 
11 0 0 0 0 11 11 0 0 0 11 0 0 0 0 0 0 0 0 11 0 0 0 0 0 0 11 0 0 0 0 0 0 11 11 11 
11 0 0 0 0 0 0 0 0 0 0 0 0 0 0 0 0 0 0 0 0 0 0 0 11 0 11 0 0 0 0 0 11 0 0 11 
11 0 0 0 11 0 0 0 0 0 0 0 0 11 0 11 0 0 0 0 11 0 0 15 0 0 0 11 0 11 0 0 0 0 0 11 
11 0 0 0 0 0 0 0 0 0 0 0 0 0 0 0 0 0 0 0 0 0 0 0 0 0 15 0 0 0 0 0 0 11 0 11 
11 0 0 0 15 0 11 0 11 0 0 0 0 11 0 0 0 0 0 0 11 0 0 0 0 0 0 0 0 11 0 0 0 0 0 11 
11 0 11 0 0 0 11 11 0 0 0 0 0 0 0 11 0 0 0 0 0 0 0 0 0 11 0 0 11 0 0 0 0 0 11 11 
11 0 0 0 0 0 0 11 11 11 0 0 0 11 0 0 0 0 0 0 0 0 0 0 11 0 0 0 0 0 11 0 0 0 0 11 
11 0 0 0 0 0 0 0 11 11 0 0 0 0 0 0 0 11 0 0 0 0 0 0 0 0 0 0 11 11 0 0 11 0 0 11 
11 0 0 11 0 0 0 11 11 15 0 0 0 0 0 0 0 0 0 0 0 0 0 0 0 0 0 0 0 11 0 11 0 0 11 11 
11 11 11 11 11 11 11 11 11 11 11 11 11 11 11 11 11 11 11 11 11 11 11 11 11 11 11 11 11 11 11 11 11 11 11 11 

14769
11 11 11 11 11 11 11 11 11 11 11 11 11 11 11 11 11 11 11 11 11 11 11 11 11 11 11 11 11 11 11 11 11 11 11 11 
11 0 0 0 11 0 0 0 0 0 0 0 0 11 0 0 11 0 0 0 11 0 0 0 0 0 11 0 0 0 11 0 0 11 0 11 
11 11 0 0 0 0 11 0 0 0 0 11 0 0 0 0 11 11 11 0 0 0 0 11 0 0 0 11 0 11 0 0 0 0 0 11 
11 0 0 0 0 0 0 0 0 0 0 11 11 0 11 0 0 0 0 0 11 0 0 0 0 0 0 0 0 0 0 0 0 0 0 11 
11 0 0 0 0 11 11 0 11 0 11 0 0 11 11 0 11 0 0 11 11 0 0 0 0 0 0 0 0 0 0 0 0 11 0 11 
11 11 0 0 11 0 0 0 0 0 11 0 11 0 0 0 0 0 0 0 0 0 0 0 11 11 0 11 0 11 11 0 11 0 0 11 
11 0 0 0 11 0 0 0 0 0 11 0 0 0 0 0 0 11 0 11 0 0 0 11 11 11 11 0 0 0 0 0 0 0 0 11 
11 0 0 0 0 0 0 0 0 0 0 0 0 0 0 0 11 0 11 0 0 0 11 0 0 0 0 11 0 0 0 0 0 11 0 11 
11 0 0 0 0 0 0 0 0 0 0 0 0 11 0 0 11 0 0 0 0 0 11 0 0 0 0 11 0 0 0 0 0 0 11 11 
11 0 0 0 0 0 0 0 0 11 11 0 0 0 0 11 0 0 11 0 0 11 0 0 0 0 11 11 0 0 11 11 0 0 11 11 
11 11 0 0 0 0 0 0 0 0 0 0 0 11 0 0 11 11 0 0 11 11 0 0 0 0 11 11 0 0 0 11 11 0 0 11 
11 11 0 0 0 11 0 0 11 0 0 0 11 0 0 0 0 0 0 15 11 0 0 15 0 0 11 0 0 0 0 0 0 0 0 11 
11 0 11 11 0 15 0 11 0 0 0 0 0 0 0 0 0 0 0 11 0 0 0 0 0 11 0 0 0 0 15 0 0 11 0 11 
11 0 0 0 0 0 0 0 11 0 0 0 0 11 0 0 11 0 0 0 0 0 0 0 11 0 0 0 0 11 0 0 0 0 0 11 
11 11 0 0 0 11 0 0 0 0 0 0 11 0 0 0 0 0 0 11 0 0 11 0 0 0 0 0 0 11 0 0 0 11 0 11 
11 11 0 0 0 0 11 11 0 0 0 0 0 0 0 0 0 0 0 0 0 0 0 11 0 0 0 0 0 0 0 0 0 0 0 11 
11 0 0 0 0 11 11 0 0 0 11 0 0 0 0 0 0 0 0 11 0 0 0 0 0 0 11 0 0 0 0 0 0 11 11 11 
11 0 0 0 0 0 0 0 0 0 0 0 0 0 0 0 0 0 0 0 0 0 0 0 11 0 11 0 0 0 0 0 11 0 0 11 
11 0 0 0 11 0 0 0 0 0 0 0 0 11 0 11 0 0 0 0 11 0 0 0 0 0 0 11 0 11 0 0 0 0 0 11 
11 0 0 0 0 0 15 0 0 0 0 0 0 0 0 0 0 0 0 0 0 0 0 15 0 0 13 0 0 0 0 0 0 11 0 11 
11 0 0 0 0 0 11 0 11 0 0 0 0 11 0 0 0 0 0 0 11 0 0 0 0 0 0 0 0 11 0 0 0 0 0 11 
11 0 11 0 0 0 11 11 0 0 0 0 0 0 0 11 0 0 0 0 0 0 0 0 0 11 0 0 11 0 0 0 0 0 11 11 
11 0 0 0 0 0 0 11 11 11 0 0 0 11 0 0 0 0 0 0 0 0 0 0 11 0 0 0 0 0 11 0 0 0 0 11 
11 0 0 0 0 0 0 0 11 11 0 0 0 0 0 0 0 11 0 0 0 0 0 0 0 0 0 0 11 11 0 0 11 0 0 11 
11 0 0 11 0 0 13 11 11 0 0 0 0 0 0 0 0 0 0 0 0 0 0 0 0 0 0 0 0 11 0 11 0 0 11 11 
11 11 11 11 11 11 11 11 11 11 11 11 11 11 11 11 11 11 11 11 11 11 11 11 11 11 11 11 11 11 11 11 11 11 11 11 

