15270
11 11 11 11 11 11 11 11 11 11 11 11 11 11 11 11 11 11 11 11 11 11 11 11 11 11 11 11 11 11 11 11 11 11 11 11 11 11 11 
11 0 0 0 0 0 11 0 0 11 0 0 0 0 0 0 0 0 0 0 0 0 0 11 0 0 11 0 0 11 0 0 11 0 0 0 0 0 11 
11 11 0 0 0 0 11 15 0 11 0 0 11 0 0 0 0 0 0 0 0 0 11 0 0 0 0 0 11 0 0 0 0 0 11 0 0 0 11 
11 0 0 11 0 0 0 11 11 0 0 0 0 0 0 0 0 0 11 0 0 0 0 0 0 0 0 11 0 0 0 0 11 0 0 0 0 0 11 
11 0 0 0 0 11 0 11 11 0 0 0 0 0 0 11 11 11 0 0 0 0 0 0 0 0 0 0 0 0 0 0 0 0 11 0 0 0 11 
11 11 0 0 0 0 0 11 15 0 11 0 0 0 11 0 0 11 0 0 0 0 0 11 11 0 0 0 0 11 0 0 0 0 0 0 0 0 11 
11 0 0 0 11 0 0 0 11 0 0 0 0 0 0 0 0 0 11 0 0 11 0 0 0 0 0 0 0 11 0 11 0 0 0 11 0 0 11 
11 11 0 11 11 0 0 0 0 0 0 0 0 0 0 0 0 0 0 0 0 0 0 0 0 11 0 0 0 11 0 0 0 11 0 0 0 0 11 
11 0 0 0 0 11 0 0 11 0 11 11 0 0 0 0 0 0 0 0 0 0 0 0 0 11 0 0 0 0 0 0 0 11 0 0 0 0 11 
11 0 0 0 0 0 0 11 0 0 0 0 0 0 0 11 0 0 11 0 0 0 0 0 0 15 0 0 0 0 0 0 11 0 0 0 0 0 11 
11 0 11 0 0 0 0 11 11 0 0 0 0 0 0 0 0 0 0 0 0 0 0 0 0 0 0 0 0 0 11 0 0 11 0 0 0 0 11 
11 11 11 0 0 0 0 0 0 0 0 0 0 0 0 0 0 0 0 0 0 11 0 0 0 0 0 0 0 0 11 11 0 0 0 11 0 11 11 
11 0 11 0 0 0 0 0 0 0 0 0 0 11 0 11 0 0 0 0 0 0 0 0 0 0 0 11 0 15 0 0 0 0 0 11 0 0 11 
11 0 11 0 0 0 0 0 0 0 11 0 0 0 0 0 11 0 0 0 0 0 0 0 0 0 11 0 0 0 0 0 11 0 0 0 0 0 11 
11 0 0 11 0 0 0 0 0 11 0 11 0 0 0 0 0 0 0 0 0 0 0 0 0 0 0 0 11 0 0 0 0 0 0 0 0 0 11 
11 11 0 0 0 0 0 0 0 0 0 11 0 0 0 0 0 0 11 11 11 11 0 0 0 0 11 15 0 0 0 0 0 0 0 0 0 0 11 
11 0 0 0 0 0 0 0 0 0 0 11 0 11 0 0 11 0 0 11 0 11 0 0 0 0 11 11 11 0 0 0 0 0 0 11 11 0 11 
11 0 11 0 0 0 0 0 0 0 0 0 0 11 0 11 0 11 11 0 0 0 11 0 11 0 0 0 11 0 0 0 0 0 0 0 0 0 11 
11 0 11 0 0 0 0 0 0 0 11 0 0 0 0 11 11 0 0 11 0 0 0 0 11 0 0 0 11 0 0 0 0 11 0 0 11 0 11 
11 0 0 0 11 11 11 0 0 0 0 0 11 0 0 11 0 11 15 15 0 0 0 0 0 11 11 0 0 0 0 0 0 0 0 0 0 0 11 
11 11 0 11 0 0 0 0 0 0 0 0 0 0 0 11 0 0 0 11 0 0 11 0 0 0 11 0 0 11 0 0 0 0 0 11 0 0 11 
11 0 0 0 11 0 11 0 0 11 0 0 0 0 0 11 11 0 0 11 0 0 0 11 0 0 0 11 0 11 0 0 0 0 0 0 0 0 11 
11 0 0 0 0 0 0 0 0 0 0 0 0 11 11 11 11 0 0 0 0 0 0 0 0 0 0 0 0 0 0 0 0 11 11 0 0 0 11 
11 0 11 0 0 0 0 0 0 0 11 0 0 0 0 11 0 11 11 0 0 0 0 0 11 11 0 11 0 0 0 0 0 11 0 0 0 0 11 
11 0 0 0 0 0 0 0 0 0 11 0 11 0 0 0 11 11 0 0 0 0 0 0 11 0 0 0 11 0 0 11 11 0 0 0 0 11 11 
11 11 11 11 11 11 11 11 11 11 11 11 11 11 11 11 11 11 11 11 11 11 11 11 11 11 11 11 11 11 11 11 11 11 11 11 11 11 11 

15231
11 11 11 11 11 11 11 11 11 11 11 11 11 11 11 11 11 11 11 11 11 11 11 11 11 11 11 11 11 11 11 11 11 11 11 11 11 11 11 
11 0 0 0 0 0 11 0 0 11 0 0 0 0 0 0 0 0 0 0 0 0 0 11 0 0 11 0 0 11 0 0 11 0 0 0 0 0 11 
11 11 0 0 0 0 11 0 0 11 0 0 11 0 0 0 0 0 0 0 0 0 11 0 0 0 0 0 11 0 0 0 0 0 11 0 0 0 11 
11 0 0 11 0 0 0 11 11 0 0 0 0 0 0 0 0 0 11 0 0 0 0 0 0 0 0 11 0 0 0 0 11 0 0 0 0 0 11 
11 0 0 0 0 11 0 11 11 0 0 0 0 0 0 11 11 11 0 0 0 0 0 0 0 0 0 0 0 0 0 0 0 0 11 0 0 0 11 
11 11 0 0 0 0 0 11 0 0 11 0 0 0 11 0 0 11 0 0 0 0 0 11 11 0 14 0 0 11 0 0 0 0 0 0 0 0 11 
11 0 0 0 11 0 0 0 11 0 0 0 0 0 0 0 0 0 11 0 0 11 0 0 0 0 0 0 0 11 0 11 0 0 0 11 0 0 11 
11 11 0 11 11 0 0 15 15 0 0 0 0 0 0 0 0 0 0 0 0 0 0 0 0 11 0 0 0 11 0 0 0 11 0 0 0 0 11 
11 0 0 0 0 11 0 0 11 0 11 11 0 0 0 0 0 0 0 0 0 0 0 0 0 11 0 0 0 0 0 0 0 11 0 0 0 0 11 
11 0 0 0 0 0 0 11 0 0 0 0 0 0 0 11 0 0 11 0 0 0 0 0 0 0 0 0 0 0 0 0 11 0 0 0 0 0 11 
11 0 11 0 0 0 0 11 11 0 0 0 0 0 0 0 0 0 0 0 0 0 0 0 0 0 0 0 0 0 11 0 0 11 0 0 0 0 11 
11 11 11 0 0 0 0 0 0 0 0 0 0 0 0 0 0 0 0 0 0 11 0 0 0 0 0 0 0 0 11 11 0 0 0 11 0 11 11 
11 0 11 0 0 0 0 0 0 0 0 0 0 11 0 11 0 0 0 0 0 0 0 0 0 0 0 11 0 0 0 0 0 0 0 11 0 0 11 
11 0 11 0 0 0 0 0 0 0 11 0 0 0 0 0 11 0 0 0 0 0 0 0 0 0 11 0 15 0 15 0 11 0 0 0 0 0 11 
11 0 0 11 0 0 0 0 0 11 0 11 0 0 0 0 0 0 0 0 0 0 0 0 0 0 0 0 11 0 0 0 0 0 0 0 0 0 11 
11 11 0 0 0 0 0 0 0 0 0 11 0 0 0 0 0 0 11 11 11 11 0 0 0 0 11 0 0 0 0 0 0 0 0 0 0 0 11 
11 0 0 0 0 0 0 0 0 0 0 11 0 11 0 0 11 0 0 11 0 11 0 0 0 0 11 11 11 0 0 0 0 0 0 11 11 0 11 
11 0 11 0 0 0 0 0 0 0 0 0 0 11 0 11 0 11 11 0 0 15 11 0 11 0 0 0 11 0 0 0 0 0 0 0 0 0 11 
11 0 11 0 0 0 0 0 0 0 11 0 0 0 0 11 11 0 0 11 0 15 0 0 11 0 0 0 11 0 0 0 0 11 0 0 11 0 11 
11 0 0 0 11 11 11 0 0 0 0 0 11 0 0 11 0 11 0 0 0 0 0 0 0 11 11 0 0 0 0 0 0 0 0 0 0 0 11 
11 11 0 11 0 0 0 0 0 0 0 0 0 0 0 11 0 0 0 11 0 0 11 0 0 0 11 0 0 11 0 0 0 0 0 11 0 0 11 
11 0 0 0 11 0 11 0 0 11 0 0 0 0 0 11 11 0 0 11 0 0 0 11 0 0 0 11 0 11 0 0 0 0 0 0 0 0 11 
11 0 0 0 0 0 0 0 0 0 0 0 0 11 11 11 11 0 0 0 0 0 0 0 0 0 0 0 0 0 0 0 0 11 11 0 0 0 11 
11 0 11 0 0 0 0 0 0 0 11 0 0 0 0 11 0 11 11 0 0 0 0 0 11 11 0 11 0 0 0 0 0 11 0 0 0 0 11 
11 0 0 0 0 0 0 0 0 0 11 0 11 0 0 0 11 11 0 0 0 0 0 0 11 0 0 0 11 0 0 11 11 0 0 0 0 11 11 
11 11 11 11 11 11 11 11 11 11 11 11 11 11 11 11 11 11 11 11 11 11 11 11 11 11 11 11 11 11 11 11 11 11 11 11 11 11 11 

15231
11 11 11 11 11 11 11 11 11 11 11 11 11 11 11 11 11 11 11 11 11 11 11 11 11 11 11 11 11 11 11 11 11 11 11 11 11 11 11 
11 0 0 0 0 0 11 0 0 11 0 0 0 0 0 0 0 0 0 0 0 0 0 11 0 0 11 0 0 11 0 0 11 0 0 0 0 0 11 
11 11 0 0 0 0 11 0 0 11 0 0 11 0 0 0 0 0 0 0 0 0 11 0 0 0 0 0 11 0 0 0 0 0 11 0 0 0 11 
11 0 0 11 0 0 0 11 11 0 0 0 0 0 0 0 0 0 11 0 0 0 0 0 0 0 0 11 0 0 0 0 11 0 0 0 0 0 11 
11 0 0 0 0 11 0 11 11 0 0 0 0 0 0 11 11 11 0 0 0 0 0 0 0 0 0 0 0 0 0 0 0 0 11 0 0 0 11 
11 11 0 0 0 0 0 11 0 0 11 0 0 0 11 0 0 11 0 0 0 0 0 11 11 0 14 0 0 11 0 0 0 0 0 0 0 0 11 
11 0 0 0 11 0 0 0 11 0 0 0 0 0 0 0 0 0 11 0 0 11 0 0 0 0 0 0 0 11 0 11 0 0 0 11 0 0 11 
11 11 0 11 11 0 0 15 15 0 0 0 0 0 0 0 0 0 0 0 0 0 0 0 0 11 0 0 0 11 0 0 0 11 0 0 0 0 11 
11 0 0 0 0 11 0 0 11 0 11 11 0 0 0 0 0 0 0 0 0 0 0 0 0 11 0 0 0 0 0 0 0 11 0 0 0 0 11 
11 0 0 0 0 0 0 11 0 0 0 0 0 0 0 11 0 0 11 0 0 0 0 0 0 0 0 0 0 0 0 0 11 0 0 0 0 0 11 
11 0 11 0 0 0 0 11 11 0 0 0 0 0 0 0 0 0 0 0 0 0 0 0 0 0 0 0 0 0 11 0 0 11 0 0 0 0 11 
11 11 11 0 0 0 0 0 0 0 0 0 0 0 0 0 0 0 0 0 0 11 0 0 0 0 0 0 0 0 11 11 0 0 0 11 0 11 11 
11 0 11 0 0 0 0 0 0 0 0 0 0 11 0 11 0 0 0 0 0 0 0 0 0 0 0 11 0 0 0 0 0 0 0 11 0 0 11 
11 0 11 0 0 0 0 0 0 0 11 0 0 0 0 0 11 0 0 0 0 0 0 0 0 0 11 0 15 0 15 0 11 0 0 0 0 0 11 
11 0 0 11 0 0 0 0 0 11 0 11 0 0 0 0 0 0 0 0 0 0 0 0 0 0 0 0 11 0 0 0 0 0 0 0 0 0 11 
11 11 0 0 0 0 0 0 0 0 0 11 0 0 0 0 0 0 11 11 11 11 0 0 0 0 11 0 0 0 0 0 0 0 0 0 0 0 11 
11 0 0 0 0 0 0 0 0 0 0 11 0 11 0 0 11 0 0 11 0 11 0 0 0 0 11 11 11 0 0 0 0 0 0 11 11 0 11 
11 0 11 0 0 0 0 0 0 0 0 0 0 11 0 11 0 11 11 0 0 15 11 0 11 0 0 0 11 0 0 0 0 0 0 0 0 0 11 
11 0 11 0 0 0 0 0 0 0 11 0 0 0 0 11 11 0 0 11 0 15 0 0 11 0 0 0 11 0 0 0 0 11 0 0 11 0 11 
11 0 0 0 11 11 11 0 0 0 0 0 11 0 0 11 0 11 0 0 0 0 0 0 0 11 11 0 0 0 0 0 0 0 0 0 0 0 11 
11 11 0 11 0 0 0 0 0 0 0 0 0 0 0 11 0 0 0 11 0 0 11 0 0 0 11 0 0 11 0 0 0 0 0 11 0 0 11 
11 0 0 0 11 0 11 0 0 11 0 0 0 0 0 11 11 0 0 11 0 0 0 11 0 0 0 11 0 11 0 0 0 0 0 0 0 0 11 
11 0 0 0 0 0 0 0 0 0 0 0 0 11 11 11 11 0 0 0 0 0 0 0 0 0 0 0 0 0 0 0 0 11 11 0 0 0 11 
11 0 11 0 0 0 0 0 0 0 11 0 0 0 0 11 0 11 11 0 0 0 0 0 11 11 0 11 0 0 0 0 0 11 0 0 0 0 11 
11 0 0 0 0 0 0 0 0 0 11 0 11 0 0 0 11 11 0 0 0 0 0 0 11 0 0 0 11 0 0 11 11 0 0 0 0 11 11 
11 11 11 11 11 11 11 11 11 11 11 11 11 11 11 11 11 11 11 11 11 11 11 11 11 11 11 11 11 11 11 11 11 11 11 11 11 11 11 

15231
11 11 11 11 11 11 11 11 11 11 11 11 11 11 11 11 11 11 11 11 11 11 11 11 11 11 11 11 11 11 11 11 11 11 11 11 11 11 11 
11 0 0 0 0 0 11 0 0 11 0 0 0 0 0 0 0 0 0 0 0 0 0 11 0 0 11 0 0 11 0 0 11 0 0 0 0 0 11 
11 11 0 0 0 0 11 0 0 11 0 0 11 0 0 0 0 0 0 0 0 0 11 0 0 0 0 0 11 0 0 0 0 0 11 0 0 0 11 
11 0 0 11 0 0 0 11 11 0 0 0 0 0 0 0 0 0 11 0 0 0 0 0 0 0 0 11 0 0 0 0 11 0 0 0 0 0 11 
11 0 0 0 0 11 0 11 11 0 0 0 0 0 0 11 11 11 0 0 0 0 0 0 0 0 0 0 0 0 0 0 0 0 11 0 0 0 11 
11 11 0 0 0 0 0 11 0 0 11 0 0 0 11 0 0 11 0 0 0 0 0 11 11 0 14 0 0 11 0 0 0 0 0 0 0 0 11 
11 0 0 0 11 0 0 0 11 0 0 0 0 0 0 0 0 0 11 0 0 11 0 0 0 0 0 0 0 11 0 11 0 0 0 11 0 0 11 
11 11 0 11 11 0 0 15 15 0 0 0 0 0 0 0 0 0 0 0 0 0 0 0 0 11 0 0 0 11 0 0 0 11 0 0 0 0 11 
11 0 0 0 0 11 0 0 11 0 11 11 0 0 0 0 0 0 0 0 0 0 0 0 0 11 0 0 0 0 0 0 0 11 0 0 0 0 11 
11 0 0 0 0 0 0 11 0 0 0 0 0 0 0 11 0 0 11 0 0 0 0 0 0 0 0 0 0 0 0 0 11 0 0 0 0 0 11 
11 0 11 0 0 0 0 11 11 0 0 0 0 0 0 0 0 0 0 0 0 0 0 0 0 0 0 0 0 0 11 0 0 11 0 0 0 0 11 
11 11 11 0 0 0 0 0 0 0 0 0 0 0 0 0 0 0 0 0 0 11 0 0 0 0 0 0 0 0 11 11 0 0 0 11 0 11 11 
11 0 11 0 0 0 0 0 0 0 0 0 0 11 0 11 0 0 0 0 0 0 0 0 0 0 0 11 0 0 0 0 0 0 0 11 0 0 11 
11 0 11 0 0 0 0 0 0 0 11 0 0 0 0 0 11 0 0 0 0 0 0 0 0 0 11 0 15 0 15 0 11 0 0 0 0 0 11 
11 0 0 11 0 0 0 0 0 11 0 11 0 0 0 0 0 0 0 0 0 0 0 0 0 0 0 0 11 0 0 0 0 0 0 0 0 0 11 
11 11 0 0 0 0 0 0 0 0 0 11 0 0 0 0 0 0 11 11 11 11 0 0 0 0 11 0 0 0 0 0 0 0 0 0 0 0 11 
11 0 0 0 0 0 0 0 0 0 0 11 0 11 0 0 11 0 0 11 0 11 0 0 0 0 11 11 11 0 0 0 0 0 0 11 11 0 11 
11 0 11 0 0 0 0 0 0 0 0 0 0 11 0 11 0 11 11 0 0 15 11 0 11 0 0 0 11 0 0 0 0 0 0 0 0 0 11 
11 0 11 0 0 0 0 0 0 0 11 0 0 0 0 11 11 0 0 11 0 15 0 0 11 0 0 0 11 0 0 0 0 11 0 0 11 0 11 
11 0 0 0 11 11 11 0 0 0 0 0 11 0 0 11 0 11 0 0 0 0 0 0 0 11 11 0 0 0 0 0 0 0 0 0 0 0 11 
11 11 0 11 0 0 0 0 0 0 0 0 0 0 0 11 0 0 0 11 0 0 11 0 0 0 11 0 0 11 0 0 0 0 0 11 0 0 11 
11 0 0 0 11 0 11 0 0 11 0 0 0 0 0 11 11 0 0 11 0 0 0 11 0 0 0 11 0 11 0 0 0 0 0 0 0 0 11 
11 0 0 0 0 0 0 0 0 0 0 0 0 11 11 11 11 0 0 0 0 0 0 0 0 0 0 0 0 0 0 0 0 11 11 0 0 0 11 
11 0 11 0 0 0 0 0 0 0 11 0 0 0 0 11 0 11 11 0 0 0 0 0 11 11 0 11 0 0 0 0 0 11 0 0 0 0 11 
11 0 0 0 0 0 0 0 0 0 11 0 11 0 0 0 11 11 0 0 0 0 0 0 11 0 0 0 11 0 0 11 11 0 0 0 0 11 11 
11 11 11 11 11 11 11 11 11 11 11 11 11 11 11 11 11 11 11 11 11 11 11 11 11 11 11 11 11 11 11 11 11 11 11 11 11 11 11 

15205
11 11 11 11 11 11 11 11 11 11 11 11 11 11 11 11 11 11 11 11 11 11 11 11 11 11 11 11 11 11 11 11 11 11 11 11 11 11 11 
11 0 0 0 0 0 11 0 0 11 0 0 0 0 0 0 0 0 0 0 0 0 0 11 0 0 11 0 0 11 0 0 11 0 0 0 0 0 11 
11 11 0 0 0 0 11 0 0 11 0 0 11 0 0 0 0 0 0 0 0 0 11 0 0 0 0 0 11 0 0 0 0 0 11 0 0 0 11 
11 0 0 11 0 0 0 11 11 0 0 0 0 0 0 0 0 0 11 0 0 0 0 0 0 0 0 11 0 0 0 0 11 0 0 0 0 0 11 
11 0 0 0 0 11 0 11 11 0 0 0 0 0 0 11 11 11 0 0 0 0 0 0 0 0 0 0 0 0 0 0 0 0 11 0 0 0 11 
11 11 0 0 0 0 0 11 15 0 11 0 0 0 11 0 0 11 0 0 0 0 0 11 11 0 0 0 0 11 0 0 0 0 0 0 0 0 11 
11 0 0 0 11 0 0 0 11 0 0 0 0 0 0 0 0 0 11 0 0 11 0 0 0 0 0 0 0 11 0 11 0 0 0 11 0 0 11 
11 11 0 11 11 0 15 0 0 0 0 0 0 0 0 0 0 0 0 0 0 0 0 0 0 11 0 0 0 11 0 0 0 11 0 0 0 0 11 
11 0 0 0 0 11 0 0 11 0 11 11 0 0 0 0 0 0 0 0 0 0 0 0 0 11 0 0 0 0 0 0 0 11 0 0 0 0 11 
11 0 0 0 0 0 0 11 0 0 0 0 0 0 0 11 0 0 11 0 0 0 0 0 0 0 0 0 0 0 0 0 11 0 0 0 0 0 11 
11 0 11 0 0 0 0 11 11 0 0 0 0 0 0 0 0 0 0 0 0 0 0 0 0 0 0 0 0 15 11 0 0 11 0 0 0 0 11 
11 11 11 0 0 0 0 0 0 0 0 0 0 0 0 0 0 0 0 0 0 11 0 0 0 0 0 0 0 0 11 11 0 0 0 11 0 11 11 
11 0 11 0 0 0 0 0 0 0 0 0 0 11 0 11 0 0 0 0 0 0 0 0 0 0 0 11 0 0 0 0 0 0 0 11 0 0 11 
11 0 11 0 0 0 0 0 0 0 11 0 0 0 0 0 11 0 0 0 15 0 0 0 0 0 11 0 0 0 15 0 11 0 0 0 0 0 11 
11 0 0 11 0 0 0 0 0 11 0 11 0 0 0 0 0 0 0 0 0 0 0 0 0 0 0 0 11 0 0 0 0 0 0 0 0 0 11 
11 11 0 0 0 0 0 0 0 0 0 11 0 0 0 0 0 0 11 11 11 11 0 0 0 0 11 0 0 0 0 0 0 0 0 0 0 0 11 
11 0 0 0 0 0 0 0 0 0 0 11 0 11 0 0 11 0 0 11 0 11 0 0 15 0 11 11 11 0 0 0 0 0 0 11 11 0 11 
11 0 11 0 0 0 0 0 0 0 0 0 0 11 0 11 0 11 11 0 0 0 11 0 11 0 0 0 11 0 0 0 0 0 0 0 0 0 11 
11 0 11 0 0 0 0 0 0 0 11 0 0 0 0 11 11 0 14 11 0 0 0 0 11 0 0 0 11 0 0 0 0 11 0 0 11 0 11 
11 0 0 0 11 11 11 0 0 0 0 0 11 0 0 11 0 11 0 0 0 0 0 0 0 11 11 0 0 0 0 0 0 0 0 0 0 0 11 
11 11 0 11 0 0 0 0 0 0 0 0 0 0 0 11 0 0 0 11 0 0 11 0 0 0 11 0 0 11 0 0 0 0 0 11 0 0 11 
11 0 0 0 11 0 11 0 0 11 0 0 0 0 0 11 11 0 0 11 0 0 0 11 0 0 15 11 0 11 0 0 0 0 0 0 0 0 11 
11 0 0 0 0 0 0 0 0 0 0 0 0 11 11 11 11 0 0 0 0 0 0 0 0 0 0 0 0 0 0 0 0 11 11 0 0 0 11 
11 0 11 0 0 0 0 0 0 0 11 0 0 0 0 11 0 11 11 0 0 0 0 0 11 11 0 11 0 0 0 0 0 11 0 0 0 0 11 
11 0 0 0 0 0 0 0 0 0 11 0 11 0 0 0 11 11 0 0 0 0 0 0 11 0 0 0 11 0 0 11 11 0 0 0 0 11 11 
11 11 11 11 11 11 11 11 11 11 11 11 11 11 11 11 11 11 11 11 11 11 11 11 11 11 11 11 11 11 11 11 11 11 11 11 11 11 11 

15175
11 11 11 11 11 11 11 11 11 11 11 11 11 11 11 11 11 11 11 11 11 11 11 11 11 11 11 11 11 11 11 11 11 11 11 11 11 11 11 
11 0 0 0 0 0 11 0 0 11 0 0 0 0 0 0 0 0 0 0 0 0 0 11 0 0 11 0 0 11 0 0 11 0 0 0 0 0 11 
11 11 0 0 0 0 11 0 0 11 0 0 11 0 0 0 0 0 0 0 0 0 11 0 0 0 0 0 11 0 0 0 0 0 11 0 0 0 11 
11 0 0 11 0 0 0 11 11 0 0 0 0 0 0 0 0 0 11 0 0 0 0 0 0 0 0 11 0 0 0 0 11 0 0 0 0 0 11 
11 0 0 0 0 11 15 11 11 15 0 0 0 0 0 11 11 0 0 11 0 0 0 0 0 0 0 0 0 0 0 0 0 0 0 0 0 0 11 
11 11 0 0 0 0 0 11 0 0 11 0 0 0 11 0 0 11 0 0 0 0 0 11 11 0 0 0 0 11 0 0 0 0 0 0 0 0 11 
11 0 0 0 0 0 0 0 11 0 0 0 0 0 0 0 0 0 11 0 0 11 0 0 0 0 0 0 0 11 0 11 0 0 0 11 0 0 11 
11 11 0 11 11 0 0 0 0 0 0 0 0 0 0 0 0 0 0 0 0 0 0 0 0 11 0 0 0 11 0 0 0 11 0 0 0 0 11 
11 0 0 0 0 11 0 0 11 0 11 11 0 0 0 0 0 0 0 0 0 0 0 0 0 11 0 0 0 0 0 0 0 11 0 0 0 0 11 
11 0 0 0 0 0 0 0 0 0 0 0 0 0 0 0 0 0 11 0 0 0 0 0 0 0 0 0 0 0 0 0 11 0 0 0 0 0 11 
11 0 11 0 0 0 0 11 11 0 0 0 0 0 0 0 0 0 0 0 0 0 0 0 0 0 0 0 0 15 11 0 0 11 0 0 0 0 11 
11 11 11 0 0 0 0 0 0 0 0 0 0 0 0 0 0 0 0 0 0 11 0 0 0 0 0 0 0 14 11 11 0 0 0 11 0 11 11 
11 0 11 0 0 0 0 0 0 0 0 0 0 11 0 11 0 0 0 15 11 0 0 0 0 0 0 11 0 0 0 0 0 0 0 11 0 0 11 
11 0 11 0 0 0 0 0 0 0 11 0 0 0 0 0 11 0 0 0 0 0 0 0 0 0 11 0 0 0 0 0 11 0 0 0 0 0 11 
11 0 0 11 0 0 0 0 0 11 0 11 0 0 0 0 0 0 0 0 0 0 0 0 0 0 0 0 11 0 0 0 0 0 0 0 0 0 11 
11 11 0 0 0 0 0 0 0 0 0 11 0 0 0 0 0 0 11 11 11 11 0 0 0 0 11 0 0 0 0 0 0 0 0 0 0 0 11 
11 0 0 0 0 0 0 0 0 0 0 0 0 11 0 0 11 0 0 11 0 11 11 0 0 0 11 11 11 0 0 0 11 0 0 11 11 0 11 
11 0 11 0 0 0 0 0 0 0 0 0 0 11 0 11 0 11 11 0 0 0 11 0 11 15 0 0 11 0 0 0 0 0 0 0 0 0 11 
11 0 11 0 0 0 0 11 0 0 11 0 0 0 0 11 11 11 0 11 0 0 0 0 11 0 0 0 11 0 0 0 0 11 0 0 11 0 11 
11 0 0 0 11 11 11 0 0 0 0 0 11 0 0 11 0 11 0 0 0 0 0 0 0 11 11 0 0 0 0 0 0 0 0 0 0 0 11 
11 11 0 11 11 0 0 0 0 0 0 0 0 0 0 0 0 0 0 11 0 0 11 0 0 15 11 0 0 11 0 0 0 0 0 11 0 0 11 
11 0 0 0 11 0 11 0 0 11 0 0 0 0 0 11 11 0 0 11 0 0 0 11 0 0 0 11 0 11 0 0 0 0 0 0 0 0 11 
11 0 0 0 0 0 0 0 0 0 0 0 0 11 11 11 11 0 0 0 0 0 0 0 0 0 0 0 0 0 11 0 0 11 11 0 0 0 11 
11 0 11 0 0 0 0 0 0 0 11 0 0 0 0 11 0 11 11 0 0 0 0 0 11 11 0 11 0 0 0 0 0 0 0 0 0 0 11 
11 0 0 0 0 0 0 0 0 0 11 0 11 0 0 0 11 11 0 0 0 0 12 0 11 0 0 0 11 0 0 11 11 0 0 0 0 11 11 
11 11 11 11 11 11 11 11 11 11 11 11 11 11 11 11 11 11 11 11 11 11 11 11 11 11 11 11 11 11 11 11 11 11 11 11 11 11 11 

15175
11 11 11 11 11 11 11 11 11 11 11 11 11 11 11 11 11 11 11 11 11 11 11 11 11 11 11 11 11 11 11 11 11 11 11 11 11 11 11 
11 0 0 0 0 0 11 0 0 11 0 0 0 0 0 0 0 0 0 0 0 0 0 11 0 0 11 0 0 11 0 0 11 0 0 0 0 0 11 
11 11 0 0 0 0 11 0 0 11 0 0 11 0 0 0 0 0 0 0 0 0 11 0 0 0 0 0 11 0 0 0 0 0 11 0 0 0 11 
11 0 0 11 0 0 0 11 11 0 0 0 0 0 0 0 0 0 11 0 0 0 0 0 0 0 0 11 0 0 0 0 11 0 0 0 0 0 11 
11 0 0 0 0 11 15 11 11 15 0 0 0 0 0 11 11 0 0 11 0 0 0 0 0 0 0 0 0 0 0 0 0 0 0 0 0 0 11 
11 11 0 0 0 0 0 11 0 0 11 0 0 0 11 0 0 11 0 0 0 0 0 11 11 0 0 0 0 11 0 0 0 0 0 0 0 0 11 
11 0 0 0 0 0 0 0 11 0 0 0 0 0 0 0 0 0 11 0 0 11 0 0 0 0 0 0 0 11 0 11 0 0 0 11 0 0 11 
11 11 0 11 11 0 0 0 0 0 0 0 0 0 0 0 0 0 0 0 0 0 0 0 0 11 0 0 0 11 0 0 0 11 0 0 0 0 11 
11 0 0 0 0 11 0 0 11 0 11 11 0 0 0 0 0 0 0 0 0 0 0 0 0 11 0 0 0 0 0 0 0 11 0 0 0 0 11 
11 0 0 0 0 0 0 0 0 0 0 0 0 0 0 0 0 0 11 0 0 0 0 0 0 0 0 0 0 0 0 0 11 0 0 0 0 0 11 
11 0 11 0 0 0 0 11 11 0 0 0 0 0 0 0 0 0 0 0 0 0 0 0 0 0 0 0 0 15 11 0 0 11 0 0 0 0 11 
11 11 11 0 0 0 0 0 0 0 0 0 0 0 0 0 0 0 0 0 0 11 0 0 0 0 0 0 0 14 11 11 0 0 0 11 0 11 11 
11 0 11 0 0 0 0 0 0 0 0 0 0 11 0 11 0 0 0 15 11 0 0 0 0 0 0 11 0 0 0 0 0 0 0 11 0 0 11 
11 0 11 0 0 0 0 0 0 0 11 0 0 0 0 0 11 0 0 0 0 0 0 0 0 0 11 0 0 0 0 0 11 0 0 0 0 0 11 
11 0 0 11 0 0 0 0 0 11 0 11 0 0 0 0 0 0 0 0 0 0 0 0 0 0 0 0 11 0 0 0 0 0 0 0 0 0 11 
11 11 0 0 0 0 0 0 0 0 0 11 0 0 0 0 0 0 11 11 11 11 0 0 0 0 11 0 0 0 0 0 0 0 0 0 0 0 11 
11 0 0 0 0 0 0 0 0 0 0 0 0 11 0 0 11 0 0 11 0 11 11 0 0 0 11 11 11 0 0 0 11 0 0 11 11 0 11 
11 0 11 0 0 0 0 0 0 0 0 0 0 11 0 11 0 11 11 0 0 0 11 0 11 15 0 0 11 0 0 0 0 0 0 0 0 0 11 
11 0 11 0 0 0 0 11 0 0 11 0 0 0 0 11 11 11 0 11 0 0 0 0 11 0 0 0 11 0 0 0 0 11 0 0 11 0 11 
11 0 0 0 11 11 11 0 0 0 0 0 11 0 0 11 0 11 0 0 0 0 0 0 0 11 11 0 0 0 0 0 0 0 0 0 0 0 11 
11 11 0 11 11 0 0 0 0 0 0 0 0 0 0 0 0 0 0 11 0 0 11 0 0 15 11 0 0 11 0 0 0 0 0 11 0 0 11 
11 0 0 0 11 0 11 0 0 11 0 0 0 0 0 11 11 0 0 11 0 0 0 11 0 0 0 11 0 11 0 0 0 0 0 0 0 0 11 
11 0 0 0 0 0 0 0 0 0 0 0 0 11 11 11 11 0 0 0 0 0 0 0 0 0 0 0 0 0 11 0 0 11 11 0 0 0 11 
11 0 11 0 0 0 0 0 0 0 11 0 0 0 0 11 0 11 11 0 0 0 0 0 11 11 0 11 0 0 0 0 0 0 0 0 0 0 11 
11 0 0 0 0 0 0 0 0 0 11 0 11 0 0 0 11 11 0 0 0 0 12 0 11 0 0 0 11 0 0 11 11 0 0 0 0 11 11 
11 11 11 11 11 11 11 11 11 11 11 11 11 11 11 11 11 11 11 11 11 11 11 11 11 11 11 11 11 11 11 11 11 11 11 11 11 11 11 

15175
11 11 11 11 11 11 11 11 11 11 11 11 11 11 11 11 11 11 11 11 11 11 11 11 11 11 11 11 11 11 11 11 11 11 11 11 11 11 11 
11 0 0 0 0 0 11 0 0 11 0 0 0 0 0 0 0 0 0 0 0 0 0 11 0 0 11 0 0 11 0 0 11 0 0 0 0 0 11 
11 11 0 0 0 0 11 0 0 11 0 0 11 0 0 0 0 0 0 0 0 0 11 0 0 0 0 0 11 0 0 0 0 0 11 0 0 0 11 
11 0 0 11 0 0 0 11 11 0 0 0 0 0 0 0 0 0 11 0 0 0 0 0 0 0 0 11 0 0 0 0 11 0 0 0 0 0 11 
11 0 0 0 0 11 15 11 11 15 0 0 0 0 0 11 11 0 0 11 0 0 0 0 0 0 0 0 0 0 0 0 0 0 0 0 0 0 11 
11 11 0 0 0 0 0 11 0 0 11 0 0 0 11 0 0 11 0 0 0 0 0 11 11 0 0 0 0 11 0 0 0 0 0 0 0 0 11 
11 0 0 0 0 0 0 0 11 0 0 0 0 0 0 0 0 0 11 0 0 11 0 0 0 0 0 0 0 11 0 11 0 0 0 11 0 0 11 
11 11 0 11 11 0 0 0 0 0 0 0 0 0 0 0 0 0 0 0 0 0 0 0 0 11 0 0 0 11 0 0 0 11 0 0 0 0 11 
11 0 0 0 0 11 0 0 11 0 11 11 0 0 0 0 0 0 0 0 0 0 0 0 0 11 0 0 0 0 0 0 0 11 0 0 0 0 11 
11 0 0 0 0 0 0 0 0 0 0 0 0 0 0 0 0 0 11 0 0 0 0 0 0 0 0 0 0 0 0 0 11 0 0 0 0 0 11 
11 0 11 0 0 0 0 11 11 0 0 0 0 0 0 0 0 0 0 0 0 0 0 0 0 0 0 0 0 15 11 0 0 11 0 0 0 0 11 
11 11 11 0 0 0 0 0 0 0 0 0 0 0 0 0 0 0 0 0 0 11 0 0 0 0 0 0 0 14 11 11 0 0 0 11 0 11 11 
11 0 11 0 0 0 0 0 0 0 0 0 0 11 0 11 0 0 0 15 11 0 0 0 0 0 0 11 0 0 0 0 0 0 0 11 0 0 11 
11 0 11 0 0 0 0 0 0 0 11 0 0 0 0 0 11 0 0 0 0 0 0 0 0 0 11 0 0 0 0 0 11 0 0 0 0 0 11 
11 0 0 11 0 0 0 0 0 11 0 11 0 0 0 0 0 0 0 0 0 0 0 0 0 0 0 0 11 0 0 0 0 0 0 0 0 0 11 
11 11 0 0 0 0 0 0 0 0 0 11 0 0 0 0 0 0 11 11 11 11 0 0 0 0 11 0 0 0 0 0 0 0 0 0 0 0 11 
11 0 0 0 0 0 0 0 0 0 0 0 0 11 0 0 11 0 0 11 0 11 11 0 0 0 11 11 11 0 0 0 11 0 0 11 11 0 11 
11 0 11 0 0 0 0 0 0 0 0 0 0 11 0 11 0 11 11 0 0 0 11 0 11 15 0 0 11 0 0 0 0 0 0 0 0 0 11 
11 0 11 0 0 0 0 11 0 0 11 0 0 0 0 11 11 11 0 11 0 0 0 0 11 0 0 0 11 0 0 0 0 11 0 0 11 0 11 
11 0 0 0 11 11 11 0 0 0 0 0 11 0 0 11 0 11 0 0 0 0 0 0 0 11 11 0 0 0 0 0 0 0 0 0 0 0 11 
11 11 0 11 11 0 0 0 0 0 0 0 0 0 0 0 0 0 0 11 0 0 11 0 0 15 11 0 0 11 0 0 0 0 0 11 0 0 11 
11 0 0 0 11 0 11 0 0 11 0 0 0 0 0 11 11 0 0 11 0 0 0 11 0 0 0 11 0 11 0 0 0 0 0 0 0 0 11 
11 0 0 0 0 0 0 0 0 0 0 0 0 11 11 11 11 0 0 0 0 0 0 0 0 0 0 0 0 0 11 0 0 11 11 0 0 0 11 
11 0 11 0 0 0 0 0 0 0 11 0 0 0 0 11 0 11 11 0 0 0 0 0 11 11 0 11 0 0 0 0 0 0 0 0 0 0 11 
11 0 0 0 0 0 0 0 0 0 11 0 11 0 0 0 11 11 0 0 0 0 12 0 11 0 0 0 11 0 0 11 11 0 0 0 0 11 11 
11 11 11 11 11 11 11 11 11 11 11 11 11 11 11 11 11 11 11 11 11 11 11 11 11 11 11 11 11 11 11 11 11 11 11 11 11 11 11 

15171
11 11 11 11 11 11 11 11 11 11 11 11 11 11 11 11 11 11 11 11 11 11 11 11 11 11 11 11 11 11 11 11 11 11 11 11 11 11 11 
11 0 0 0 0 0 11 0 15 11 0 0 0 0 0 0 0 0 0 0 0 0 0 11 0 0 11 0 0 11 0 0 11 0 0 0 0 0 11 
11 11 0 0 0 0 11 0 0 11 0 0 11 0 0 0 0 0 0 0 0 0 11 0 0 0 0 0 11 0 0 0 0 0 11 0 0 0 11 
11 0 0 11 0 0 0 11 11 0 0 0 0 0 0 0 0 0 11 0 0 0 0 0 0 0 0 11 0 0 0 0 11 0 0 0 0 0 11 
11 0 0 0 0 11 0 11 11 15 0 0 0 0 0 11 11 0 0 11 0 0 0 0 0 0 0 0 0 0 0 0 0 0 0 0 0 0 11 
11 11 0 0 0 0 0 11 0 0 11 0 0 0 11 0 0 11 0 0 0 0 0 11 11 0 0 0 0 11 0 0 0 0 0 0 0 0 11 
11 0 0 0 0 0 0 0 11 0 0 0 0 0 0 0 0 0 11 0 0 11 0 0 0 0 0 0 14 11 0 11 0 0 0 11 0 0 11 
11 11 0 11 11 0 0 0 0 0 0 0 0 0 0 0 0 0 0 0 0 0 0 0 0 11 0 0 0 11 0 0 0 11 0 0 0 0 11 
11 0 0 0 0 11 0 0 11 0 11 11 0 0 0 0 0 0 0 0 0 0 0 0 0 11 0 0 0 0 0 0 0 11 0 0 0 0 11 
11 0 0 0 0 0 0 0 0 0 0 0 0 0 0 0 0 0 11 0 0 0 0 0 0 15 0 0 0 0 0 0 11 0 0 0 0 0 11 
11 0 11 0 0 0 0 11 11 0 0 0 0 0 0 0 0 0 0 0 0 0 0 0 0 0 0 0 0 0 11 0 0 11 0 0 0 0 11 
11 11 11 0 0 0 0 0 0 0 0 0 0 0 0 0 0 0 0 0 0 11 0 0 0 0 0 0 0 0 11 11 0 0 0 11 0 11 11 
11 0 11 0 0 0 0 0 0 0 0 0 0 11 0 11 0 0 0 0 11 0 0 0 0 0 0 11 0 0 0 0 0 0 0 11 0 0 11 
11 0 11 0 0 0 0 0 0 0 11 0 0 0 0 0 11 0 0 0 0 0 0 0 0 0 11 0 0 0 0 0 11 0 0 0 0 0 11 
11 0 0 11 0 0 0 0 0 11 0 11 0 0 0 0 0 0 0 0 0 0 0 0 0 0 0 0 11 0 0 0 15 0 0 0 0 0 11 
11 11 0 0 0 0 0 0 0 0 0 11 0 0 0 0 0 15 11 11 11 11 0 0 0 0 11 0 0 0 0 0 0 0 0 0 0 0 11 
11 0 0 0 0 0 0 0 0 0 0 0 0 11 0 0 11 0 0 11 0 11 11 0 0 0 11 11 11 0 0 0 11 0 0 11 11 0 11 
11 0 11 0 0 0 0 0 0 0 0 0 0 11 0 11 0 11 11 0 0 0 11 0 11 0 0 0 11 0 0 0 0 0 0 0 0 0 11 
11 0 11 0 0 0 0 11 0 0 11 0 0 0 0 11 11 11 0 11 0 0 0 0 11 15 0 0 11 0 0 0 0 11 0 0 11 0 11 
11 0 0 0 11 11 11 0 0 0 0 0 11 0 0 11 0 11 14 0 0 0 0 0 0 11 11 0 0 0 0 0 0 0 0 0 0 0 11 
11 11 0 11 11 0 0 0 0 0 0 0 0 0 0 0 0 0 0 11 0 0 11 0 0 0 11 0 0 11 0 0 0 0 0 11 0 0 11 
11 0 0 0 11 0 11 0 0 11 0 0 0 0 0 11 11 0 0 11 0 0 0 11 0 0 0 11 0 11 0 0 0 0 0 0 0 0 11 
11 0 0 0 0 0 0 0 0 0 0 0 0 11 11 11 11 0 0 0 0 0 0 0 0 0 0 0 0 0 11 0 0 11 11 0 0 0 11 
11 0 11 0 0 0 0 0 0 0 11 0 0 0 0 11 0 11 11 0 0 0 0 0 11 11 0 11 0 0 0 0 0 0 0 0 0 0 11 
11 0 0 0 0 0 0 0 0 0 11 0 11 0 0 0 11 11 0 0 0 0 0 0 11 0 0 0 11 0 0 11 11 0 0 0 0 11 11 
11 11 11 11 11 11 11 11 11 11 11 11 11 11 11 11 11 11 11 11 11 11 11 11 11 11 11 11 11 11 11 11 11 11 11 11 11 11 11 

15171
11 11 11 11 11 11 11 11 11 11 11 11 11 11 11 11 11 11 11 11 11 11 11 11 11 11 11 11 11 11 11 11 11 11 11 11 11 11 11 
11 0 0 0 0 0 11 0 15 11 0 0 0 0 0 0 0 0 0 0 0 0 0 11 0 0 11 0 0 11 0 0 11 0 0 0 0 0 11 
11 11 0 0 0 0 11 0 0 11 0 0 11 0 0 0 0 0 0 0 0 0 11 0 0 0 0 0 11 0 0 0 0 0 11 0 0 0 11 
11 0 0 11 0 0 0 11 11 0 0 0 0 0 0 0 0 0 11 0 0 0 0 0 0 0 0 11 0 0 0 0 11 0 0 0 0 0 11 
11 0 0 0 0 11 0 11 11 15 0 0 0 0 0 11 11 0 0 11 0 0 0 0 0 0 0 0 0 0 0 0 0 0 0 0 0 0 11 
11 11 0 0 0 0 0 11 0 0 11 0 0 0 11 0 0 11 0 0 0 0 0 11 11 0 0 0 0 11 0 0 0 0 0 0 0 0 11 
11 0 0 0 0 0 0 0 11 0 0 0 0 0 0 0 0 0 11 0 0 11 0 0 0 0 0 0 14 11 0 11 0 0 0 11 0 0 11 
11 11 0 11 11 0 0 0 0 0 0 0 0 0 0 0 0 0 0 0 0 0 0 0 0 11 0 0 0 11 0 0 0 11 0 0 0 0 11 
11 0 0 0 0 11 0 0 11 0 11 11 0 0 0 0 0 0 0 0 0 0 0 0 0 11 0 0 0 0 0 0 0 11 0 0 0 0 11 
11 0 0 0 0 0 0 0 0 0 0 0 0 0 0 0 0 0 11 0 0 0 0 0 0 15 0 0 0 0 0 0 11 0 0 0 0 0 11 
11 0 11 0 0 0 0 11 11 0 0 0 0 0 0 0 0 0 0 0 0 0 0 0 0 0 0 0 0 0 11 0 0 11 0 0 0 0 11 
11 11 11 0 0 0 0 0 0 0 0 0 0 0 0 0 0 0 0 0 0 11 0 0 0 0 0 0 0 0 11 11 0 0 0 11 0 11 11 
11 0 11 0 0 0 0 0 0 0 0 0 0 11 0 11 0 0 0 0 11 0 0 0 0 0 0 11 0 0 0 0 0 0 0 11 0 0 11 
11 0 11 0 0 0 0 0 0 0 11 0 0 0 0 0 11 0 0 0 0 0 0 0 0 0 11 0 0 0 0 0 11 0 0 0 0 0 11 
11 0 0 11 0 0 0 0 0 11 0 11 0 0 0 0 0 0 0 0 0 0 0 0 0 0 0 0 11 0 0 0 15 0 0 0 0 0 11 
11 11 0 0 0 0 0 0 0 0 0 11 0 0 0 0 0 15 11 11 11 11 0 0 0 0 11 0 0 0 0 0 0 0 0 0 0 0 11 
11 0 0 0 0 0 0 0 0 0 0 0 0 11 0 0 11 0 0 11 0 11 11 0 0 0 11 11 11 0 0 0 11 0 0 11 11 0 11 
11 0 11 0 0 0 0 0 0 0 0 0 0 11 0 11 0 11 11 0 0 0 11 0 11 0 0 0 11 0 0 0 0 0 0 0 0 0 11 
11 0 11 0 0 0 0 11 0 0 11 0 0 0 0 11 11 11 0 11 0 0 0 0 11 15 0 0 11 0 0 0 0 11 0 0 11 0 11 
11 0 0 0 11 11 11 0 0 0 0 0 11 0 0 11 0 11 14 0 0 0 0 0 0 11 11 0 0 0 0 0 0 0 0 0 0 0 11 
11 11 0 11 11 0 0 0 0 0 0 0 0 0 0 0 0 0 0 11 0 0 11 0 0 0 11 0 0 11 0 0 0 0 0 11 0 0 11 
11 0 0 0 11 0 11 0 0 11 0 0 0 0 0 11 11 0 0 11 0 0 0 11 0 0 0 11 0 11 0 0 0 0 0 0 0 0 11 
11 0 0 0 0 0 0 0 0 0 0 0 0 11 11 11 11 0 0 0 0 0 0 0 0 0 0 0 0 0 11 0 0 11 11 0 0 0 11 
11 0 11 0 0 0 0 0 0 0 11 0 0 0 0 11 0 11 11 0 0 0 0 0 11 11 0 11 0 0 0 0 0 0 0 0 0 0 11 
11 0 0 0 0 0 0 0 0 0 11 0 11 0 0 0 11 11 0 0 0 0 0 0 11 0 0 0 11 0 0 11 11 0 0 0 0 11 11 
11 11 11 11 11 11 11 11 11 11 11 11 11 11 11 11 11 11 11 11 11 11 11 11 11 11 11 11 11 11 11 11 11 11 11 11 11 11 11 

15265
11 11 11 11 11 11 11 11 11 11 11 11 11 11 11 11 11 11 11 11 11 11 11 11 11 11 11 11 11 11 11 11 11 11 11 11 11 11 11 
11 0 0 15 0 0 11 0 0 11 0 0 0 0 0 0 0 0 0 0 0 0 0 11 0 0 11 0 11 11 0 0 11 0 0 0 0 0 11 
11 11 0 0 0 0 11 0 0 11 0 0 11 0 0 0 11 0 0 0 0 0 11 0 0 0 0 0 11 0 0 0 0 0 11 0 0 0 11 
11 0 0 11 0 0 0 11 11 0 0 0 0 0 0 0 0 0 0 0 0 0 0 0 0 0 0 11 0 0 0 11 11 0 0 0 0 0 11 
11 0 0 0 0 11 15 11 11 0 0 0 0 0 0 0 0 0 0 11 0 0 0 0 0 0 0 0 0 0 0 0 0 0 0 11 0 0 11 
11 11 0 0 0 0 0 11 0 0 11 0 0 0 11 0 0 11 0 0 0 0 0 11 11 0 0 0 0 11 0 0 0 0 0 0 0 0 11 
11 0 0 0 11 0 0 0 11 0 0 0 0 0 0 0 0 0 11 0 0 11 0 0 0 0 0 0 0 11 0 11 0 0 0 11 0 0 11 
11 11 0 11 11 0 0 0 0 0 0 0 0 0 0 0 0 0 0 0 0 0 0 0 0 11 0 0 0 11 0 0 0 11 0 0 0 0 11 
11 0 0 0 0 11 0 0 11 0 11 11 0 0 0 0 0 0 0 0 0 0 0 0 0 11 0 15 0 0 0 0 0 11 0 0 0 0 11 
11 11 0 0 0 0 0 0 0 0 0 0 0 0 0 11 0 0 11 0 0 0 0 0 0 0 0 0 0 0 0 0 11 0 0 0 0 0 11 
11 0 11 0 0 0 0 11 11 0 0 0 0 0 0 0 0 0 0 0 0 0 0 0 0 0 0 0 0 0 11 0 0 11 0 0 0 11 11 
11 11 11 0 0 0 0 0 0 0 0 0 0 0 0 0 0 0 0 0 0 11 0 0 0 0 0 0 0 0 11 11 0 0 0 11 0 11 11 
11 0 11 0 0 0 0 0 0 0 0 0 0 11 0 11 0 0 0 0 0 0 0 0 0 0 0 11 0 0 0 15 0 0 0 11 0 0 11 
11 0 11 0 0 0 0 0 0 0 0 0 0 0 0 0 11 0 0 0 0 0 0 0 0 0 11 0 0 0 0 0 11 0 0 0 0 0 11 
11 0 0 11 0 0 0 0 0 11 0 11 0 0 0 0 0 0 0 0 0 0 0 0 0 0 0 0 11 0 0 0 0 0 0 0 0 0 11 
11 11 0 0 0 0 0 0 0 0 0 11 0 0 0 0 0 0 11 11 11 11 0 0 0 0 11 0 0 0 0 0 0 0 0 0 0 0 11 
11 0 0 0 0 0 0 0 0 0 0 11 0 11 0 0 11 0 0 11 0 15 0 0 0 0 11 11 11 0 0 0 0 0 0 11 11 0 11 
11 0 11 0 0 0 0 0 0 0 0 0 0 11 0 11 0 11 11 0 0 15 11 0 11 15 0 0 11 0 0 0 0 0 0 0 0 0 11 
11 0 11 0 0 0 0 11 0 0 11 0 0 0 0 11 11 0 0 11 0 0 0 0 11 0 0 0 11 0 0 11 0 11 0 0 11 0 11 
11 0 0 0 11 11 11 0 0 0 0 0 11 0 0 11 0 11 0 0 0 0 0 0 0 11 11 0 0 0 0 0 0 0 0 0 0 0 11 
11 11 0 11 11 0 0 0 0 0 0 0 0 0 0 0 0 0 0 11 0 0 11 0 0 0 11 0 0 11 0 0 0 0 0 11 0 0 11 
11 0 0 0 11 0 11 0 0 11 0 0 0 0 0 11 11 0 0 11 0 0 0 11 0 0 0 11 0 11 0 0 0 0 0 0 0 0 11 
11 0 0 0 0 0 0 0 0 0 0 0 0 11 11 11 11 0 0 0 0 0 0 0 0 0 0 0 0 0 0 0 0 11 11 0 0 0 11 
11 0 11 0 0 0 0 0 0 0 11 0 0 0 0 11 0 11 11 0 0 0 0 0 11 11 0 11 0 0 0 0 0 0 0 0 0 0 11 
11 0 0 0 0 0 0 0 0 0 11 0 11 0 0 0 11 11 0 0 0 0 0 0 11 0 0 0 11 0 0 11 11 0 0 0 0 11 11 
11 11 11 11 11 11 11 11 11 11 11 11 11 11 11 11 11 11 11 11 11 11 11 11 11 11 11 11 11 11 11 11 11 11 11 11 11 11 11 

15231
11 11 11 11 11 11 11 11 11 11 11 11 11 11 11 11 11 11 11 11 11 11 11 11 11 11 11 11 11 11 11 11 11 11 11 11 11 11 11 
11 0 0 0 0 0 11 15 0 11 0 0 0 0 0 0 0 0 0 0 0 0 0 11 0 0 11 0 11 11 0 0 11 0 0 0 0 0 11 
11 11 0 0 0 0 11 0 0 11 0 0 11 0 0 0 11 0 0 0 0 0 11 0 0 0 0 0 11 0 0 0 0 0 11 0 0 0 11 
11 0 0 11 0 0 0 11 11 0 0 0 0 0 0 0 0 0 0 0 0 0 0 0 0 0 0 11 0 0 0 11 11 0 0 0 0 0 11 
11 0 0 0 0 11 0 11 11 0 0 0 0 0 0 0 0 0 0 11 0 0 0 0 0 0 0 0 0 0 0 0 0 0 0 11 0 0 11 
11 11 0 0 0 0 0 11 0 0 11 0 0 0 11 0 0 11 0 0 0 0 0 11 11 0 0 0 0 11 0 0 0 0 0 0 0 0 11 
11 0 0 0 11 0 0 0 11 0 0 0 0 0 0 0 0 0 11 0 0 11 0 0 0 0 0 0 0 11 0 11 0 0 0 11 0 0 11 
11 11 0 11 11 0 0 15 0 0 0 0 0 0 0 0 0 0 0 0 0 0 0 0 0 11 0 0 0 11 0 0 0 11 0 0 0 0 11 
11 12 0 0 0 11 0 0 11 0 11 11 0 0 0 0 0 0 0 0 0 0 0 0 0 11 0 0 0 0 0 0 0 11 0 0 0 0 11 
11 11 0 0 0 0 0 0 0 0 0 0 0 0 0 11 0 0 11 0 0 0 0 0 0 15 0 0 0 0 0 0 11 0 0 0 0 0 11 
11 0 11 0 0 0 0 11 11 0 0 0 0 0 0 0 0 0 0 0 0 0 0 0 0 0 0 0 0 0 11 0 0 11 0 0 0 11 11 
11 11 11 0 0 0 0 0 0 0 0 0 0 0 0 0 0 0 0 0 0 11 0 0 0 0 0 0 0 0 11 11 0 0 0 11 0 11 11 
11 0 11 0 0 0 0 0 0 0 0 0 0 11 0 11 0 0 0 0 0 0 0 0 0 0 0 11 0 15 0 0 0 0 0 11 0 0 11 
11 0 11 0 0 0 0 0 0 0 0 0 0 0 0 0 11 0 0 0 0 0 0 0 0 13 11 0 0 0 15 0 11 0 0 0 0 0 11 
11 0 0 11 0 0 0 0 0 11 0 11 0 0 0 0 0 0 0 0 0 0 0 0 0 0 0 0 11 0 0 0 0 0 0 0 0 0 11 
11 11 0 0 0 0 0 0 0 0 0 11 0 0 0 0 0 0 11 11 11 11 0 0 0 0 11 0 0 0 0 0 0 0 0 0 0 0 11 
11 0 0 0 0 0 0 0 0 0 0 11 0 11 0 0 11 0 0 11 0 0 0 0 0 0 11 11 11 0 0 0 0 0 0 11 11 0 11 
11 0 11 0 0 0 0 0 0 0 0 0 0 11 0 11 0 11 11 15 0 0 11 0 11 0 0 0 11 0 0 0 0 0 0 0 0 0 11 
11 0 11 0 0 0 0 11 0 0 11 0 0 0 0 11 11 0 0 11 0 0 0 0 11 0 0 0 11 0 0 11 0 11 0 0 11 0 11 
11 0 0 0 11 11 11 0 0 0 0 0 11 0 0 11 0 11 0 0 0 15 0 0 0 11 11 0 0 0 0 0 0 0 0 0 0 0 11 
11 11 0 11 11 0 0 0 0 0 0 0 0 0 0 0 0 0 0 11 0 0 11 0 0 0 11 0 0 11 0 0 0 0 0 11 0 0 11 
11 0 0 0 11 0 11 0 0 11 0 0 0 0 0 11 11 0 0 11 0 0 0 11 0 0 0 11 0 11 0 0 0 0 0 0 0 0 11 
11 0 0 0 0 0 0 0 0 0 0 0 0 11 11 11 11 0 0 0 0 0 0 0 0 0 0 0 0 0 0 0 0 11 11 0 0 0 11 
11 0 11 0 0 0 0 0 0 0 11 0 0 0 0 11 0 11 11 0 0 0 0 0 11 11 0 11 0 0 0 0 0 0 0 0 0 0 11 
11 0 0 0 0 0 0 0 0 0 11 0 11 0 0 0 11 11 0 0 0 0 0 0 11 0 0 0 11 0 0 11 11 0 0 0 0 11 11 
11 11 11 11 11 11 11 11 11 11 11 11 11 11 11 11 11 11 11 11 11 11 11 11 11 11 11 11 11 11 11 11 11 11 11 11 11 11 11 

15213
11 11 11 11 11 11 11 11 11 11 11 11 11 11 11 11 11 11 11 11 11 11 11 11 11 11 11 11 11 11 11 11 11 11 11 11 11 11 11 
11 0 0 0 0 0 11 0 0 11 0 0 0 0 0 0 0 0 0 0 0 0 0 11 0 0 11 0 11 11 0 0 11 0 0 0 0 0 11 
11 11 0 0 0 0 11 15 0 11 0 0 11 0 0 0 11 0 0 0 0 0 11 0 0 0 0 0 11 0 0 0 0 0 11 0 0 0 11 
11 0 0 11 0 0 0 11 11 0 0 0 0 0 0 0 0 0 0 0 0 0 0 0 0 0 0 11 0 0 0 11 11 0 0 0 0 0 11 
11 0 0 0 0 11 0 11 11 0 0 0 0 0 0 0 0 0 0 11 0 0 0 0 0 0 0 0 0 0 0 0 0 0 0 11 0 0 11 
11 11 0 0 0 0 0 11 0 0 11 0 0 0 11 0 0 11 0 0 0 0 0 11 11 0 0 15 0 11 0 0 0 0 0 0 0 0 11 
11 0 0 0 11 0 0 0 11 0 0 0 0 0 0 0 0 0 11 0 0 11 0 0 0 0 0 0 0 11 0 11 0 0 0 11 0 0 11 
11 11 0 11 11 0 0 15 0 0 0 0 0 0 0 0 0 0 0 0 0 0 0 0 0 11 0 0 0 11 0 0 0 11 0 0 0 0 11 
11 0 0 0 0 11 0 0 11 0 11 11 0 0 0 0 0 0 0 0 0 0 0 0 0 11 0 0 0 0 0 0 0 11 0 0 0 0 11 
11 11 0 0 0 0 0 0 0 0 0 0 0 0 0 11 0 0 11 0 0 0 0 0 0 0 0 0 0 0 0 0 11 0 0 0 0 0 11 
11 0 11 0 0 0 0 11 11 0 0 0 0 0 0 0 0 0 0 0 0 0 0 0 0 0 0 0 15 0 11 0 0 11 0 0 0 11 11 
11 11 11 0 0 0 0 0 0 0 0 0 0 0 0 0 0 0 0 0 0 11 0 0 0 0 0 0 0 0 11 11 0 0 0 11 0 11 11 
11 0 11 0 0 0 0 0 0 0 0 0 0 11 0 11 0 0 0 0 0 0 0 0 0 0 0 11 0 0 0 0 0 0 0 11 0 0 11 
11 0 11 0 0 0 0 0 0 0 0 0 0 0 0 0 11 0 0 0 0 0 0 0 0 0 11 0 0 0 0 0 11 0 0 0 0 0 11 
11 0 0 11 0 0 0 0 0 11 0 11 0 0 0 0 0 0 0 0 0 0 0 0 0 0 0 0 11 0 0 0 0 0 0 0 0 0 11 
11 11 0 0 0 0 0 0 0 0 0 11 0 0 0 0 0 0 11 11 11 11 0 0 0 0 11 0 0 0 0 0 0 0 0 0 0 0 11 
11 0 0 0 0 0 0 0 0 0 0 11 0 11 0 0 11 0 0 11 0 0 0 0 0 0 11 11 11 0 0 0 0 0 0 11 11 0 11 
11 0 11 0 0 0 0 0 0 0 0 0 0 11 0 11 0 11 11 0 15 0 11 0 11 0 0 0 11 0 0 0 0 0 0 0 0 0 11 
11 0 11 0 0 0 0 11 0 0 11 0 0 0 0 11 11 0 0 11 0 0 0 0 11 0 0 0 11 0 0 11 0 11 0 0 11 0 11 
11 0 0 0 11 11 11 0 0 0 0 0 11 0 0 11 0 11 0 0 15 0 0 0 0 11 11 0 0 15 0 0 0 0 0 0 0 0 11 
11 11 0 11 11 0 0 0 0 0 0 0 0 0 0 0 0 0 0 11 0 0 11 0 0 0 11 0 0 11 0 0 0 0 0 11 0 0 11 
11 0 0 0 11 0 11 0 0 11 0 0 0 0 0 11 11 0 0 11 0 0 0 11 0 0 0 11 0 11 0 0 0 0 0 0 0 0 11 
11 0 0 0 0 0 0 0 0 0 0 0 0 11 11 11 11 0 0 0 0 0 0 0 0 0 0 0 0 0 0 0 0 11 11 0 0 0 11 
11 0 11 0 0 0 0 0 0 0 11 0 0 0 0 11 0 11 11 0 0 0 0 0 11 11 0 11 0 0 0 0 0 0 0 0 0 0 11 
11 0 0 0 0 0 0 0 0 0 11 0 11 0 0 0 11 11 0 0 0 0 0 0 11 0 0 0 11 0 0 11 11 0 0 0 0 11 11 
11 11 11 11 11 11 11 11 11 11 11 11 11 11 11 11 11 11 11 11 11 11 11 11 11 11 11 11 11 11 11 11 11 11 11 11 11 11 11 

15213
11 11 11 11 11 11 11 11 11 11 11 11 11 11 11 11 11 11 11 11 11 11 11 11 11 11 11 11 11 11 11 11 11 11 11 11 11 11 11 
11 0 0 0 0 0 11 0 0 11 0 0 0 0 0 0 0 0 0 0 0 0 0 11 0 0 11 0 11 11 0 0 11 0 0 0 0 0 11 
11 11 0 0 0 0 11 15 0 11 0 0 11 0 0 0 11 0 0 0 0 0 11 0 0 0 0 0 11 0 0 0 0 0 11 0 0 0 11 
11 0 0 11 0 0 0 11 11 0 0 0 0 0 0 0 0 0 0 0 0 0 0 0 0 0 0 11 0 0 0 11 11 0 0 0 0 0 11 
11 0 0 0 0 11 0 11 11 0 0 0 0 0 0 0 0 0 0 11 0 0 0 0 0 0 0 0 0 0 0 0 0 0 0 11 0 0 11 
11 11 0 0 0 0 0 11 0 0 11 0 0 0 11 0 0 11 0 0 0 0 0 11 11 0 0 15 0 11 0 0 0 0 0 0 0 0 11 
11 0 0 0 11 0 0 0 11 0 0 0 0 0 0 0 0 0 11 0 0 11 0 0 0 0 0 0 0 11 0 11 0 0 0 11 0 0 11 
11 11 0 11 11 0 0 15 0 0 0 0 0 0 0 0 0 0 0 0 0 0 0 0 0 11 0 0 0 11 0 0 0 11 0 0 0 0 11 
11 0 0 0 0 11 0 0 11 0 11 11 0 0 0 0 0 0 0 0 0 0 0 0 0 11 0 0 0 0 0 0 0 11 0 0 0 0 11 
11 11 0 0 0 0 0 0 0 0 0 0 0 0 0 11 0 0 11 0 0 0 0 0 0 0 0 0 0 0 0 0 11 0 0 0 0 0 11 
11 0 11 0 0 0 0 11 11 0 0 0 0 0 0 0 0 0 0 0 0 0 0 0 0 0 0 0 15 0 11 0 0 11 0 0 0 11 11 
11 11 11 0 0 0 0 0 0 0 0 0 0 0 0 0 0 0 0 0 0 11 0 0 0 0 0 0 0 0 11 11 0 0 0 11 0 11 11 
11 0 11 0 0 0 0 0 0 0 0 0 0 11 0 11 0 0 0 0 0 0 0 0 0 0 0 11 0 0 0 0 0 0 0 11 0 0 11 
11 0 11 0 0 0 0 0 0 0 0 0 0 0 0 0 11 0 0 0 0 0 0 0 0 0 11 0 0 0 0 0 11 0 0 0 0 0 11 
11 0 0 11 0 0 0 0 0 11 0 11 0 0 0 0 0 0 0 0 0 0 0 0 0 0 0 0 11 0 0 0 0 0 0 0 0 0 11 
11 11 0 0 0 0 0 0 0 0 0 11 0 0 0 0 0 0 11 11 11 11 0 0 0 0 11 0 0 0 0 0 0 0 0 0 0 0 11 
11 0 0 0 0 0 0 0 0 0 0 11 0 11 0 0 11 0 0 11 0 0 0 0 0 0 11 11 11 0 0 0 0 0 0 11 11 0 11 
11 0 11 0 0 0 0 0 0 0 0 0 0 11 0 11 0 11 11 0 15 0 11 0 11 0 0 0 11 0 0 0 0 0 0 0 0 0 11 
11 0 11 0 0 0 0 11 0 0 11 0 0 0 0 11 11 0 0 11 0 0 0 0 11 0 0 0 11 0 0 11 0 11 0 0 11 0 11 
11 0 0 0 11 11 11 0 0 0 0 0 11 0 0 11 0 11 0 0 15 0 0 0 0 11 11 0 0 15 0 0 0 0 0 0 0 0 11 
11 11 0 11 11 0 0 0 0 0 0 0 0 0 0 0 0 0 0 11 0 0 11 0 0 0 11 0 0 11 0 0 0 0 0 11 0 0 11 
11 0 0 0 11 0 11 0 0 11 0 0 0 0 0 11 11 0 0 11 0 0 0 11 0 0 0 11 0 11 0 0 0 0 0 0 0 0 11 
11 0 0 0 0 0 0 0 0 0 0 0 0 11 11 11 11 0 0 0 0 0 0 0 0 0 0 0 0 0 0 0 0 11 11 0 0 0 11 
11 0 11 0 0 0 0 0 0 0 11 0 0 0 0 11 0 11 11 0 0 0 0 0 11 11 0 11 0 0 0 0 0 0 0 0 0 0 11 
11 0 0 0 0 0 0 0 0 0 11 0 11 0 0 0 11 11 0 0 0 0 0 0 11 0 0 0 11 0 0 11 11 0 0 0 0 11 11 
11 11 11 11 11 11 11 11 11 11 11 11 11 11 11 11 11 11 11 11 11 11 11 11 11 11 11 11 11 11 11 11 11 11 11 11 11 11 11 

15213
11 11 11 11 11 11 11 11 11 11 11 11 11 11 11 11 11 11 11 11 11 11 11 11 11 11 11 11 11 11 11 11 11 11 11 11 11 11 11 
11 0 0 0 0 0 11 0 0 11 0 0 0 0 0 0 0 0 0 0 0 0 0 11 0 0 11 0 11 11 0 0 11 0 0 0 0 0 11 
11 11 0 0 0 0 11 15 0 11 0 0 11 0 0 0 11 0 0 0 0 0 11 0 0 0 0 0 11 0 0 0 0 0 11 0 0 0 11 
11 0 0 11 0 0 0 11 11 0 0 0 0 0 0 0 0 0 0 0 0 0 0 0 0 0 0 11 0 0 0 11 11 0 0 0 0 0 11 
11 0 0 0 0 11 0 11 11 0 0 0 0 0 0 0 0 0 0 11 0 0 0 0 0 0 0 0 0 0 0 0 0 0 0 11 0 0 11 
11 11 0 0 0 0 0 11 0 0 11 0 0 0 11 0 0 11 0 0 0 0 0 11 11 0 0 15 0 11 0 0 0 0 0 0 0 0 11 
11 0 0 0 11 0 0 0 11 0 0 0 0 0 0 0 0 0 11 0 0 11 0 0 0 0 0 0 0 11 0 11 0 0 0 11 0 0 11 
11 11 0 11 11 0 0 15 0 0 0 0 0 0 0 0 0 0 0 0 0 0 0 0 0 11 0 0 0 11 0 0 0 11 0 0 0 0 11 
11 0 0 0 0 11 0 0 11 0 11 11 0 0 0 0 0 0 0 0 0 0 0 0 0 11 0 0 0 0 0 0 0 11 0 0 0 0 11 
11 11 0 0 0 0 0 0 0 0 0 0 0 0 0 11 0 0 11 0 0 0 0 0 0 0 0 0 0 0 0 0 11 0 0 0 0 0 11 
11 0 11 0 0 0 0 11 11 0 0 0 0 0 0 0 0 0 0 0 0 0 0 0 0 0 0 0 15 0 11 0 0 11 0 0 0 11 11 
11 11 11 0 0 0 0 0 0 0 0 0 0 0 0 0 0 0 0 0 0 11 0 0 0 0 0 0 0 0 11 11 0 0 0 11 0 11 11 
11 0 11 0 0 0 0 0 0 0 0 0 0 11 0 11 0 0 0 0 0 0 0 0 0 0 0 11 0 0 0 0 0 0 0 11 0 0 11 
11 0 11 0 0 0 0 0 0 0 0 0 0 0 0 0 11 0 0 0 0 0 0 0 0 0 11 0 0 0 0 0 11 0 0 0 0 0 11 
11 0 0 11 0 0 0 0 0 11 0 11 0 0 0 0 0 0 0 0 0 0 0 0 0 0 0 0 11 0 0 0 0 0 0 0 0 0 11 
11 11 0 0 0 0 0 0 0 0 0 11 0 0 0 0 0 0 11 11 11 11 0 0 0 0 11 0 0 0 0 0 0 0 0 0 0 0 11 
11 0 0 0 0 0 0 0 0 0 0 11 0 11 0 0 11 0 0 11 0 0 0 0 0 0 11 11 11 0 0 0 0 0 0 11 11 0 11 
11 0 11 0 0 0 0 0 0 0 0 0 0 11 0 11 0 11 11 0 15 0 11 0 11 0 0 0 11 0 0 0 0 0 0 0 0 0 11 
11 0 11 0 0 0 0 11 0 0 11 0 0 0 0 11 11 0 0 11 0 0 0 0 11 0 0 0 11 0 0 11 0 11 0 0 11 0 11 
11 0 0 0 11 11 11 0 0 0 0 0 11 0 0 11 0 11 0 0 15 0 0 0 0 11 11 0 0 15 0 0 0 0 0 0 0 0 11 
11 11 0 11 11 0 0 0 0 0 0 0 0 0 0 0 0 0 0 11 0 0 11 0 0 0 11 0 0 11 0 0 0 0 0 11 0 0 11 
11 0 0 0 11 0 11 0 0 11 0 0 0 0 0 11 11 0 0 11 0 0 0 11 0 0 0 11 0 11 0 0 0 0 0 0 0 0 11 
11 0 0 0 0 0 0 0 0 0 0 0 0 11 11 11 11 0 0 0 0 0 0 0 0 0 0 0 0 0 0 0 0 11 11 0 0 0 11 
11 0 11 0 0 0 0 0 0 0 11 0 0 0 0 11 0 11 11 0 0 0 0 0 11 11 0 11 0 0 0 0 0 0 0 0 0 0 11 
11 0 0 0 0 0 0 0 0 0 11 0 11 0 0 0 11 11 0 0 0 0 0 0 11 0 0 0 11 0 0 11 11 0 0 0 0 11 11 
11 11 11 11 11 11 11 11 11 11 11 11 11 11 11 11 11 11 11 11 11 11 11 11 11 11 11 11 11 11 11 11 11 11 11 11 11 11 11 

15292
11 11 11 11 11 11 11 11 11 11 11 11 11 11 11 11 11 11 11 11 11 11 11 11 11 11 11 11 11 11 11 11 11 11 11 11 11 11 11 
11 0 0 0 0 0 11 0 0 11 0 0 0 0 0 0 0 0 0 0 0 0 0 11 0 0 11 0 11 11 0 0 11 0 0 0 0 0 11 
11 11 0 0 0 0 11 0 0 11 0 0 11 0 0 0 11 0 0 0 0 0 11 0 0 0 0 0 11 0 0 0 0 0 11 0 0 0 11 
11 0 0 11 0 0 0 15 11 0 0 0 0 0 0 0 0 0 11 0 0 0 0 0 0 0 0 11 0 0 0 0 11 0 0 0 0 0 11 
11 0 0 0 0 11 0 11 11 0 0 0 0 0 0 0 0 11 0 11 0 0 0 0 0 0 0 0 0 0 0 0 0 0 11 0 0 0 11 
11 11 0 0 0 0 0 11 0 0 11 0 0 0 11 0 0 11 0 0 0 0 0 11 11 0 0 0 0 11 0 0 0 0 0 0 0 0 11 
11 0 0 0 0 0 0 0 11 0 0 0 0 0 0 0 0 0 11 0 0 11 0 0 0 0 0 0 0 11 0 11 0 0 0 11 0 0 11 
11 11 0 11 11 0 0 15 0 0 0 0 0 0 0 0 0 0 0 0 0 0 0 0 0 11 0 0 0 11 0 0 0 11 0 0 0 0 11 
11 0 0 0 0 11 0 0 11 0 11 11 0 0 0 0 11 0 0 0 0 0 0 0 0 11 0 0 0 0 0 0 0 11 0 0 0 0 11 
11 11 0 0 0 0 0 11 0 0 0 0 0 0 0 11 0 0 11 0 0 0 0 0 0 15 0 0 0 0 0 0 11 0 0 0 0 0 11 
11 0 11 0 0 0 0 11 11 0 0 0 0 0 0 0 0 0 0 0 0 0 0 0 0 0 0 0 0 0 11 0 0 11 0 0 0 11 11 
11 11 11 0 0 0 0 0 0 0 0 0 0 0 0 0 0 0 0 0 0 11 0 0 0 0 0 0 0 0 11 11 0 0 0 11 0 11 11 
11 0 11 0 0 0 0 0 0 0 0 0 0 11 0 11 0 0 0 0 0 0 0 0 0 0 0 11 0 0 15 0 0 0 0 11 0 0 11 
11 0 11 0 0 0 0 0 0 0 0 0 0 0 0 0 11 0 0 0 0 0 0 0 0 0 11 0 0 15 0 0 11 0 0 0 0 0 11 
11 0 0 11 0 0 0 0 0 11 0 11 0 0 0 0 0 0 0 0 0 0 0 0 0 0 0 0 11 0 0 0 0 0 0 0 0 0 11 
11 11 0 0 0 0 0 0 0 0 0 11 0 0 0 0 0 0 11 11 11 11 0 0 0 0 11 0 0 0 0 0 0 0 0 0 0 0 11 
11 0 0 0 0 0 0 0 0 0 0 11 0 11 0 0 11 0 0 11 0 15 11 0 0 0 11 11 11 0 0 0 11 0 0 11 11 0 11 
11 0 11 0 0 0 0 0 0 0 0 0 0 11 0 11 0 11 11 15 0 0 11 0 11 0 0 0 11 0 0 0 0 0 0 0 0 0 11 
11 0 11 0 0 0 0 0 0 0 11 0 0 0 0 0 11 0 0 11 0 0 0 0 11 0 0 0 11 0 0 0 0 11 0 0 11 0 11 
11 0 0 0 11 11 11 0 0 0 0 0 11 0 0 11 0 11 0 0 0 0 0 0 0 11 11 0 0 0 0 0 0 0 0 0 0 0 11 
11 11 0 11 11 0 0 0 0 0 0 0 0 0 0 0 0 0 0 11 0 0 11 0 0 0 11 0 0 11 0 0 0 0 0 11 0 0 11 
11 0 0 0 11 0 11 0 0 11 0 0 0 0 0 11 11 0 0 11 0 0 0 11 0 0 0 11 0 11 0 0 0 0 0 0 0 0 11 
11 0 0 0 0 0 0 0 0 0 0 0 0 11 11 11 11 0 0 0 0 0 0 0 0 0 0 0 0 0 0 0 0 11 11 0 0 0 11 
11 0 11 0 0 0 0 0 0 0 11 0 0 0 0 11 0 11 11 0 0 0 0 0 11 11 0 11 0 0 0 0 0 0 0 0 0 0 11 
11 0 0 0 0 0 0 0 0 0 11 0 11 0 0 0 11 11 0 0 0 0 0 0 11 0 0 0 11 0 0 11 11 0 0 0 0 11 11 
11 11 11 11 11 11 11 11 11 11 11 11 11 11 11 11 11 11 11 11 11 11 11 11 11 11 11 11 11 11 11 11 11 11 11 11 11 11 11 

15228
11 11 11 11 11 11 11 11 11 11 11 11 11 11 11 11 11 11 11 11 11 11 11 11 11 11 11 11 11 11 11 11 11 11 11 11 11 11 11 
11 0 0 0 0 0 11 0 0 11 0 0 0 0 0 0 0 0 0 0 0 0 0 11 0 0 11 0 11 11 0 0 11 0 0 0 0 0 11 
11 11 0 0 0 0 11 0 0 11 0 0 11 0 0 0 11 0 0 0 0 0 11 0 0 0 0 0 11 0 0 0 0 0 11 0 0 0 11 
11 0 0 11 0 0 0 0 11 0 0 0 0 0 0 0 0 0 11 0 0 0 0 0 0 0 0 11 0 0 0 0 11 0 0 0 0 0 11 
11 0 0 0 0 11 15 11 11 0 0 0 0 0 0 0 0 11 0 11 0 0 0 0 0 0 0 0 0 0 0 0 0 0 11 0 0 0 11 
11 11 0 0 0 0 0 11 0 0 11 0 0 0 11 0 0 11 0 0 0 0 0 11 11 0 0 0 0 11 0 0 0 0 0 0 0 0 11 
11 0 0 0 0 0 0 15 11 0 0 0 0 0 0 0 0 0 11 0 0 11 0 0 0 0 0 0 0 11 0 11 0 0 0 11 0 0 11 
11 11 0 11 11 0 0 0 0 0 0 0 0 0 0 0 0 0 0 0 0 0 0 0 12 11 0 0 0 11 0 0 0 11 0 0 0 0 11 
11 0 0 0 0 11 0 0 11 0 11 11 0 0 0 0 11 0 0 0 0 0 0 0 0 11 0 0 14 0 0 0 0 11 0 0 0 0 11 
11 11 0 0 0 0 0 11 0 0 0 0 0 0 0 11 0 0 11 0 0 0 0 0 0 0 0 0 0 0 0 0 11 0 0 0 0 0 11 
11 0 11 0 0 0 0 11 11 0 0 0 0 0 0 0 0 0 0 0 0 0 0 0 0 0 0 0 0 0 11 0 0 11 0 0 0 11 11 
11 11 11 0 0 0 0 0 0 0 0 0 0 0 0 0 0 0 0 0 0 11 0 0 0 0 0 0 0 0 11 11 0 0 0 11 0 11 11 
11 0 11 0 0 0 0 0 0 0 0 0 0 11 0 11 0 0 0 0 0 0 0 0 0 0 0 11 0 15 15 0 0 0 0 11 0 0 11 
11 0 11 0 0 0 0 0 0 0 0 0 0 0 0 0 11 0 0 0 0 0 0 0 0 0 11 0 0 0 0 0 11 0 0 0 0 0 11 
11 0 0 11 0 0 0 0 0 11 0 11 0 0 0 0 0 0 0 0 0 0 0 0 0 0 0 0 11 0 0 0 0 0 0 0 0 0 11 
11 11 0 0 0 0 0 0 0 0 0 11 0 0 0 0 0 0 11 11 11 11 0 0 0 0 11 0 0 0 0 0 0 0 0 0 0 0 11 
11 0 0 0 0 0 0 0 0 0 0 11 0 11 0 0 11 0 0 11 0 0 11 0 0 0 11 11 11 0 0 0 11 0 0 11 11 0 11 
11 0 11 0 0 0 0 0 0 0 0 0 0 11 0 11 0 11 11 0 0 0 11 0 11 0 0 0 11 0 0 0 0 0 0 0 0 0 11 
11 0 11 0 0 0 0 0 0 0 11 0 0 0 0 0 11 0 15 11 0 0 0 15 11 0 0 0 11 0 0 0 0 11 0 0 11 0 11 
11 0 0 0 11 11 11 0 0 0 0 0 11 0 0 11 0 11 0 0 0 0 0 0 0 11 11 0 0 0 0 0 0 0 0 0 0 0 11 
11 11 0 11 11 0 0 0 0 0 0 0 0 0 0 0 0 0 0 11 0 0 11 0 0 0 11 0 0 11 0 0 0 0 0 11 0 0 11 
11 0 0 0 11 0 11 0 0 11 0 0 0 0 0 11 11 0 0 11 0 0 0 11 0 0 0 11 0 11 0 0 0 0 0 0 0 0 11 
11 0 0 0 0 0 0 0 0 0 0 0 0 11 11 11 11 0 0 0 0 0 0 0 0 0 0 0 0 0 0 0 0 11 11 0 0 0 11 
11 0 11 0 0 0 0 0 0 0 11 0 0 0 0 11 0 11 11 0 0 0 0 0 11 11 0 11 0 0 0 0 0 0 0 0 0 0 11 
11 0 0 0 0 0 0 0 0 0 11 0 11 0 0 0 11 11 0 0 0 0 0 0 11 0 0 0 11 0 0 11 11 0 0 0 0 11 11 
11 11 11 11 11 11 11 11 11 11 11 11 11 11 11 11 11 11 11 11 11 11 11 11 11 11 11 11 11 11 11 11 11 11 11 11 11 11 11 

15228
11 11 11 11 11 11 11 11 11 11 11 11 11 11 11 11 11 11 11 11 11 11 11 11 11 11 11 11 11 11 11 11 11 11 11 11 11 11 11 
11 0 0 0 0 0 11 0 0 11 0 0 0 0 0 0 0 0 0 0 0 0 0 11 0 0 11 0 11 11 0 0 11 0 0 0 0 0 11 
11 11 0 0 0 0 11 0 0 11 0 0 11 0 0 0 11 0 0 0 0 0 11 0 0 0 0 0 11 0 0 0 0 0 11 0 0 0 11 
11 0 0 11 0 0 0 0 11 0 0 0 0 0 0 0 0 0 11 0 0 0 0 0 0 0 0 11 0 0 0 0 11 0 0 0 0 0 11 
11 0 0 0 0 11 15 11 11 0 0 0 0 0 0 0 0 11 0 11 0 0 0 0 0 0 0 0 0 0 0 0 0 0 11 0 0 0 11 
11 11 0 0 0 0 0 11 0 0 11 0 0 0 11 0 0 11 0 0 0 0 0 11 11 0 0 0 0 11 0 0 0 0 0 0 0 0 11 
11 0 0 0 0 0 0 15 11 0 0 0 0 0 0 0 0 0 11 0 0 11 0 0 0 0 0 0 0 11 0 11 0 0 0 11 0 0 11 
11 11 0 11 11 0 0 0 0 0 0 0 0 0 0 0 0 0 0 0 0 0 0 0 12 11 0 0 0 11 0 0 0 11 0 0 0 0 11 
11 0 0 0 0 11 0 0 11 0 11 11 0 0 0 0 11 0 0 0 0 0 0 0 0 11 0 0 14 0 0 0 0 11 0 0 0 0 11 
11 11 0 0 0 0 0 11 0 0 0 0 0 0 0 11 0 0 11 0 0 0 0 0 0 0 0 0 0 0 0 0 11 0 0 0 0 0 11 
11 0 11 0 0 0 0 11 11 0 0 0 0 0 0 0 0 0 0 0 0 0 0 0 0 0 0 0 0 0 11 0 0 11 0 0 0 11 11 
11 11 11 0 0 0 0 0 0 0 0 0 0 0 0 0 0 0 0 0 0 11 0 0 0 0 0 0 0 0 11 11 0 0 0 11 0 11 11 
11 0 11 0 0 0 0 0 0 0 0 0 0 11 0 11 0 0 0 0 0 0 0 0 0 0 0 11 0 15 15 0 0 0 0 11 0 0 11 
11 0 11 0 0 0 0 0 0 0 0 0 0 0 0 0 11 0 0 0 0 0 0 0 0 0 11 0 0 0 0 0 11 0 0 0 0 0 11 
11 0 0 11 0 0 0 0 0 11 0 11 0 0 0 0 0 0 0 0 0 0 0 0 0 0 0 0 11 0 0 0 0 0 0 0 0 0 11 
11 11 0 0 0 0 0 0 0 0 0 11 0 0 0 0 0 0 11 11 11 11 0 0 0 0 11 0 0 0 0 0 0 0 0 0 0 0 11 
11 0 0 0 0 0 0 0 0 0 0 11 0 11 0 0 11 0 0 11 0 0 11 0 0 0 11 11 11 0 0 0 11 0 0 11 11 0 11 
11 0 11 0 0 0 0 0 0 0 0 0 0 11 0 11 0 11 11 0 0 0 11 0 11 0 0 0 11 0 0 0 0 0 0 0 0 0 11 
11 0 11 0 0 0 0 0 0 0 11 0 0 0 0 0 11 0 15 11 0 0 0 15 11 0 0 0 11 0 0 0 0 11 0 0 11 0 11 
11 0 0 0 11 11 11 0 0 0 0 0 11 0 0 11 0 11 0 0 0 0 0 0 0 11 11 0 0 0 0 0 0 0 0 0 0 0 11 
11 11 0 11 11 0 0 0 0 0 0 0 0 0 0 0 0 0 0 11 0 0 11 0 0 0 11 0 0 11 0 0 0 0 0 11 0 0 11 
11 0 0 0 11 0 11 0 0 11 0 0 0 0 0 11 11 0 0 11 0 0 0 11 0 0 0 11 0 11 0 0 0 0 0 0 0 0 11 
11 0 0 0 0 0 0 0 0 0 0 0 0 11 11 11 11 0 0 0 0 0 0 0 0 0 0 0 0 0 0 0 0 11 11 0 0 0 11 
11 0 11 0 0 0 0 0 0 0 11 0 0 0 0 11 0 11 11 0 0 0 0 0 11 11 0 11 0 0 0 0 0 0 0 0 0 0 11 
11 0 0 0 0 0 0 0 0 0 11 0 11 0 0 0 11 11 0 0 0 0 0 0 11 0 0 0 11 0 0 11 11 0 0 0 0 11 11 
11 11 11 11 11 11 11 11 11 11 11 11 11 11 11 11 11 11 11 11 11 11 11 11 11 11 11 11 11 11 11 11 11 11 11 11 11 11 11 

15228
11 11 11 11 11 11 11 11 11 11 11 11 11 11 11 11 11 11 11 11 11 11 11 11 11 11 11 11 11 11 11 11 11 11 11 11 11 11 11 
11 0 0 0 0 0 11 0 0 11 0 0 0 0 0 0 0 0 0 0 0 0 0 11 0 0 11 0 11 11 0 0 11 0 0 0 0 0 11 
11 11 0 0 0 0 11 0 0 11 0 0 11 0 0 0 11 0 0 0 0 0 11 0 0 0 0 0 11 0 0 0 0 0 11 0 0 0 11 
11 0 0 11 0 0 0 0 11 0 0 0 0 0 0 0 0 0 11 0 0 0 0 0 0 0 0 11 0 0 0 0 11 0 0 0 0 0 11 
11 0 0 0 0 11 15 11 11 0 0 0 0 0 0 0 0 11 0 11 0 0 0 0 0 0 0 0 0 0 0 0 0 0 11 0 0 0 11 
11 11 0 0 0 0 0 11 0 0 11 0 0 0 11 0 0 11 0 0 0 0 0 11 11 0 0 0 0 11 0 0 0 0 0 0 0 0 11 
11 0 0 0 0 0 0 15 11 0 0 0 0 0 0 0 0 0 11 0 0 11 0 0 0 0 0 0 0 11 0 11 0 0 0 11 0 0 11 
11 11 0 11 11 0 0 0 0 0 0 0 0 0 0 0 0 0 0 0 0 0 0 0 12 11 0 0 0 11 0 0 0 11 0 0 0 0 11 
11 0 0 0 0 11 0 0 11 0 11 11 0 0 0 0 11 0 0 0 0 0 0 0 0 11 0 0 14 0 0 0 0 11 0 0 0 0 11 
11 11 0 0 0 0 0 11 0 0 0 0 0 0 0 11 0 0 11 0 0 0 0 0 0 0 0 0 0 0 0 0 11 0 0 0 0 0 11 
11 0 11 0 0 0 0 11 11 0 0 0 0 0 0 0 0 0 0 0 0 0 0 0 0 0 0 0 0 0 11 0 0 11 0 0 0 11 11 
11 11 11 0 0 0 0 0 0 0 0 0 0 0 0 0 0 0 0 0 0 11 0 0 0 0 0 0 0 0 11 11 0 0 0 11 0 11 11 
11 0 11 0 0 0 0 0 0 0 0 0 0 11 0 11 0 0 0 0 0 0 0 0 0 0 0 11 0 15 15 0 0 0 0 11 0 0 11 
11 0 11 0 0 0 0 0 0 0 0 0 0 0 0 0 11 0 0 0 0 0 0 0 0 0 11 0 0 0 0 0 11 0 0 0 0 0 11 
11 0 0 11 0 0 0 0 0 11 0 11 0 0 0 0 0 0 0 0 0 0 0 0 0 0 0 0 11 0 0 0 0 0 0 0 0 0 11 
11 11 0 0 0 0 0 0 0 0 0 11 0 0 0 0 0 0 11 11 11 11 0 0 0 0 11 0 0 0 0 0 0 0 0 0 0 0 11 
11 0 0 0 0 0 0 0 0 0 0 11 0 11 0 0 11 0 0 11 0 0 11 0 0 0 11 11 11 0 0 0 11 0 0 11 11 0 11 
11 0 11 0 0 0 0 0 0 0 0 0 0 11 0 11 0 11 11 0 0 0 11 0 11 0 0 0 11 0 0 0 0 0 0 0 0 0 11 
11 0 11 0 0 0 0 0 0 0 11 0 0 0 0 0 11 0 15 11 0 0 0 15 11 0 0 0 11 0 0 0 0 11 0 0 11 0 11 
11 0 0 0 11 11 11 0 0 0 0 0 11 0 0 11 0 11 0 0 0 0 0 0 0 11 11 0 0 0 0 0 0 0 0 0 0 0 11 
11 11 0 11 11 0 0 0 0 0 0 0 0 0 0 0 0 0 0 11 0 0 11 0 0 0 11 0 0 11 0 0 0 0 0 11 0 0 11 
11 0 0 0 11 0 11 0 0 11 0 0 0 0 0 11 11 0 0 11 0 0 0 11 0 0 0 11 0 11 0 0 0 0 0 0 0 0 11 
11 0 0 0 0 0 0 0 0 0 0 0 0 11 11 11 11 0 0 0 0 0 0 0 0 0 0 0 0 0 0 0 0 11 11 0 0 0 11 
11 0 11 0 0 0 0 0 0 0 11 0 0 0 0 11 0 11 11 0 0 0 0 0 11 11 0 11 0 0 0 0 0 0 0 0 0 0 11 
11 0 0 0 0 0 0 0 0 0 11 0 11 0 0 0 11 11 0 0 0 0 0 0 11 0 0 0 11 0 0 11 11 0 0 0 0 11 11 
11 11 11 11 11 11 11 11 11 11 11 11 11 11 11 11 11 11 11 11 11 11 11 11 11 11 11 11 11 11 11 11 11 11 11 11 11 11 11 

15146
11 11 11 11 11 11 11 11 11 11 11 11 11 11 11 11 11 11 11 11 11 11 11 11 11 11 11 11 11 11 11 11 11 11 11 11 11 11 11 
11 0 0 0 0 0 11 15 0 11 0 0 0 0 0 0 0 0 0 0 0 0 0 11 0 0 11 0 11 11 0 0 11 0 0 0 0 0 11 
11 11 0 0 0 0 11 0 0 11 0 0 11 0 0 0 11 0 0 0 0 0 11 0 0 0 0 0 11 0 0 0 0 0 11 0 0 0 11 
11 0 0 11 0 0 0 0 11 0 0 0 0 0 0 0 0 0 11 0 0 0 0 0 0 0 0 11 0 0 0 0 11 0 0 0 0 0 11 
11 0 0 0 0 11 0 11 11 0 0 0 0 0 0 0 0 11 0 11 0 0 0 0 0 0 0 0 0 0 0 0 0 0 11 0 0 0 11 
11 11 0 0 0 0 0 11 0 0 11 0 0 0 11 0 0 11 0 0 0 0 0 11 11 0 0 0 0 11 0 0 0 0 0 0 0 0 11 
11 0 0 0 0 0 0 15 11 0 0 0 0 0 0 0 0 0 11 0 0 11 0 0 0 0 0 0 0 11 0 11 0 0 0 11 0 0 11 
11 11 0 11 11 0 0 0 0 0 0 0 0 0 0 0 0 0 0 0 0 0 0 0 0 11 0 0 0 11 0 0 0 11 0 0 0 0 11 
11 0 0 0 0 11 0 0 11 0 11 11 0 0 0 0 11 0 0 0 0 0 0 0 0 11 0 0 0 0 12 0 0 11 0 0 0 0 11 
11 11 0 0 0 0 0 11 0 0 0 0 0 0 0 11 0 0 11 0 0 0 0 0 0 15 0 0 0 0 0 0 11 0 0 0 0 0 11 
11 0 11 0 0 0 0 11 11 0 0 0 0 0 0 0 0 0 0 0 0 0 0 0 0 0 0 0 0 0 11 0 0 11 0 0 0 11 11 
11 11 11 0 0 0 0 0 0 0 0 0 0 0 0 0 0 0 0 0 0 11 0 0 11 0 0 0 0 0 11 11 0 0 0 11 0 11 11 
11 0 11 0 0 0 0 0 0 0 0 0 0 11 0 11 0 0 0 0 0 0 0 0 0 0 0 11 0 0 0 15 0 0 0 11 0 0 11 
11 0 11 0 0 0 0 0 0 0 0 0 0 0 0 0 11 0 0 0 0 0 0 0 0 0 11 0 0 0 0 0 11 0 0 0 0 0 11 
11 0 0 11 0 0 0 0 0 11 0 11 0 0 0 0 0 0 0 0 0 0 0 0 0 0 0 0 11 0 0 0 0 0 0 0 0 0 11 
11 11 0 0 0 0 0 0 0 0 0 11 0 0 0 0 0 0 11 11 11 11 0 0 0 0 11 0 0 0 0 0 0 0 0 0 0 0 11 
11 0 0 0 0 0 0 0 0 0 0 11 0 11 0 0 11 0 15 11 0 0 11 0 0 0 11 11 11 0 0 0 11 0 0 11 11 0 11 
11 0 11 0 0 0 0 0 0 0 0 0 0 11 0 11 0 11 11 0 0 0 11 0 11 0 0 0 11 0 0 0 0 0 0 0 0 0 11 
11 0 11 0 0 0 0 0 0 0 11 0 0 0 0 0 11 0 0 11 0 14 0 0 11 0 0 0 11 0 0 0 0 11 0 0 11 0 11 
11 0 0 0 11 11 11 0 0 0 0 0 11 0 0 11 0 11 0 0 0 0 0 0 0 11 11 0 0 0 0 0 0 0 0 0 0 0 11 
11 11 0 11 11 0 0 0 0 0 0 0 0 0 0 0 0 0 0 11 0 0 11 0 0 0 11 0 0 11 0 0 0 0 0 11 0 0 11 
11 0 0 0 11 0 11 0 0 11 0 0 0 0 0 11 11 0 0 11 0 0 0 11 0 0 0 11 0 11 0 0 0 0 0 0 0 0 11 
11 0 0 0 0 0 0 0 0 0 0 0 0 11 11 11 11 0 0 0 0 0 0 0 0 0 0 0 13 0 11 0 0 11 11 0 0 0 11 
11 0 11 0 0 0 0 0 0 0 11 0 0 0 0 11 0 11 11 0 0 0 0 0 11 11 0 11 0 0 0 0 0 0 0 0 0 0 11 
11 0 0 0 0 0 0 0 0 0 11 0 11 0 0 0 11 11 0 0 0 0 0 0 11 0 15 0 11 0 0 11 11 0 0 0 0 11 11 
11 11 11 11 11 11 11 11 11 11 11 11 11 11 11 11 11 11 11 11 11 11 11 11 11 11 11 11 11 11 11 11 11 11 11 11 11 11 11 

15283
11 11 11 11 11 11 11 11 11 11 11 11 11 11 11 11 11 11 11 11 11 11 11 11 11 11 11 11 11 11 11 11 11 11 11 11 11 11 11 
11 0 0 0 0 0 11 15 0 11 0 0 0 0 0 0 0 0 0 0 0 0 0 11 0 0 11 0 11 11 0 0 11 0 0 0 0 0 11 
11 11 0 0 0 0 11 0 0 11 0 0 11 0 0 0 0 0 0 0 0 0 11 0 0 0 0 0 11 0 0 0 0 0 11 0 0 0 11 
11 0 0 11 0 0 0 0 11 0 0 0 0 0 0 0 0 0 0 0 0 0 0 0 0 0 0 11 0 0 0 0 11 0 0 0 0 0 11 
11 0 0 0 0 11 0 11 11 0 0 0 0 0 0 11 11 11 0 0 0 0 0 0 0 0 0 0 0 0 0 0 0 0 11 11 0 0 11 
11 11 0 0 0 0 0 11 0 0 11 0 0 0 11 0 0 11 0 0 0 0 0 11 11 0 0 0 0 11 0 0 0 0 0 0 0 0 11 
11 0 0 0 0 0 0 0 11 0 0 0 0 0 0 0 0 0 11 0 0 11 0 0 0 0 0 0 0 11 0 11 0 0 0 11 0 0 11 
11 11 0 11 11 0 0 15 0 0 0 0 0 0 0 0 0 0 0 0 0 0 0 0 0 11 0 0 0 11 0 0 0 11 0 0 0 0 11 
11 0 0 0 0 11 0 0 11 0 11 11 0 0 0 0 11 0 0 0 0 0 0 0 0 11 0 0 0 0 0 0 0 11 0 0 0 0 11 
11 11 0 0 0 0 0 11 0 0 0 0 0 0 0 0 0 0 11 0 0 0 0 0 0 15 0 0 0 0 0 0 11 0 0 0 0 0 11 
11 0 11 0 0 0 0 11 11 0 0 0 0 0 0 0 0 0 0 0 0 0 0 0 0 0 0 0 0 0 11 0 0 11 0 0 0 11 11 
11 11 11 0 0 0 0 0 0 0 0 0 0 0 0 0 0 0 0 0 0 11 0 0 0 0 0 0 0 0 11 11 0 0 0 11 0 11 11 
11 0 11 0 0 0 0 0 0 0 0 0 0 11 0 11 0 0 0 0 11 0 0 0 0 0 0 11 0 15 0 0 0 0 0 11 0 0 11 
11 0 11 0 0 0 0 0 0 0 11 0 0 0 0 0 11 0 0 0 0 0 0 0 0 0 11 0 0 0 0 0 11 0 0 0 0 0 11 
11 0 0 11 0 0 0 0 0 11 0 11 0 0 0 0 0 0 0 0 0 0 0 0 0 0 0 0 11 0 0 0 0 0 0 0 0 0 11 
11 11 0 0 0 0 0 0 0 0 0 11 0 0 0 0 0 0 11 0 11 11 0 0 0 0 11 0 0 0 0 0 0 0 0 0 0 0 11 
11 0 0 0 0 0 0 0 0 0 0 0 0 11 0 0 11 0 0 11 0 0 0 0 0 15 11 11 11 0 0 0 0 0 0 11 11 0 11 
11 0 11 0 0 0 0 0 0 0 0 0 0 11 0 11 0 11 11 0 0 0 11 0 11 0 0 0 11 0 0 0 0 0 0 0 0 0 11 
11 0 11 0 0 0 0 11 0 0 11 0 0 0 0 0 11 0 0 11 0 0 0 0 11 0 0 0 11 0 0 0 0 11 0 0 11 0 11 
11 0 0 0 11 11 11 0 0 0 0 0 11 0 0 11 0 11 0 15 15 0 0 0 0 11 11 0 0 0 0 0 0 0 0 0 0 0 11 
11 11 0 11 11 0 0 0 0 0 0 0 0 0 0 11 0 0 0 11 0 0 11 0 0 0 11 0 0 11 0 0 0 0 0 11 0 0 11 
11 0 0 0 11 0 11 0 0 11 0 0 0 0 0 11 11 0 0 11 0 0 0 11 0 0 0 11 0 11 0 0 0 0 0 0 0 0 11 
11 0 0 0 0 0 0 0 11 0 0 0 0 11 11 11 11 0 0 0 0 0 0 0 0 0 0 0 0 0 11 0 0 11 11 0 0 0 11 
11 0 11 0 0 0 0 0 0 0 11 0 0 0 0 11 0 11 11 0 0 0 0 0 11 11 0 11 0 0 0 0 0 0 0 0 0 0 11 
11 0 0 0 0 0 0 0 0 0 11 0 11 0 0 0 0 11 0 0 0 0 0 0 11 0 0 0 11 0 0 11 11 0 0 0 0 11 11 
11 11 11 11 11 11 11 11 11 11 11 11 11 11 11 11 11 11 11 11 11 11 11 11 11 11 11 11 11 11 11 11 11 11 11 11 11 11 11 

15237
11 11 11 11 11 11 11 11 11 11 11 11 11 11 11 11 11 11 11 11 11 11 11 11 11 11 11 11 11 11 11 11 11 11 11 11 11 11 11 
11 0 0 0 0 0 11 0 0 11 0 0 0 0 0 0 0 0 0 0 0 0 0 11 0 0 11 0 11 11 0 0 11 0 0 0 0 0 11 
11 11 0 0 0 0 11 0 0 11 0 0 11 0 0 0 0 0 0 0 0 0 11 0 0 0 0 0 11 0 0 0 0 0 11 0 0 0 11 
11 0 0 11 0 0 0 0 11 0 0 0 0 0 0 0 0 0 0 0 0 0 0 0 0 0 0 11 0 0 0 0 11 0 0 0 0 0 11 
11 0 0 0 0 11 0 11 11 0 0 0 0 0 0 11 11 11 0 0 0 0 0 0 0 0 0 0 0 0 0 0 0 0 11 11 0 0 11 
11 11 0 0 0 0 0 11 15 0 11 0 0 0 11 0 0 11 0 0 0 0 0 11 11 0 0 0 0 11 0 0 0 0 0 0 0 0 11 
11 0 0 0 0 0 0 0 11 0 0 0 0 0 0 0 0 0 11 0 0 11 0 0 0 0 0 0 0 11 0 11 0 0 0 11 0 0 11 
11 11 0 11 11 0 0 0 15 0 0 0 0 0 0 0 0 0 0 0 0 0 0 0 0 11 0 0 0 11 0 0 0 11 0 0 0 0 11 
11 0 0 0 0 11 0 0 11 0 11 11 0 0 0 0 11 0 0 0 0 0 0 0 0 11 0 0 0 0 0 0 0 11 0 0 0 0 11 
11 11 0 0 0 0 0 11 0 0 0 0 0 0 0 0 0 0 11 0 0 0 0 0 0 0 0 0 14 0 0 0 11 0 0 0 0 0 11 
11 0 11 0 0 0 0 11 11 0 0 0 0 0 0 0 0 0 0 0 0 0 0 0 0 0 0 0 0 0 11 0 0 11 0 0 0 11 11 
11 11 11 0 0 0 0 0 0 0 0 0 0 0 0 0 0 0 0 0 0 11 0 0 0 0 0 0 0 0 11 11 0 0 0 11 0 11 11 
11 0 11 0 0 0 0 0 0 0 0 0 0 11 0 11 0 0 0 0 11 0 0 0 0 0 0 11 0 15 0 0 0 0 0 11 0 0 11 
11 0 11 0 0 0 0 0 0 0 11 0 0 0 0 0 11 0 0 0 0 0 0 0 0 0 11 0 0 0 0 0 11 0 0 0 0 0 11 
11 0 0 11 0 0 0 0 0 11 0 11 0 0 0 0 0 0 0 0 0 0 0 0 0 0 0 0 11 0 0 0 0 0 0 0 0 0 11 
11 11 0 0 0 0 0 0 0 0 0 11 0 0 0 0 0 0 11 0 11 11 0 0 0 0 11 0 0 0 0 0 0 0 0 0 0 0 11 
11 0 0 0 0 0 0 0 0 0 0 0 0 11 0 0 11 0 0 11 0 0 0 0 15 0 11 11 11 0 0 0 0 0 0 11 11 0 11 
11 0 11 0 0 0 0 0 0 0 0 0 0 11 0 11 0 11 11 0 15 0 11 0 11 0 15 0 11 0 0 0 0 0 0 0 0 0 11 
11 0 11 0 0 0 0 11 0 0 11 0 0 0 0 0 11 0 15 11 0 0 0 0 11 0 0 0 11 0 0 0 0 11 0 0 11 0 11 
11 0 0 0 11 11 11 0 0 0 0 0 11 0 0 11 0 11 0 0 0 0 0 0 0 11 11 0 0 0 0 0 0 0 0 0 0 0 11 
11 11 0 11 11 0 0 0 0 0 0 0 0 0 0 11 0 0 0 11 0 0 11 0 0 0 11 0 0 11 0 0 0 0 0 11 0 0 11 
11 0 0 0 11 0 11 0 0 11 0 0 0 0 0 11 11 0 0 11 0 0 0 11 0 0 0 11 0 11 0 0 0 0 0 0 0 0 11 
11 0 0 0 0 0 0 0 11 0 0 0 0 11 11 11 11 0 0 0 0 0 0 0 0 0 0 0 0 0 11 0 0 11 11 0 0 0 11 
11 0 11 0 0 0 0 0 0 0 11 0 0 0 0 11 0 11 11 0 0 0 0 0 11 11 0 11 0 0 0 0 0 0 0 0 0 0 11 
11 0 0 0 0 0 0 0 0 0 11 0 11 0 0 0 0 11 0 0 0 0 0 0 11 0 0 0 11 0 0 11 11 0 0 0 0 11 11 
11 11 11 11 11 11 11 11 11 11 11 11 11 11 11 11 11 11 11 11 11 11 11 11 11 11 11 11 11 11 11 11 11 11 11 11 11 11 11 

15194
11 11 11 11 11 11 11 11 11 11 11 11 11 11 11 11 11 11 11 11 11 11 11 11 11 11 11 11 11 11 11 11 11 11 11 11 11 11 11 
11 0 0 0 0 0 11 0 15 11 0 0 0 0 0 0 0 0 0 0 0 0 0 11 0 0 11 0 11 11 0 0 11 0 0 0 0 0 11 
11 11 0 0 0 0 11 0 0 11 0 0 11 0 0 0 0 0 0 0 0 0 11 0 0 0 0 0 11 0 0 0 0 0 11 0 0 0 11 
11 0 0 11 0 0 0 0 11 0 0 0 0 0 0 0 0 0 0 0 0 0 0 0 0 0 0 11 0 0 0 0 11 0 0 0 0 0 11 
11 0 0 0 0 11 0 11 11 0 0 0 0 0 0 11 11 11 0 0 0 0 0 0 0 0 0 0 0 0 0 0 0 0 11 11 0 0 11 
11 11 0 0 0 0 15 11 0 0 11 0 0 0 11 0 0 11 0 0 0 0 0 11 11 0 0 0 0 11 0 0 0 0 0 0 0 0 11 
11 0 0 0 0 0 0 0 11 0 0 0 0 0 0 0 0 0 11 0 0 11 0 0 0 0 0 0 0 11 0 11 0 0 0 11 0 0 11 
11 11 0 11 11 0 0 0 0 0 0 0 0 0 0 0 0 0 0 0 0 15 0 0 0 11 0 0 0 11 0 0 0 11 0 0 0 0 11 
11 0 0 0 0 11 0 0 11 0 11 11 0 0 0 0 11 0 0 0 0 0 0 0 0 11 0 0 0 0 0 0 0 11 0 0 0 0 11 
11 11 0 0 0 0 0 11 0 0 0 0 0 0 0 0 0 0 11 0 0 0 0 0 0 0 0 15 0 0 0 0 11 0 0 0 0 0 11 
11 0 11 0 0 0 0 11 11 0 0 0 0 0 0 0 0 0 0 0 0 0 0 0 0 0 0 0 0 0 11 0 0 11 0 0 0 11 11 
11 11 11 0 0 0 0 0 0 0 0 0 0 0 0 0 0 0 0 0 0 11 0 0 0 0 0 0 0 0 11 11 0 0 0 11 0 11 11 
11 0 11 0 0 0 0 0 0 0 0 0 0 11 0 11 0 0 0 0 11 0 0 0 0 0 0 11 0 0 0 0 0 0 0 11 0 0 11 
11 0 11 0 0 0 0 0 0 0 11 0 0 0 0 0 11 0 0 0 0 0 0 0 0 0 11 0 0 0 0 0 11 0 0 0 0 0 11 
11 0 0 11 0 0 0 0 0 11 0 11 0 0 0 0 0 0 0 0 0 0 0 0 0 0 0 0 11 0 0 0 0 0 0 0 0 0 11 
11 11 0 0 0 0 0 0 0 0 0 11 0 0 0 0 0 0 11 15 11 11 0 0 0 0 11 0 0 0 0 0 0 0 0 0 0 0 11 
11 0 0 0 0 0 0 0 0 0 0 0 0 11 0 0 11 0 0 11 0 0 0 0 0 0 11 11 11 0 0 0 0 0 0 11 11 0 11 
11 0 11 0 0 0 0 0 0 0 0 0 0 11 0 11 0 11 11 0 0 0 11 0 11 15 0 0 11 0 0 0 0 0 0 0 0 0 11 
11 0 11 0 0 0 0 11 0 0 11 0 0 0 0 0 11 0 0 11 0 0 0 0 11 0 0 0 11 0 0 0 0 11 0 0 11 0 11 
11 0 0 0 11 11 11 0 0 0 0 0 11 0 0 11 0 11 0 0 0 0 0 0 0 11 11 0 0 0 0 0 0 0 0 0 0 0 11 
11 11 0 11 11 0 0 0 0 0 0 0 0 0 0 11 0 0 0 11 0 0 11 0 0 0 11 0 0 11 0 0 0 0 0 11 0 0 11 
11 0 0 0 11 0 11 0 0 11 0 0 0 0 0 11 11 0 0 11 0 0 0 11 0 0 0 11 0 11 0 0 0 0 0 0 0 0 11 
11 0 0 0 0 0 0 0 11 0 0 0 0 11 11 11 11 0 0 0 0 0 0 0 0 15 0 0 0 0 11 0 0 11 11 0 0 0 11 
11 0 11 0 0 0 0 0 0 0 11 0 0 0 0 11 0 11 11 0 0 0 0 0 11 11 0 11 0 0 0 0 0 0 0 0 0 0 11 
11 0 0 0 0 0 0 0 0 0 11 0 11 0 0 0 0 11 0 0 0 0 0 0 11 0 0 0 11 0 0 11 11 0 0 0 0 11 11 
11 11 11 11 11 11 11 11 11 11 11 11 11 11 11 11 11 11 11 11 11 11 11 11 11 11 11 11 11 11 11 11 11 11 11 11 11 11 11 

15194
11 11 11 11 11 11 11 11 11 11 11 11 11 11 11 11 11 11 11 11 11 11 11 11 11 11 11 11 11 11 11 11 11 11 11 11 11 11 11 
11 0 0 0 0 0 11 0 15 11 0 0 0 0 0 0 0 0 0 0 0 0 0 11 0 0 11 0 11 11 0 0 11 0 0 0 0 0 11 
11 11 0 0 0 0 11 0 0 11 0 0 11 0 0 0 0 0 0 0 0 0 11 0 0 0 0 0 11 0 0 0 0 0 11 0 0 0 11 
11 0 0 11 0 0 0 0 11 0 0 0 0 0 0 0 0 0 0 0 0 0 0 0 0 0 0 11 0 0 0 0 11 0 0 0 0 0 11 
11 0 0 0 0 11 0 11 11 0 0 0 0 0 0 11 11 11 0 0 0 0 0 0 0 0 0 0 0 0 0 0 0 0 11 11 0 0 11 
11 11 0 0 0 0 15 11 0 0 11 0 0 0 11 0 0 11 0 0 0 0 0 11 11 0 0 0 0 11 0 0 0 0 0 0 0 0 11 
11 0 0 0 0 0 0 0 11 0 0 0 0 0 0 0 0 0 11 0 0 11 0 0 0 0 0 0 0 11 0 11 0 0 0 11 0 0 11 
11 11 0 11 11 0 0 0 0 0 0 0 0 0 0 0 0 0 0 0 0 15 0 0 0 11 0 0 0 11 0 0 0 11 0 0 0 0 11 
11 0 0 0 0 11 0 0 11 0 11 11 0 0 0 0 11 0 0 0 0 0 0 0 0 11 0 0 0 0 0 0 0 11 0 0 0 0 11 
11 11 0 0 0 0 0 11 0 0 0 0 0 0 0 0 0 0 11 0 0 0 0 0 0 0 0 15 0 0 0 0 11 0 0 0 0 0 11 
11 0 11 0 0 0 0 11 11 0 0 0 0 0 0 0 0 0 0 0 0 0 0 0 0 0 0 0 0 0 11 0 0 11 0 0 0 11 11 
11 11 11 0 0 0 0 0 0 0 0 0 0 0 0 0 0 0 0 0 0 11 0 0 0 0 0 0 0 0 11 11 0 0 0 11 0 11 11 
11 0 11 0 0 0 0 0 0 0 0 0 0 11 0 11 0 0 0 0 11 0 0 0 0 0 0 11 0 0 0 0 0 0 0 11 0 0 11 
11 0 11 0 0 0 0 0 0 0 11 0 0 0 0 0 11 0 0 0 0 0 0 0 0 0 11 0 0 0 0 0 11 0 0 0 0 0 11 
11 0 0 11 0 0 0 0 0 11 0 11 0 0 0 0 0 0 0 0 0 0 0 0 0 0 0 0 11 0 0 0 0 0 0 0 0 0 11 
11 11 0 0 0 0 0 0 0 0 0 11 0 0 0 0 0 0 11 15 11 11 0 0 0 0 11 0 0 0 0 0 0 0 0 0 0 0 11 
11 0 0 0 0 0 0 0 0 0 0 0 0 11 0 0 11 0 0 11 0 0 0 0 0 0 11 11 11 0 0 0 0 0 0 11 11 0 11 
11 0 11 0 0 0 0 0 0 0 0 0 0 11 0 11 0 11 11 0 0 0 11 0 11 15 0 0 11 0 0 0 0 0 0 0 0 0 11 
11 0 11 0 0 0 0 11 0 0 11 0 0 0 0 0 11 0 0 11 0 0 0 0 11 0 0 0 11 0 0 0 0 11 0 0 11 0 11 
11 0 0 0 11 11 11 0 0 0 0 0 11 0 0 11 0 11 0 0 0 0 0 0 0 11 11 0 0 0 0 0 0 0 0 0 0 0 11 
11 11 0 11 11 0 0 0 0 0 0 0 0 0 0 11 0 0 0 11 0 0 11 0 0 0 11 0 0 11 0 0 0 0 0 11 0 0 11 
11 0 0 0 11 0 11 0 0 11 0 0 0 0 0 11 11 0 0 11 0 0 0 11 0 0 0 11 0 11 0 0 0 0 0 0 0 0 11 
11 0 0 0 0 0 0 0 11 0 0 0 0 11 11 11 11 0 0 0 0 0 0 0 0 15 0 0 0 0 11 0 0 11 11 0 0 0 11 
11 0 11 0 0 0 0 0 0 0 11 0 0 0 0 11 0 11 11 0 0 0 0 0 11 11 0 11 0 0 0 0 0 0 0 0 0 0 11 
11 0 0 0 0 0 0 0 0 0 11 0 11 0 0 0 0 11 0 0 0 0 0 0 11 0 0 0 11 0 0 11 11 0 0 0 0 11 11 
11 11 11 11 11 11 11 11 11 11 11 11 11 11 11 11 11 11 11 11 11 11 11 11 11 11 11 11 11 11 11 11 11 11 11 11 11 11 11 

15194
11 11 11 11 11 11 11 11 11 11 11 11 11 11 11 11 11 11 11 11 11 11 11 11 11 11 11 11 11 11 11 11 11 11 11 11 11 11 11 
11 0 0 0 0 0 11 0 15 11 0 0 0 0 0 0 0 0 0 0 0 0 0 11 0 0 11 0 11 11 0 0 11 0 0 0 0 0 11 
11 11 0 0 0 0 11 0 0 11 0 0 11 0 0 0 0 0 0 0 0 0 11 0 0 0 0 0 11 0 0 0 0 0 11 0 0 0 11 
11 0 0 11 0 0 0 0 11 0 0 0 0 0 0 0 0 0 0 0 0 0 0 0 0 0 0 11 0 0 0 0 11 0 0 0 0 0 11 
11 0 0 0 0 11 0 11 11 0 0 0 0 0 0 11 11 11 0 0 0 0 0 0 0 0 0 0 0 0 0 0 0 0 11 11 0 0 11 
11 11 0 0 0 0 15 11 0 0 11 0 0 0 11 0 0 11 0 0 0 0 0 11 11 0 0 0 0 11 0 0 0 0 0 0 0 0 11 
11 0 0 0 0 0 0 0 11 0 0 0 0 0 0 0 0 0 11 0 0 11 0 0 0 0 0 0 0 11 0 11 0 0 0 11 0 0 11 
11 11 0 11 11 0 0 0 0 0 0 0 0 0 0 0 0 0 0 0 0 15 0 0 0 11 0 0 0 11 0 0 0 11 0 0 0 0 11 
11 0 0 0 0 11 0 0 11 0 11 11 0 0 0 0 11 0 0 0 0 0 0 0 0 11 0 0 0 0 0 0 0 11 0 0 0 0 11 
11 11 0 0 0 0 0 11 0 0 0 0 0 0 0 0 0 0 11 0 0 0 0 0 0 0 0 15 0 0 0 0 11 0 0 0 0 0 11 
11 0 11 0 0 0 0 11 11 0 0 0 0 0 0 0 0 0 0 0 0 0 0 0 0 0 0 0 0 0 11 0 0 11 0 0 0 11 11 
11 11 11 0 0 0 0 0 0 0 0 0 0 0 0 0 0 0 0 0 0 11 0 0 0 0 0 0 0 0 11 11 0 0 0 11 0 11 11 
11 0 11 0 0 0 0 0 0 0 0 0 0 11 0 11 0 0 0 0 11 0 0 0 0 0 0 11 0 0 0 0 0 0 0 11 0 0 11 
11 0 11 0 0 0 0 0 0 0 11 0 0 0 0 0 11 0 0 0 0 0 0 0 0 0 11 0 0 0 0 0 11 0 0 0 0 0 11 
11 0 0 11 0 0 0 0 0 11 0 11 0 0 0 0 0 0 0 0 0 0 0 0 0 0 0 0 11 0 0 0 0 0 0 0 0 0 11 
11 11 0 0 0 0 0 0 0 0 0 11 0 0 0 0 0 0 11 15 11 11 0 0 0 0 11 0 0 0 0 0 0 0 0 0 0 0 11 
11 0 0 0 0 0 0 0 0 0 0 0 0 11 0 0 11 0 0 11 0 0 0 0 0 0 11 11 11 0 0 0 0 0 0 11 11 0 11 
11 0 11 0 0 0 0 0 0 0 0 0 0 11 0 11 0 11 11 0 0 0 11 0 11 15 0 0 11 0 0 0 0 0 0 0 0 0 11 
11 0 11 0 0 0 0 11 0 0 11 0 0 0 0 0 11 0 0 11 0 0 0 0 11 0 0 0 11 0 0 0 0 11 0 0 11 0 11 
11 0 0 0 11 11 11 0 0 0 0 0 11 0 0 11 0 11 0 0 0 0 0 0 0 11 11 0 0 0 0 0 0 0 0 0 0 0 11 
11 11 0 11 11 0 0 0 0 0 0 0 0 0 0 11 0 0 0 11 0 0 11 0 0 0 11 0 0 11 0 0 0 0 0 11 0 0 11 
11 0 0 0 11 0 11 0 0 11 0 0 0 0 0 11 11 0 0 11 0 0 0 11 0 0 0 11 0 11 0 0 0 0 0 0 0 0 11 
11 0 0 0 0 0 0 0 11 0 0 0 0 11 11 11 11 0 0 0 0 0 0 0 0 15 0 0 0 0 11 0 0 11 11 0 0 0 11 
11 0 11 0 0 0 0 0 0 0 11 0 0 0 0 11 0 11 11 0 0 0 0 0 11 11 0 11 0 0 0 0 0 0 0 0 0 0 11 
11 0 0 0 0 0 0 0 0 0 11 0 11 0 0 0 0 11 0 0 0 0 0 0 11 0 0 0 11 0 0 11 11 0 0 0 0 11 11 
11 11 11 11 11 11 11 11 11 11 11 11 11 11 11 11 11 11 11 11 11 11 11 11 11 11 11 11 11 11 11 11 11 11 11 11 11 11 11 

15277
11 11 11 11 11 11 11 11 11 11 11 11 11 11 11 11 11 11 11 11 11 11 11 11 11 11 11 11 11 11 11 11 11 11 11 11 11 11 11 
11 0 0 0 0 0 11 0 0 11 0 0 0 0 0 0 0 0 0 0 0 0 0 11 0 0 11 0 11 11 0 0 11 0 0 0 0 0 11 
11 11 0 0 0 0 11 15 0 11 0 0 11 0 0 0 11 0 0 0 0 0 11 0 0 0 0 0 11 0 0 0 0 0 11 0 0 0 11 
11 0 0 11 0 0 0 0 11 0 0 0 0 0 0 0 0 0 0 0 0 0 0 0 0 0 0 11 0 0 0 0 11 0 0 0 0 0 11 
11 0 0 0 0 11 0 11 11 15 0 0 0 0 0 0 11 11 0 0 0 0 0 0 0 0 0 0 0 0 0 0 0 0 11 0 0 0 11 
11 11 0 0 0 0 0 11 0 0 11 0 0 0 11 0 0 11 0 0 0 0 0 11 11 0 0 0 0 11 0 0 0 0 0 0 0 0 11 
11 0 0 0 11 0 0 0 11 0 0 0 0 0 0 0 0 0 11 0 0 11 0 0 0 0 0 0 0 11 0 11 0 0 0 11 0 0 11 
11 11 0 11 11 0 0 0 0 0 0 0 0 0 0 0 0 0 0 0 0 0 0 0 0 11 0 0 0 11 0 0 0 11 0 0 0 0 11 
11 0 0 0 0 11 0 0 11 0 11 11 0 0 0 0 0 0 0 0 0 0 0 0 0 11 0 0 0 0 0 0 0 11 0 0 0 0 11 
11 0 0 0 0 0 0 0 0 0 0 0 0 0 0 0 0 0 11 0 0 0 0 0 0 0 0 0 0 0 0 0 11 0 0 0 0 0 11 
11 0 11 0 0 0 0 11 11 0 0 0 0 0 0 0 0 0 0 0 0 0 0 0 0 0 0 0 0 0 11 0 0 11 0 0 0 0 11 
11 11 11 0 0 0 0 0 0 0 0 0 0 0 0 0 0 0 0 0 0 11 0 0 0 0 15 0 0 0 11 11 0 0 0 11 0 11 11 
11 0 11 0 0 0 0 0 0 0 0 0 0 11 0 11 0 0 0 0 0 0 0 0 0 0 0 11 0 0 15 0 0 0 0 11 0 0 11 
11 0 11 0 0 0 0 0 0 0 11 0 0 0 0 0 11 0 0 0 0 0 0 0 0 0 11 0 0 15 0 0 11 0 0 0 0 0 11 
11 0 0 11 0 0 0 0 0 11 0 11 0 0 0 0 0 0 0 0 0 0 0 0 0 0 0 0 11 0 0 0 0 0 0 0 0 0 11 
11 11 0 0 0 0 0 0 0 0 0 11 0 0 0 0 0 0 11 11 11 11 0 0 0 0 11 0 0 0 0 0 0 0 0 0 0 0 11 
11 0 0 0 0 0 0 0 0 0 0 11 0 11 0 0 11 0 0 11 0 11 0 0 0 0 11 11 11 0 0 0 11 0 0 11 11 0 11 
11 0 11 0 0 0 0 0 0 0 0 0 0 11 0 11 0 11 11 0 15 0 11 0 11 0 0 0 11 0 0 0 0 0 0 0 0 0 11 
11 0 11 0 0 0 0 11 0 0 11 0 0 0 0 11 11 0 15 11 0 0 0 0 11 0 0 0 11 0 0 0 0 11 0 0 11 0 11 
11 0 0 0 11 11 11 0 0 0 0 0 11 0 0 11 0 11 0 0 0 0 0 0 0 11 11 0 0 0 0 0 0 0 0 0 0 0 11 
11 11 0 11 11 0 0 0 0 0 0 0 0 0 0 0 0 0 0 11 0 0 11 0 0 0 11 0 0 11 11 0 0 0 0 11 0 0 11 
11 0 0 0 11 0 11 0 0 11 0 0 0 0 0 11 11 0 0 11 0 0 0 11 0 0 0 11 0 11 0 0 0 0 0 0 0 0 11 
11 0 0 0 0 0 0 0 0 0 0 0 0 11 11 11 11 0 0 0 0 0 0 0 0 0 0 0 0 0 11 0 0 11 11 0 0 0 11 
11 0 11 0 0 0 0 0 0 0 11 0 0 0 0 11 0 11 11 0 0 0 0 0 11 11 0 11 0 0 0 0 0 11 0 0 0 0 11 
11 0 0 0 0 0 0 0 0 0 11 0 11 0 0 0 0 11 0 0 0 0 0 0 11 0 0 0 11 0 0 11 11 0 0 0 0 11 11 
11 11 11 11 11 11 11 11 11 11 11 11 11 11 11 11 11 11 11 11 11 11 11 11 11 11 11 11 11 11 11 11 11 11 11 11 11 11 11 

15234
11 11 11 11 11 11 11 11 11 11 11 11 11 11 11 11 11 11 11 11 11 11 11 11 11 11 11 11 11 11 11 11 11 11 11 11 11 11 11 
11 0 0 0 0 0 11 0 0 11 0 0 0 0 0 0 0 0 0 0 0 0 0 11 0 0 11 0 11 11 0 0 11 0 0 0 0 0 11 
11 11 0 0 0 0 11 0 0 11 0 0 11 0 0 0 11 0 0 0 0 0 11 0 0 0 0 0 11 0 0 0 0 0 11 0 0 0 11 
11 0 0 11 0 0 0 0 11 0 0 0 0 0 0 0 0 0 0 0 0 0 0 0 0 0 0 11 0 0 0 0 11 0 0 0 0 0 11 
11 0 0 0 0 11 0 11 11 0 0 0 0 0 0 0 11 11 0 0 0 0 0 0 0 0 0 0 0 0 0 0 0 0 11 0 0 0 11 
11 11 0 0 0 0 0 11 15 0 11 0 0 0 11 0 0 11 0 0 0 0 0 11 11 0 0 0 0 11 0 0 0 0 0 0 0 0 11 
11 0 0 0 11 0 0 0 11 0 0 0 0 0 0 0 0 0 11 0 0 11 0 0 0 0 0 0 0 11 0 11 0 0 0 11 0 0 11 
11 11 0 11 11 0 0 0 15 0 0 0 0 0 0 0 0 0 0 0 0 0 0 0 0 11 0 0 0 11 0 0 0 11 0 0 0 0 11 
11 0 0 0 0 11 0 0 11 0 11 11 0 0 0 0 0 0 0 0 0 0 0 0 0 11 0 15 0 0 0 0 0 11 0 0 0 0 11 
11 0 0 0 0 0 0 0 0 0 0 0 0 0 0 0 0 0 11 0 0 0 0 0 0 0 0 0 0 0 0 0 11 0 0 0 0 0 11 
11 0 11 0 0 0 0 11 11 0 0 0 0 0 0 0 0 0 0 0 0 0 0 0 0 0 0 0 0 0 11 0 0 11 0 0 0 0 11 
11 11 11 0 0 0 0 0 0 0 0 0 0 0 0 0 0 0 0 0 0 11 0 0 0 0 0 0 0 0 11 11 0 0 0 11 0 11 11 
11 0 11 0 0 0 0 0 0 0 0 0 0 11 0 11 0 0 0 0 0 0 0 0 0 0 0 11 0 15 0 0 0 0 0 11 0 0 11 
11 0 11 0 0 0 0 0 0 0 11 0 0 0 0 0 11 0 0 0 0 0 0 0 0 0 11 0 0 0 0 0 11 0 0 0 0 0 11 
11 0 0 11 0 0 0 0 0 11 0 11 0 0 0 0 0 0 0 0 0 0 0 0 0 0 0 0 11 0 0 0 0 0 0 0 0 0 11 
11 11 0 0 0 0 0 0 0 0 0 11 0 0 0 0 0 0 11 11 11 11 0 0 0 0 11 0 0 0 0 0 0 0 0 0 0 0 11 
11 0 0 0 0 0 0 0 0 0 0 11 0 11 0 0 11 0 0 11 0 11 0 15 0 0 11 11 11 0 0 0 11 0 0 11 11 0 11 
11 0 11 0 0 0 0 0 0 0 0 0 0 11 0 11 0 11 11 0 14 15 11 0 11 0 0 0 11 0 0 0 0 0 0 0 0 0 11 
11 0 11 0 0 0 0 11 0 0 11 0 0 0 0 11 11 0 0 11 0 0 0 0 11 0 0 0 11 0 0 0 0 11 0 0 11 0 11 
11 0 0 0 11 11 11 0 0 0 0 0 11 0 0 11 0 11 0 0 0 0 0 0 0 11 11 0 0 0 0 0 0 0 0 0 0 0 11 
11 11 0 11 11 0 0 0 0 0 0 0 0 0 0 0 0 0 0 11 0 0 11 0 0 0 11 0 0 11 11 0 0 0 0 11 0 0 11 
11 0 0 0 11 0 11 0 0 11 0 0 0 0 0 11 11 0 0 11 0 0 0 11 0 0 0 11 0 11 0 0 0 0 0 0 0 0 11 
11 0 0 0 0 0 0 0 0 0 0 0 0 11 11 11 11 0 0 0 0 0 0 0 0 0 0 15 0 0 11 0 0 11 11 0 0 0 11 
11 0 11 0 0 0 0 0 0 0 11 0 0 0 0 11 0 11 11 0 0 0 0 0 11 11 0 11 0 0 0 0 0 11 0 0 0 0 11 
11 0 0 0 0 0 0 0 0 0 11 0 11 0 0 0 0 11 0 0 0 0 0 0 11 0 0 0 11 0 0 11 11 0 0 0 0 11 11 
11 11 11 11 11 11 11 11 11 11 11 11 11 11 11 11 11 11 11 11 11 11 11 11 11 11 11 11 11 11 11 11 11 11 11 11 11 11 11 

15231
11 11 11 11 11 11 11 11 11 11 11 11 11 11 11 11 11 11 11 11 11 11 11 11 11 11 11 11 11 11 11 11 11 11 11 11 11 11 11 
11 0 0 0 0 0 11 0 0 11 0 0 0 0 0 0 0 0 0 0 0 0 0 11 0 0 11 0 11 11 0 0 11 0 0 0 0 0 11 
11 11 0 0 0 0 11 0 0 11 0 0 11 0 0 0 11 0 0 0 0 0 11 0 0 0 0 0 11 0 0 0 0 0 11 0 0 0 11 
11 0 0 11 0 0 0 0 11 0 0 0 0 0 0 0 0 0 0 0 0 0 0 0 0 0 0 11 0 0 0 0 11 0 0 0 0 0 11 
11 0 0 0 0 11 0 11 11 0 0 0 0 0 0 0 11 11 0 0 0 0 0 0 0 0 0 0 0 0 0 0 0 0 11 0 0 0 11 
11 11 0 0 0 0 0 11 15 0 11 0 0 0 11 0 0 11 0 0 0 0 0 11 11 0 0 0 0 11 0 0 0 0 0 0 0 0 11 
11 0 0 0 11 0 0 0 11 0 0 0 0 0 0 0 0 0 11 0 0 11 0 0 0 0 0 0 0 11 0 11 0 0 0 11 0 0 11 
11 11 0 11 11 0 0 15 0 0 0 0 0 0 0 0 0 0 0 0 0 0 0 0 0 11 0 0 0 11 0 0 0 11 0 0 0 0 11 
11 0 0 0 0 11 0 0 11 0 11 11 0 0 0 0 0 0 0 0 0 0 0 0 0 11 0 0 0 0 0 0 0 11 0 0 0 0 11 
11 0 0 0 0 0 0 0 0 0 0 0 0 0 0 0 0 0 11 0 0 0 0 0 0 0 0 0 0 0 0 0 11 0 0 0 0 0 11 
11 0 11 0 0 0 0 11 11 0 0 0 0 0 0 0 0 0 0 0 0 0 0 0 0 0 0 0 0 0 11 0 0 11 0 0 0 0 11 
11 11 11 0 0 0 0 0 0 0 0 0 0 0 0 0 0 0 0 0 0 11 0 0 0 0 0 0 0 0 11 11 0 0 0 11 0 11 11 
11 0 11 0 0 0 0 0 0 0 0 0 0 11 13 11 0 0 0 0 0 0 0 0 0 0 0 11 15 15 0 0 0 0 0 11 0 0 11 
11 0 11 0 0 0 0 0 0 0 11 0 0 0 0 0 11 0 0 0 0 0 0 0 0 0 11 0 0 0 0 0 11 0 0 0 0 0 11 
11 0 0 11 0 0 0 0 0 11 0 11 0 0 0 0 0 0 0 0 0 0 0 0 0 0 0 0 11 0 0 0 0 0 0 0 0 0 11 
11 11 0 0 0 0 0 0 0 0 0 11 0 0 0 0 0 0 11 11 11 11 15 0 0 0 11 0 0 0 0 0 0 0 0 0 0 0 11 
11 0 0 0 0 0 0 0 0 0 0 11 0 11 0 0 11 0 0 11 0 11 0 0 0 0 11 11 11 0 0 0 11 0 0 11 11 0 11 
11 0 11 0 0 0 0 0 0 0 0 0 0 11 0 11 0 11 11 0 0 15 11 0 11 0 0 0 11 0 0 0 0 0 0 0 0 0 11 
11 0 11 0 0 0 0 11 0 0 11 0 0 0 0 11 11 0 0 11 0 0 0 0 11 0 0 0 11 0 0 0 0 11 0 0 11 0 11 
11 0 0 0 11 11 11 0 0 0 0 0 11 0 0 11 0 11 0 0 0 0 0 0 0 11 11 0 0 0 0 0 0 0 0 0 0 0 11 
11 11 0 11 11 0 0 0 0 0 0 0 0 0 0 0 11 0 0 11 0 0 11 0 0 15 11 0 0 11 11 0 0 0 0 11 0 0 11 
11 0 0 0 11 0 11 0 0 11 0 0 0 0 0 11 11 0 0 11 0 0 0 11 0 0 0 11 0 11 0 0 0 0 0 0 0 0 11 
11 0 0 0 0 0 0 0 0 0 0 0 0 11 11 11 11 0 0 0 0 0 0 0 0 0 0 0 0 0 11 0 0 11 11 0 0 0 11 
11 0 11 0 0 0 0 0 0 0 11 0 0 0 0 11 0 11 11 0 0 0 0 0 11 11 0 11 0 0 0 0 0 11 0 0 0 0 11 
11 0 0 0 0 0 0 0 0 0 11 0 11 0 0 0 0 11 0 0 0 0 0 0 11 0 0 0 11 0 0 11 11 0 0 0 0 11 11 
11 11 11 11 11 11 11 11 11 11 11 11 11 11 11 11 11 11 11 11 11 11 11 11 11 11 11 11 11 11 11 11 11 11 11 11 11 11 11 

15156
11 11 11 11 11 11 11 11 11 11 11 11 11 11 11 11 11 11 11 11 11 11 11 11 11 11 11 11 11 11 11 11 11 11 11 11 11 11 11 
11 0 0 15 0 0 11 0 0 11 0 0 0 0 0 0 0 0 0 0 0 0 0 11 0 0 11 0 11 11 0 0 11 0 0 0 0 0 11 
11 11 0 0 0 0 11 0 0 11 0 0 11 0 0 0 11 0 0 0 0 0 11 0 0 0 0 0 11 0 0 0 0 0 11 0 0 0 11 
11 0 0 11 0 0 0 0 11 0 0 0 0 0 0 0 0 0 0 0 0 0 0 0 0 0 0 11 0 0 0 0 11 0 0 0 0 0 11 
11 0 0 0 0 11 0 11 11 0 0 0 0 0 0 0 11 11 0 0 0 0 0 0 0 0 0 0 0 0 0 0 0 0 11 0 0 0 11 
11 11 0 0 0 0 0 11 0 0 11 0 0 0 11 0 0 11 0 0 0 0 0 11 11 0 0 0 0 11 0 0 0 0 0 0 0 0 11 
11 0 0 0 11 0 0 15 11 0 0 0 0 0 0 0 0 0 11 0 0 11 0 0 0 0 0 0 0 11 0 11 0 0 0 11 0 0 11 
11 11 0 11 11 0 0 0 0 0 0 0 0 0 0 0 0 0 0 0 0 0 0 0 0 11 0 0 0 11 0 0 0 11 0 0 0 0 11 
11 0 0 0 0 11 0 0 11 0 11 11 0 0 0 0 0 0 0 0 0 0 0 0 0 11 0 0 0 0 0 0 0 11 0 0 0 0 11 
11 0 0 0 0 0 0 0 0 0 0 0 0 0 0 0 0 0 11 0 0 0 0 0 0 0 0 14 0 0 0 0 11 0 0 0 0 0 11 
11 0 11 0 0 0 0 11 11 0 0 0 0 0 0 0 0 0 0 0 0 0 0 0 0 0 0 0 13 14 11 0 0 11 0 0 0 0 11 
11 11 11 0 0 0 0 0 0 0 0 0 0 0 0 0 0 0 0 0 0 11 0 0 0 0 0 0 0 0 11 11 0 0 0 11 0 11 11 
11 0 11 0 0 0 0 0 0 0 0 0 0 11 0 11 0 0 0 0 0 0 0 0 11 0 0 11 0 15 0 0 0 0 0 11 0 0 11 
11 0 11 0 0 0 0 0 0 0 11 0 0 0 0 0 11 0 0 0 0 0 0 0 0 0 11 0 14 0 0 0 11 0 0 0 0 0 11 
11 0 0 11 0 0 0 0 0 11 0 11 0 0 0 0 0 0 0 0 0 0 0 0 0 0 0 0 11 0 0 0 0 0 0 0 0 0 11 
11 11 0 0 0 0 0 0 0 0 0 11 0 0 0 0 0 0 11 11 11 11 0 0 0 0 11 0 0 0 0 0 0 0 0 0 0 0 11 
11 0 0 0 0 0 0 0 0 0 0 11 0 11 0 0 11 0 0 11 0 11 0 0 0 0 11 11 11 0 0 0 11 0 0 11 11 0 11 
11 0 11 0 0 0 0 0 0 0 0 0 0 11 0 11 0 11 11 0 0 15 11 0 11 0 0 0 11 0 0 0 0 0 0 0 0 0 11 
11 0 11 0 0 0 0 11 0 0 11 0 0 0 0 11 11 0 0 11 0 0 15 0 11 0 0 0 11 0 0 0 0 11 0 0 11 0 11 
11 0 0 0 11 11 11 0 0 0 0 0 11 0 0 11 0 11 0 0 0 0 0 0 0 11 11 0 0 0 0 11 0 0 0 0 0 0 11 
11 11 0 11 11 0 0 0 0 0 0 0 0 0 0 0 0 0 0 11 0 0 11 0 0 0 11 0 0 11 11 0 0 0 0 11 0 0 11 
11 0 0 0 11 0 11 0 0 11 0 0 0 0 0 11 11 0 0 11 0 0 0 11 0 0 0 11 0 11 0 0 0 0 0 0 0 0 11 
11 0 0 0 0 0 0 0 0 0 0 0 0 11 11 11 11 0 0 0 0 0 0 0 0 0 0 0 0 0 11 0 0 11 11 0 0 0 11 
11 0 11 0 0 0 0 0 0 0 11 0 0 0 0 11 0 11 11 0 0 0 0 0 11 11 0 11 0 0 0 0 0 11 0 0 0 0 11 
11 0 0 0 0 0 0 0 0 0 11 0 11 0 0 0 0 11 0 0 0 0 0 0 11 0 0 0 11 0 0 11 11 0 0 0 0 11 11 
11 11 11 11 11 11 11 11 11 11 11 11 11 11 11 11 11 11 11 11 11 11 11 11 11 11 11 11 11 11 11 11 11 11 11 11 11 11 11 

15156
11 11 11 11 11 11 11 11 11 11 11 11 11 11 11 11 11 11 11 11 11 11 11 11 11 11 11 11 11 11 11 11 11 11 11 11 11 11 11 
11 0 0 15 0 0 11 0 0 11 0 0 0 0 0 0 0 0 0 0 0 0 0 11 0 0 11 0 11 11 0 0 11 0 0 0 0 0 11 
11 11 0 0 0 0 11 0 0 11 0 0 11 0 0 0 11 0 0 0 0 0 11 0 0 0 0 0 11 0 0 0 0 0 11 0 0 0 11 
11 0 0 11 0 0 0 0 11 0 0 0 0 0 0 0 0 0 0 0 0 0 0 0 0 0 0 11 0 0 0 0 11 0 0 0 0 0 11 
11 0 0 0 0 11 0 11 11 0 0 0 0 0 0 0 11 11 0 0 0 0 0 0 0 0 0 0 0 0 0 0 0 0 11 0 0 0 11 
11 11 0 0 0 0 0 11 0 0 11 0 0 0 11 0 0 11 0 0 0 0 0 11 11 0 0 0 0 11 0 0 0 0 0 0 0 0 11 
11 0 0 0 11 0 0 15 11 0 0 0 0 0 0 0 0 0 11 0 0 11 0 0 0 0 0 0 0 11 0 11 0 0 0 11 0 0 11 
11 11 0 11 11 0 0 0 0 0 0 0 0 0 0 0 0 0 0 0 0 0 0 0 0 11 0 0 0 11 0 0 0 11 0 0 0 0 11 
11 0 0 0 0 11 0 0 11 0 11 11 0 0 0 0 0 0 0 0 0 0 0 0 0 11 0 0 0 0 0 0 0 11 0 0 0 0 11 
11 0 0 0 0 0 0 0 0 0 0 0 0 0 0 0 0 0 11 0 0 0 0 0 0 0 0 14 0 0 0 0 11 0 0 0 0 0 11 
11 0 11 0 0 0 0 11 11 0 0 0 0 0 0 0 0 0 0 0 0 0 0 0 0 0 0 0 13 14 11 0 0 11 0 0 0 0 11 
11 11 11 0 0 0 0 0 0 0 0 0 0 0 0 0 0 0 0 0 0 11 0 0 0 0 0 0 0 0 11 11 0 0 0 11 0 11 11 
11 0 11 0 0 0 0 0 0 0 0 0 0 11 0 11 0 0 0 0 0 0 0 0 11 0 0 11 0 15 0 0 0 0 0 11 0 0 11 
11 0 11 0 0 0 0 0 0 0 11 0 0 0 0 0 11 0 0 0 0 0 0 0 0 0 11 0 14 0 0 0 11 0 0 0 0 0 11 
11 0 0 11 0 0 0 0 0 11 0 11 0 0 0 0 0 0 0 0 0 0 0 0 0 0 0 0 11 0 0 0 0 0 0 0 0 0 11 
11 11 0 0 0 0 0 0 0 0 0 11 0 0 0 0 0 0 11 11 11 11 0 0 0 0 11 0 0 0 0 0 0 0 0 0 0 0 11 
11 0 0 0 0 0 0 0 0 0 0 11 0 11 0 0 11 0 0 11 0 11 0 0 0 0 11 11 11 0 0 0 11 0 0 11 11 0 11 
11 0 11 0 0 0 0 0 0 0 0 0 0 11 0 11 0 11 11 0 0 15 11 0 11 0 0 0 11 0 0 0 0 0 0 0 0 0 11 
11 0 11 0 0 0 0 11 0 0 11 0 0 0 0 11 11 0 0 11 0 0 15 0 11 0 0 0 11 0 0 0 0 11 0 0 11 0 11 
11 0 0 0 11 11 11 0 0 0 0 0 11 0 0 11 0 11 0 0 0 0 0 0 0 11 11 0 0 0 0 11 0 0 0 0 0 0 11 
11 11 0 11 11 0 0 0 0 0 0 0 0 0 0 0 0 0 0 11 0 0 11 0 0 0 11 0 0 11 11 0 0 0 0 11 0 0 11 
11 0 0 0 11 0 11 0 0 11 0 0 0 0 0 11 11 0 0 11 0 0 0 11 0 0 0 11 0 11 0 0 0 0 0 0 0 0 11 
11 0 0 0 0 0 0 0 0 0 0 0 0 11 11 11 11 0 0 0 0 0 0 0 0 0 0 0 0 0 11 0 0 11 11 0 0 0 11 
11 0 11 0 0 0 0 0 0 0 11 0 0 0 0 11 0 11 11 0 0 0 0 0 11 11 0 11 0 0 0 0 0 11 0 0 0 0 11 
11 0 0 0 0 0 0 0 0 0 11 0 11 0 0 0 0 11 0 0 0 0 0 0 11 0 0 0 11 0 0 11 11 0 0 0 0 11 11 
11 11 11 11 11 11 11 11 11 11 11 11 11 11 11 11 11 11 11 11 11 11 11 11 11 11 11 11 11 11 11 11 11 11 11 11 11 11 11 

