15661
11 11 11 11 11 11 11 11 11 11 11 11 11 11 11 11 11 11 11 11 11 11 11 11 11 11 11 11 11 11 11 11 11 11 11 11 11 11 11 
11 0 11 0 0 0 0 0 0 0 0 0 0 0 0 0 0 0 11 0 0 0 0 0 0 0 0 11 0 0 0 11 11 0 0 0 11 0 11 
11 0 11 0 0 0 0 0 0 0 0 11 0 11 0 0 0 0 0 0 0 11 0 11 0 11 0 0 0 0 0 0 0 0 0 0 0 0 11 
11 0 0 11 0 0 0 0 11 0 0 0 0 0 0 0 0 0 0 0 0 0 0 0 11 0 11 0 0 0 0 0 11 11 0 0 0 0 11 
11 0 0 0 0 0 0 11 0 0 0 0 0 0 0 11 0 0 0 0 0 0 0 11 0 11 0 0 11 0 0 0 11 11 11 0 0 0 11 
11 0 0 0 0 0 0 0 11 0 0 0 11 0 0 11 0 0 0 0 0 0 0 0 0 11 11 0 0 11 0 0 0 0 0 0 11 0 11 
11 0 0 0 0 0 0 0 0 11 11 0 0 0 0 0 0 11 0 0 0 0 0 0 0 0 11 0 0 11 0 0 0 0 0 0 0 11 11 
11 0 0 0 0 0 0 0 0 0 0 0 0 0 11 11 0 0 0 0 0 0 0 0 0 11 0 0 11 0 0 11 11 0 0 11 0 0 11 
11 0 0 0 0 0 0 0 11 11 0 0 0 11 0 0 0 0 0 11 0 0 0 11 0 0 0 0 0 0 0 0 0 11 0 0 0 11 11 
11 0 0 0 0 0 0 0 0 11 11 0 0 0 0 0 0 0 0 0 0 0 0 0 0 0 0 11 0 0 0 0 11 0 0 0 0 11 11 
11 0 11 0 0 11 0 0 0 0 0 11 0 15 0 0 0 11 0 0 11 0 11 0 0 0 11 0 0 0 11 0 0 0 0 11 0 0 11 
11 0 0 0 0 0 0 11 15 0 0 0 0 0 0 0 0 0 0 0 0 0 15 0 15 0 0 11 11 0 0 0 0 0 0 0 11 0 11 
11 0 0 0 0 0 0 11 0 0 0 0 0 0 0 11 0 11 0 0 0 0 11 0 0 0 0 0 11 0 0 11 11 11 0 0 0 0 11 
11 0 11 0 11 0 11 15 0 11 0 0 0 0 0 0 11 0 0 0 11 0 0 0 0 0 0 0 11 0 0 0 0 0 0 0 0 0 11 
11 11 0 0 0 0 0 0 0 0 0 0 0 11 0 0 11 0 0 0 0 11 0 11 11 11 0 11 0 0 11 0 0 11 0 0 0 0 11 
11 0 0 0 0 0 0 0 0 0 0 0 11 11 0 0 11 11 11 11 11 0 0 0 0 0 0 11 0 0 11 0 0 0 0 0 0 11 11 
11 0 11 0 11 0 0 11 0 0 0 0 15 0 0 0 0 0 0 0 0 0 11 0 0 11 0 0 0 0 11 0 11 11 11 11 0 0 11 
11 0 0 0 0 0 11 0 0 0 0 0 0 0 0 0 0 0 0 0 0 0 0 0 0 11 0 11 0 0 0 11 0 0 0 0 0 0 11 
11 0 11 11 0 0 0 0 0 0 0 0 0 0 15 0 0 11 0 0 0 0 0 0 0 0 0 0 11 0 0 11 0 0 0 11 0 11 11 
11 11 11 11 0 0 0 0 0 0 0 0 0 11 0 11 0 0 11 0 11 0 11 0 0 0 0 0 0 0 11 0 11 0 0 11 0 0 11 
11 0 0 11 0 0 0 0 0 0 0 11 0 0 0 0 0 0 0 0 0 0 0 0 11 0 11 0 0 0 0 0 0 0 11 11 11 0 11 
11 0 0 0 0 0 11 11 11 0 0 0 0 0 0 11 0 11 0 0 0 0 0 0 0 0 0 0 11 0 11 0 0 0 0 0 0 0 11 
11 11 11 0 0 0 0 0 0 0 0 0 0 0 0 0 0 0 0 0 0 0 0 11 0 0 11 0 0 0 0 0 0 0 0 0 11 11 11 
11 0 11 0 0 0 0 0 0 0 0 0 0 11 11 0 11 0 0 0 0 11 0 0 11 0 0 0 0 0 0 11 0 0 0 0 11 0 11 
11 0 0 0 0 0 0 0 11 0 0 11 0 0 0 0 11 0 0 0 0 0 0 0 0 0 0 0 0 0 0 0 0 0 0 0 0 0 11 
11 0 0 0 0 0 0 0 11 0 0 0 0 0 0 0 0 0 0 0 0 11 0 0 0 0 0 0 0 0 0 11 0 0 0 0 0 11 11 
11 0 0 0 0 0 0 0 0 0 11 0 0 0 11 0 0 0 0 0 11 0 0 0 0 0 0 0 0 0 11 11 11 0 0 11 0 0 11 
11 11 11 11 11 11 11 11 11 11 11 11 11 11 11 11 11 11 11 11 11 11 11 11 11 11 11 11 11 11 11 11 11 11 11 11 11 11 11 

15597
11 11 11 11 11 11 11 11 11 11 11 11 11 11 11 11 11 11 11 11 11 11 11 11 11 11 11 11 11 11 11 11 11 11 11 11 11 11 11 
11 0 11 0 0 0 0 0 0 0 0 0 0 0 0 0 0 0 11 0 0 0 0 0 0 0 0 11 0 0 0 11 11 0 0 0 11 0 11 
11 0 11 0 0 0 0 0 0 0 0 11 0 11 0 0 0 0 0 0 0 11 0 11 0 11 0 0 0 0 0 0 0 0 0 0 0 0 11 
11 0 0 11 0 0 0 0 11 0 0 0 0 0 0 0 0 0 0 0 0 0 0 0 11 0 11 0 0 0 0 0 11 11 0 0 0 0 11 
11 0 0 0 0 0 0 11 0 0 0 0 0 0 0 11 0 0 0 0 0 0 0 11 0 11 0 0 11 0 0 0 11 11 11 0 0 0 11 
11 0 0 0 0 0 0 0 11 0 0 0 11 0 0 11 0 0 0 0 0 0 0 0 0 11 11 0 0 11 0 0 0 0 0 0 11 0 11 
11 0 0 0 0 0 0 0 0 11 11 0 0 0 0 0 0 11 0 0 0 0 0 0 0 0 11 0 0 11 0 0 0 0 0 0 0 11 11 
11 0 0 0 0 0 0 0 0 0 0 0 0 0 11 11 0 15 0 0 0 0 0 0 0 11 0 0 11 0 0 11 11 0 0 11 0 0 11 
11 0 0 0 0 0 0 0 11 11 0 0 0 11 0 0 0 0 0 11 0 0 0 11 0 0 0 0 0 0 0 0 0 11 0 0 0 11 11 
11 0 0 0 0 0 0 0 0 11 11 0 0 0 0 0 0 0 0 0 0 0 0 0 0 0 0 11 0 0 0 0 11 0 0 0 0 11 11 
11 0 11 0 0 11 0 0 0 0 0 11 0 0 0 0 0 11 0 0 11 0 11 0 0 0 11 0 0 0 11 0 0 0 0 11 0 0 11 
11 0 0 0 0 0 0 11 0 0 0 0 0 0 0 0 0 0 0 0 0 0 0 0 0 15 0 11 11 0 0 0 0 0 0 0 11 0 11 
11 0 0 0 0 0 0 11 15 0 0 0 0 0 0 11 0 11 0 0 0 0 11 0 0 0 0 0 11 0 0 11 11 11 0 0 0 0 11 
11 0 11 0 11 0 11 15 0 11 0 0 0 0 0 0 11 0 0 0 11 0 0 0 0 0 0 0 11 0 0 0 0 0 0 0 0 0 11 
11 11 0 0 0 0 0 0 0 0 0 0 0 11 0 0 11 0 0 0 0 11 0 11 11 11 0 11 0 0 11 0 0 11 0 0 0 0 11 
11 0 0 0 0 0 0 0 0 0 0 0 11 11 0 0 11 11 11 11 11 0 0 0 0 0 0 11 0 0 11 0 0 0 0 0 0 11 11 
11 0 11 0 11 0 0 11 0 0 0 0 0 0 0 0 0 0 0 0 0 0 11 0 0 11 0 0 0 0 11 0 11 11 11 11 0 0 11 
11 0 0 0 0 0 11 0 0 12 0 0 0 0 0 15 0 0 0 0 0 0 0 0 0 11 0 11 0 0 0 11 0 0 0 0 0 0 11 
11 0 11 11 0 0 0 0 0 0 0 0 0 0 0 0 0 11 0 0 0 0 0 0 0 0 0 0 11 0 0 11 0 0 0 11 0 11 11 
11 11 11 11 0 0 0 0 0 0 0 0 0 11 0 11 15 0 11 0 11 0 11 0 0 0 0 0 0 0 11 0 11 0 0 11 0 0 11 
11 0 0 11 0 0 0 0 0 0 0 11 0 0 0 0 0 0 0 0 0 0 0 0 11 0 11 0 0 0 0 0 0 0 11 11 11 0 11 
11 0 0 0 0 0 11 11 11 0 0 0 0 0 0 11 0 11 0 0 0 0 0 0 0 0 0 0 11 0 11 0 0 0 0 0 0 0 11 
11 11 11 0 0 0 0 0 0 0 0 0 0 0 0 0 0 0 0 0 0 0 0 11 0 0 11 0 0 0 0 0 0 0 0 0 11 11 11 
11 0 11 0 0 0 0 0 0 0 0 0 0 11 11 0 11 0 0 0 0 11 0 0 11 0 0 0 0 0 0 11 0 0 0 0 11 0 11 
11 0 0 0 0 0 0 0 11 0 0 11 0 0 0 0 11 0 0 0 0 0 0 0 0 0 0 0 0 0 0 0 0 0 0 0 0 0 11 
11 0 0 0 0 0 0 0 11 0 0 0 0 0 0 0 0 0 0 0 0 11 0 0 0 0 0 0 0 0 0 11 0 0 0 0 0 11 11 
11 0 0 0 0 0 0 0 0 0 11 0 0 0 11 0 0 0 0 0 11 0 0 0 0 0 0 0 0 0 11 11 11 0 0 11 0 0 11 
11 11 11 11 11 11 11 11 11 11 11 11 11 11 11 11 11 11 11 11 11 11 11 11 11 11 11 11 11 11 11 11 11 11 11 11 11 11 11 

15597
11 11 11 11 11 11 11 11 11 11 11 11 11 11 11 11 11 11 11 11 11 11 11 11 11 11 11 11 11 11 11 11 11 11 11 11 11 11 11 
11 0 11 0 0 0 0 0 0 0 0 0 0 0 0 0 0 0 11 0 0 0 0 0 0 0 0 11 0 0 0 11 11 0 0 0 11 0 11 
11 0 11 0 0 0 0 0 0 0 0 11 0 11 0 0 0 0 0 0 0 11 0 11 0 11 0 0 0 0 0 0 0 0 0 0 0 0 11 
11 0 0 11 0 0 0 0 11 0 0 0 0 0 0 0 0 0 0 0 0 0 0 0 11 0 11 0 0 0 0 0 11 11 0 0 0 0 11 
11 0 0 0 0 0 0 11 0 0 0 0 0 0 0 11 0 0 0 0 0 0 0 11 0 11 0 0 11 0 0 0 11 11 11 0 0 0 11 
11 0 0 0 0 0 0 0 11 0 0 0 11 0 0 11 0 0 0 0 0 0 0 0 0 11 11 0 0 11 0 0 0 0 0 0 11 0 11 
11 0 0 0 0 0 0 0 0 11 11 0 0 0 0 0 0 11 0 0 0 0 0 0 0 0 11 0 0 11 0 0 0 0 0 0 0 11 11 
11 0 0 0 0 0 0 0 0 0 0 0 0 0 11 11 0 15 0 0 0 0 0 0 0 11 0 0 11 0 0 11 11 0 0 11 0 0 11 
11 0 0 0 0 0 0 0 11 11 0 0 0 11 0 0 0 0 0 11 0 0 0 11 0 0 0 0 0 0 0 0 0 11 0 0 0 11 11 
11 0 0 0 0 0 0 0 0 11 11 0 0 0 0 0 0 0 0 0 0 0 0 0 0 0 0 11 0 0 0 0 11 0 0 0 0 11 11 
11 0 11 0 0 11 0 0 0 0 0 11 0 0 0 0 0 11 0 0 11 0 11 0 0 0 11 0 0 0 11 0 0 0 0 11 0 0 11 
11 0 0 0 0 0 0 11 0 0 0 0 0 0 0 0 0 0 0 0 0 0 0 0 0 15 0 11 11 0 0 0 0 0 0 0 11 0 11 
11 0 0 0 0 0 0 11 15 0 0 0 0 0 0 11 0 11 0 0 0 0 11 0 0 0 0 0 11 0 0 11 11 11 0 0 0 0 11 
11 0 11 0 11 0 11 15 0 11 0 0 0 0 0 0 11 0 0 0 11 0 0 0 0 0 0 0 11 0 0 0 0 0 0 0 0 0 11 
11 11 0 0 0 0 0 0 0 0 0 0 0 11 0 0 11 0 0 0 0 11 0 11 11 11 0 11 0 0 11 0 0 11 0 0 0 0 11 
11 0 0 0 0 0 0 0 0 0 0 0 11 11 0 0 11 11 11 11 11 0 0 0 0 0 0 11 0 0 11 0 0 0 0 0 0 11 11 
11 0 11 0 11 0 0 11 0 0 0 0 0 0 0 0 0 0 0 0 0 0 11 0 0 11 0 0 0 0 11 0 11 11 11 11 0 0 11 
11 0 0 0 0 0 11 0 0 12 0 0 0 0 0 15 0 0 0 0 0 0 0 0 0 11 0 11 0 0 0 11 0 0 0 0 0 0 11 
11 0 11 11 0 0 0 0 0 0 0 0 0 0 0 0 0 11 0 0 0 0 0 0 0 0 0 0 11 0 0 11 0 0 0 11 0 11 11 
11 11 11 11 0 0 0 0 0 0 0 0 0 11 0 11 15 0 11 0 11 0 11 0 0 0 0 0 0 0 11 0 11 0 0 11 0 0 11 
11 0 0 11 0 0 0 0 0 0 0 11 0 0 0 0 0 0 0 0 0 0 0 0 11 0 11 0 0 0 0 0 0 0 11 11 11 0 11 
11 0 0 0 0 0 11 11 11 0 0 0 0 0 0 11 0 11 0 0 0 0 0 0 0 0 0 0 11 0 11 0 0 0 0 0 0 0 11 
11 11 11 0 0 0 0 0 0 0 0 0 0 0 0 0 0 0 0 0 0 0 0 11 0 0 11 0 0 0 0 0 0 0 0 0 11 11 11 
11 0 11 0 0 0 0 0 0 0 0 0 0 11 11 0 11 0 0 0 0 11 0 0 11 0 0 0 0 0 0 11 0 0 0 0 11 0 11 
11 0 0 0 0 0 0 0 11 0 0 11 0 0 0 0 11 0 0 0 0 0 0 0 0 0 0 0 0 0 0 0 0 0 0 0 0 0 11 
11 0 0 0 0 0 0 0 11 0 0 0 0 0 0 0 0 0 0 0 0 11 0 0 0 0 0 0 0 0 0 11 0 0 0 0 0 11 11 
11 0 0 0 0 0 0 0 0 0 11 0 0 0 11 0 0 0 0 0 11 0 0 0 0 0 0 0 0 0 11 11 11 0 0 11 0 0 11 
11 11 11 11 11 11 11 11 11 11 11 11 11 11 11 11 11 11 11 11 11 11 11 11 11 11 11 11 11 11 11 11 11 11 11 11 11 11 11 

15597
11 11 11 11 11 11 11 11 11 11 11 11 11 11 11 11 11 11 11 11 11 11 11 11 11 11 11 11 11 11 11 11 11 11 11 11 11 11 11 
11 0 11 0 0 0 0 0 0 0 0 0 0 0 0 0 0 0 11 0 0 0 0 0 0 0 0 11 0 0 0 11 11 0 0 0 11 0 11 
11 0 11 0 0 0 0 0 0 0 0 11 0 11 0 0 0 0 0 0 0 11 0 11 0 11 0 0 0 0 0 0 0 0 0 0 0 0 11 
11 0 0 11 0 0 0 0 11 0 0 0 0 0 0 0 0 0 0 0 0 0 0 0 11 0 11 0 0 0 0 0 11 11 0 0 0 0 11 
11 0 0 0 0 0 0 11 0 0 0 0 0 0 0 11 0 0 0 0 0 0 0 11 0 11 0 0 11 0 0 0 11 11 11 0 0 0 11 
11 0 0 0 0 0 0 0 11 0 0 0 11 0 0 11 0 0 0 0 0 0 0 0 0 11 11 0 0 11 0 0 0 0 0 0 11 0 11 
11 0 0 0 0 0 0 0 0 11 11 0 0 0 0 0 0 11 0 0 0 0 0 0 0 0 11 0 0 11 0 0 0 0 0 0 0 11 11 
11 0 0 0 0 0 0 0 0 0 0 0 0 0 11 11 0 15 0 0 0 0 0 0 0 11 0 0 11 0 0 11 11 0 0 11 0 0 11 
11 0 0 0 0 0 0 0 11 11 0 0 0 11 0 0 0 0 0 11 0 0 0 11 0 0 0 0 0 0 0 0 0 11 0 0 0 11 11 
11 0 0 0 0 0 0 0 0 11 11 0 0 0 0 0 0 0 0 0 0 0 0 0 0 0 0 11 0 0 0 0 11 0 0 0 0 11 11 
11 0 11 0 0 11 0 0 0 0 0 11 0 0 0 0 0 11 0 0 11 0 11 0 0 0 11 0 0 0 11 0 0 0 0 11 0 0 11 
11 0 0 0 0 0 0 11 0 0 0 0 0 0 0 0 0 0 0 0 0 0 0 0 0 15 0 11 11 0 0 0 0 0 0 0 11 0 11 
11 0 0 0 0 0 0 11 15 0 0 0 0 0 0 11 0 11 0 0 0 0 11 0 0 0 0 0 11 0 0 11 11 11 0 0 0 0 11 
11 0 11 0 11 0 11 15 0 11 0 0 0 0 0 0 11 0 0 0 11 0 0 0 0 0 0 0 11 0 0 0 0 0 0 0 0 0 11 
11 11 0 0 0 0 0 0 0 0 0 0 0 11 0 0 11 0 0 0 0 11 0 11 11 11 0 11 0 0 11 0 0 11 0 0 0 0 11 
11 0 0 0 0 0 0 0 0 0 0 0 11 11 0 0 11 11 11 11 11 0 0 0 0 0 0 11 0 0 11 0 0 0 0 0 0 11 11 
11 0 11 0 11 0 0 11 0 0 0 0 0 0 0 0 0 0 0 0 0 0 11 0 0 11 0 0 0 0 11 0 11 11 11 11 0 0 11 
11 0 0 0 0 0 11 0 0 12 0 0 0 0 0 15 0 0 0 0 0 0 0 0 0 11 0 11 0 0 0 11 0 0 0 0 0 0 11 
11 0 11 11 0 0 0 0 0 0 0 0 0 0 0 0 0 11 0 0 0 0 0 0 0 0 0 0 11 0 0 11 0 0 0 11 0 11 11 
11 11 11 11 0 0 0 0 0 0 0 0 0 11 0 11 15 0 11 0 11 0 11 0 0 0 0 0 0 0 11 0 11 0 0 11 0 0 11 
11 0 0 11 0 0 0 0 0 0 0 11 0 0 0 0 0 0 0 0 0 0 0 0 11 0 11 0 0 0 0 0 0 0 11 11 11 0 11 
11 0 0 0 0 0 11 11 11 0 0 0 0 0 0 11 0 11 0 0 0 0 0 0 0 0 0 0 11 0 11 0 0 0 0 0 0 0 11 
11 11 11 0 0 0 0 0 0 0 0 0 0 0 0 0 0 0 0 0 0 0 0 11 0 0 11 0 0 0 0 0 0 0 0 0 11 11 11 
11 0 11 0 0 0 0 0 0 0 0 0 0 11 11 0 11 0 0 0 0 11 0 0 11 0 0 0 0 0 0 11 0 0 0 0 11 0 11 
11 0 0 0 0 0 0 0 11 0 0 11 0 0 0 0 11 0 0 0 0 0 0 0 0 0 0 0 0 0 0 0 0 0 0 0 0 0 11 
11 0 0 0 0 0 0 0 11 0 0 0 0 0 0 0 0 0 0 0 0 11 0 0 0 0 0 0 0 0 0 11 0 0 0 0 0 11 11 
11 0 0 0 0 0 0 0 0 0 11 0 0 0 11 0 0 0 0 0 11 0 0 0 0 0 0 0 0 0 11 11 11 0 0 11 0 0 11 
11 11 11 11 11 11 11 11 11 11 11 11 11 11 11 11 11 11 11 11 11 11 11 11 11 11 11 11 11 11 11 11 11 11 11 11 11 11 11 

15542
11 11 11 11 11 11 11 11 11 11 11 11 11 11 11 11 11 11 11 11 11 11 11 11 11 11 11 11 11 11 11 11 11 11 11 11 11 11 11 
11 0 11 0 0 0 0 0 0 0 0 0 0 0 0 0 0 0 11 0 0 0 0 0 0 0 0 11 0 0 0 11 11 0 0 0 11 0 11 
11 0 11 0 0 0 0 0 0 0 0 11 0 11 0 0 0 0 0 0 0 11 0 11 0 11 0 0 0 0 0 0 0 0 0 0 0 0 11 
11 0 0 11 0 0 0 0 11 0 0 0 0 0 0 0 0 0 0 0 0 0 0 0 11 0 11 0 0 0 0 0 11 11 0 0 0 0 11 
11 0 0 0 0 0 0 11 0 0 0 0 0 0 0 11 0 0 0 0 0 0 0 11 0 11 0 0 11 0 0 0 11 11 11 0 0 0 11 
11 0 0 0 0 0 0 0 11 0 0 11 11 0 0 11 0 0 0 0 0 0 0 0 0 11 11 0 0 11 0 0 0 0 0 0 11 0 11 
11 0 0 0 0 0 0 0 0 11 11 0 0 0 0 0 0 11 0 0 0 0 0 0 0 0 11 0 0 11 0 0 0 0 0 0 0 11 11 
11 0 0 0 0 0 0 0 0 0 0 0 0 0 11 11 0 0 0 0 0 0 0 0 0 11 0 0 11 0 0 11 11 0 0 11 0 0 11 
11 0 0 0 0 0 0 0 11 11 0 0 0 11 0 0 0 0 0 11 15 0 0 11 0 0 0 0 0 0 0 0 0 11 0 0 0 11 11 
11 0 0 0 0 0 0 0 0 11 11 0 0 0 0 0 0 0 0 0 0 0 0 0 0 0 0 11 0 0 0 0 11 0 0 0 0 11 11 
11 0 11 0 0 11 0 0 0 0 0 11 0 15 0 0 0 11 0 0 11 0 11 0 0 0 11 0 0 0 11 0 0 0 0 11 0 0 11 
11 0 0 0 0 0 15 11 0 0 0 0 0 0 0 0 0 0 0 0 0 15 0 0 0 0 0 11 11 0 0 0 0 0 0 0 11 0 11 
11 0 0 0 0 0 0 11 0 0 0 0 0 0 0 11 0 11 0 0 0 0 11 0 0 0 0 0 11 0 0 11 11 11 0 0 0 0 11 
11 0 11 0 11 0 11 0 0 11 0 0 0 0 0 0 11 0 0 0 11 0 0 0 0 0 0 0 11 0 0 0 0 0 0 0 0 0 11 
11 11 0 0 0 14 0 0 0 0 0 0 0 11 0 0 11 0 0 0 0 11 0 11 11 11 0 11 0 0 11 0 0 11 0 0 0 0 11 
11 0 0 0 0 0 0 0 0 0 0 0 11 11 0 0 11 11 11 11 11 0 0 0 0 0 0 11 0 0 11 0 0 0 0 0 0 11 11 
11 0 11 0 11 0 0 11 0 0 0 0 0 0 0 0 0 0 0 0 0 0 11 0 0 11 0 0 0 0 11 0 11 11 11 11 0 0 11 
11 0 0 0 0 0 11 0 0 0 0 0 0 0 0 15 14 0 0 0 0 0 0 0 0 11 0 11 0 0 0 11 0 0 0 0 0 0 11 
11 0 11 11 0 0 0 0 0 0 0 0 0 0 0 0 0 11 0 0 0 0 0 0 0 0 0 0 11 0 0 11 0 0 0 11 0 11 11 
11 11 11 11 0 0 0 0 0 0 0 0 0 11 0 11 0 0 11 0 11 0 11 0 0 0 0 0 0 0 11 0 11 0 0 11 0 0 11 
11 0 0 11 0 0 0 0 0 0 0 11 0 0 0 0 0 0 0 0 0 0 0 0 11 0 11 0 0 0 0 0 0 0 11 11 11 0 11 
11 0 0 0 0 0 11 11 11 0 0 0 0 0 0 11 0 11 0 0 0 0 0 0 0 0 0 0 11 0 11 0 0 0 0 0 0 0 11 
11 11 11 0 0 0 0 0 0 0 0 0 0 0 0 0 0 0 0 0 0 0 0 11 0 0 11 0 0 0 0 0 0 0 0 0 11 11 11 
11 0 11 0 0 0 0 0 0 0 0 0 0 11 11 0 11 0 0 0 0 11 0 0 11 0 0 0 0 0 0 11 0 0 0 0 11 0 11 
11 0 0 0 0 0 0 0 11 0 0 11 0 0 0 0 11 0 0 0 0 0 0 0 0 0 0 0 0 0 0 0 0 0 0 0 0 0 11 
11 0 0 0 0 0 0 0 11 0 0 0 0 0 0 0 0 0 0 0 0 11 0 0 0 0 0 0 0 0 0 11 0 0 0 0 0 11 11 
11 0 0 0 0 0 0 0 0 0 11 0 0 0 11 0 0 0 0 0 11 0 0 0 0 0 0 0 0 0 11 11 11 0 0 11 0 0 11 
11 11 11 11 11 11 11 11 11 11 11 11 11 11 11 11 11 11 11 11 11 11 11 11 11 11 11 11 11 11 11 11 11 11 11 11 11 11 11 

15638
11 11 11 11 11 11 11 11 11 11 11 11 11 11 11 11 11 11 11 11 11 11 11 11 11 11 11 11 11 11 11 11 11 11 11 11 11 11 11 
11 0 11 0 0 0 0 0 0 0 0 0 0 0 0 0 0 0 11 0 0 0 0 0 0 0 0 11 0 0 0 0 11 0 0 0 11 0 11 
11 0 11 0 0 0 0 0 0 0 0 0 11 11 0 0 0 0 0 0 0 11 0 11 0 11 0 0 0 0 0 0 0 0 0 0 0 0 11 
11 0 0 11 0 0 0 0 11 0 0 0 0 0 0 0 0 0 0 0 0 0 0 0 11 0 11 0 0 0 0 0 11 11 0 0 0 0 11 
11 0 0 0 0 0 0 11 0 0 0 0 0 0 0 0 0 0 0 0 0 0 0 11 0 11 0 0 11 0 0 0 11 11 11 0 0 0 11 
11 0 0 0 0 0 0 0 11 0 0 0 11 0 0 11 0 11 0 0 0 0 0 0 0 11 11 0 0 11 0 0 0 0 0 0 11 0 11 
11 11 0 0 0 0 0 0 0 11 11 0 0 0 0 0 0 11 0 0 0 0 0 0 0 11 11 11 0 11 0 0 0 0 0 0 0 11 11 
11 0 0 0 0 0 0 0 0 0 0 0 0 0 11 11 0 0 0 0 0 0 0 0 0 11 0 0 11 0 0 11 11 0 0 11 0 0 11 
11 0 0 0 0 0 0 0 11 11 0 0 0 11 0 0 0 0 15 11 0 0 0 11 0 0 0 0 0 0 0 0 0 11 0 0 0 11 11 
11 0 0 0 0 0 0 0 0 11 11 0 0 0 0 0 0 0 0 0 0 0 0 0 0 0 0 11 0 0 0 0 11 0 0 0 0 11 11 
11 0 11 0 0 11 0 0 0 0 15 11 0 0 0 0 0 11 0 0 11 0 11 0 0 0 11 0 0 0 11 11 0 0 0 11 0 0 11 
11 0 0 0 0 0 0 11 15 0 0 0 0 0 0 0 0 0 0 0 0 0 15 0 0 0 0 11 11 0 0 0 0 0 0 0 11 0 11 
11 0 0 0 0 0 0 11 0 0 0 0 0 0 0 11 0 11 0 0 0 0 11 0 0 0 0 0 11 0 0 11 11 11 0 0 0 0 11 
11 0 11 0 11 0 11 0 0 11 0 0 0 0 0 0 11 0 0 0 11 0 0 0 0 0 0 0 11 0 0 0 0 0 0 0 0 0 11 
11 11 0 0 0 0 0 11 0 0 0 0 0 11 0 0 11 0 0 0 0 11 0 11 11 11 0 11 0 0 11 0 0 0 0 0 0 0 11 
11 11 0 0 0 0 0 0 0 0 0 0 11 11 0 0 11 11 11 11 11 0 0 0 0 0 0 11 0 0 11 0 0 0 0 0 0 11 11 
11 0 11 0 11 0 0 11 0 0 0 0 0 0 0 0 15 0 0 0 0 0 11 0 0 11 0 0 0 0 11 0 11 11 11 11 0 0 11 
11 0 0 0 0 0 11 0 0 0 0 0 0 0 0 15 0 0 0 0 0 0 0 0 0 11 0 11 0 0 0 0 0 0 0 0 0 0 11 
11 0 0 11 0 11 0 0 0 15 0 0 0 0 0 0 0 11 0 0 0 0 0 0 0 0 0 0 11 0 0 11 0 0 0 11 0 11 11 
11 11 11 0 0 0 0 0 0 0 0 0 0 11 0 0 0 0 11 0 11 0 11 0 0 0 0 0 0 0 11 11 11 0 0 11 0 0 11 
11 0 0 11 0 0 0 0 0 0 0 11 0 0 0 0 0 0 0 0 0 0 0 0 11 0 11 0 0 0 0 0 0 0 11 11 11 0 11 
11 0 0 0 0 0 11 11 11 0 0 0 0 0 0 11 0 11 0 0 0 0 0 0 0 0 0 0 11 0 11 0 0 0 0 0 0 0 11 
11 11 11 0 0 0 0 0 0 0 0 0 0 0 0 0 0 0 0 0 0 0 0 11 0 0 11 0 0 0 0 0 0 0 0 0 11 11 11 
11 0 11 0 0 0 0 0 0 0 0 0 0 11 11 0 0 0 0 0 0 11 0 0 11 0 0 0 0 0 0 11 0 0 0 0 11 0 11 
11 0 0 0 0 0 0 0 11 0 0 11 0 0 0 0 11 0 0 0 0 0 0 0 0 0 0 0 0 0 0 0 0 0 0 0 0 0 11 
11 0 0 0 0 0 0 0 11 0 0 0 0 0 0 0 0 0 0 0 0 11 0 0 0 0 0 0 0 0 0 11 0 0 0 0 0 11 11 
11 0 11 0 0 0 0 11 0 0 11 0 0 0 11 0 0 0 0 0 11 0 0 0 0 0 0 0 0 0 11 0 11 0 0 11 0 0 11 
11 11 11 11 11 11 11 11 11 11 11 11 11 11 11 11 11 11 11 11 11 11 11 11 11 11 11 11 11 11 11 11 11 11 11 11 11 11 11 

15637
11 11 11 11 11 11 11 11 11 11 11 11 11 11 11 11 11 11 11 11 11 11 11 11 11 11 11 11 11 11 11 11 11 11 11 11 11 11 11 
11 0 11 0 0 0 0 0 0 0 0 0 0 0 0 0 0 0 11 0 0 0 0 0 0 0 0 11 0 0 0 0 11 0 0 0 11 0 11 
11 0 11 0 0 0 0 0 0 0 0 0 11 11 0 0 0 0 0 0 0 11 0 11 0 11 0 0 0 0 0 0 0 0 0 0 0 0 11 
11 0 0 11 0 0 0 0 11 0 0 0 0 0 0 0 0 0 0 0 0 0 0 0 11 0 11 0 0 0 0 0 11 11 0 0 0 0 11 
11 0 0 0 0 0 0 11 0 0 0 0 0 0 0 0 0 0 0 0 0 0 0 11 0 11 0 0 11 0 0 0 11 11 11 0 0 0 11 
11 0 0 0 0 0 0 0 11 0 0 0 11 0 0 11 0 11 0 0 0 0 0 0 0 11 11 0 0 11 0 0 0 0 0 0 11 0 11 
11 11 0 0 0 0 0 0 0 11 11 0 0 0 0 0 0 11 0 0 0 0 0 0 0 0 11 0 0 11 0 0 0 0 0 0 0 11 11 
11 0 0 0 0 0 0 0 0 0 0 0 0 0 11 11 0 0 0 0 0 0 0 0 0 11 0 0 11 0 0 11 11 0 0 11 0 0 11 
11 0 0 0 0 0 0 0 11 11 0 0 0 11 0 0 0 0 0 11 0 0 0 11 0 0 0 0 0 0 0 0 0 11 0 0 0 11 11 
11 0 0 0 0 0 0 0 0 11 11 0 0 0 0 0 0 0 0 0 0 0 0 15 0 0 0 11 0 0 0 0 11 0 0 0 0 11 11 
11 0 11 0 0 11 0 0 0 0 15 11 0 0 0 0 0 11 0 0 11 0 11 0 0 0 11 0 0 0 11 11 0 0 0 11 0 0 11 
11 0 0 0 0 0 0 11 0 0 15 0 0 0 0 0 0 0 0 0 0 0 0 15 0 0 0 11 11 0 0 0 0 0 0 0 11 0 11 
11 0 0 0 0 0 0 11 0 0 0 0 0 0 0 11 0 11 0 0 0 0 11 0 0 0 0 0 11 0 0 11 11 11 0 0 0 0 11 
11 0 11 0 11 0 11 15 0 11 0 0 0 0 0 0 11 0 0 0 11 0 0 0 0 0 0 0 11 0 0 0 0 0 0 0 0 0 11 
11 11 0 0 0 0 0 11 0 0 0 0 0 11 0 0 11 0 0 0 0 11 0 11 11 11 0 11 0 0 11 0 0 0 0 0 0 0 11 
11 11 0 0 0 0 0 0 0 0 0 0 11 11 0 0 11 11 11 11 11 0 0 0 0 0 0 11 0 0 11 0 0 0 0 0 0 11 11 
11 0 11 0 11 0 0 11 0 0 0 0 0 0 0 0 0 0 0 0 0 0 11 0 0 11 0 0 0 0 11 0 11 11 11 11 0 0 11 
11 0 0 0 0 0 11 0 0 0 0 0 0 0 0 15 15 0 0 0 0 0 0 0 0 11 0 11 0 0 0 0 0 0 0 0 0 0 11 
11 0 0 11 0 11 0 0 0 0 0 0 0 0 0 0 0 11 0 0 0 0 0 0 0 0 0 0 11 0 0 11 0 0 0 11 0 11 11 
11 11 11 0 0 0 0 0 0 0 0 0 0 11 0 0 0 0 11 0 11 0 11 0 0 0 0 0 0 0 11 11 11 0 0 11 0 0 11 
11 0 0 11 0 0 0 0 0 0 0 11 0 0 0 0 0 0 0 0 0 0 0 0 11 0 11 0 0 0 0 0 0 0 11 11 11 0 11 
11 0 0 0 0 0 11 11 11 0 0 0 0 0 0 11 0 11 0 0 0 0 0 0 0 0 0 0 11 0 11 0 0 0 0 0 0 0 11 
11 11 11 0 0 0 0 0 0 0 0 0 0 0 0 0 0 0 0 0 0 0 0 11 0 0 11 0 0 0 0 0 0 0 0 0 11 11 11 
11 0 11 0 0 0 0 0 0 0 0 0 0 11 11 0 0 0 0 0 0 11 0 0 11 0 0 0 0 0 0 11 0 0 0 0 11 0 11 
11 0 0 0 0 0 0 0 11 0 0 11 0 0 0 0 11 0 0 0 0 0 0 0 0 0 0 0 0 0 0 0 0 0 0 0 0 0 11 
11 0 0 0 0 0 0 0 11 0 0 0 0 0 0 0 0 0 0 0 0 11 0 0 0 0 0 0 0 0 0 11 0 0 0 0 0 11 11 
11 0 11 0 0 0 0 11 0 0 11 0 0 0 11 0 0 0 0 0 11 0 0 0 0 0 0 0 0 0 11 0 11 0 0 11 0 0 11 
11 11 11 11 11 11 11 11 11 11 11 11 11 11 11 11 11 11 11 11 11 11 11 11 11 11 11 11 11 11 11 11 11 11 11 11 11 11 11 

15637
11 11 11 11 11 11 11 11 11 11 11 11 11 11 11 11 11 11 11 11 11 11 11 11 11 11 11 11 11 11 11 11 11 11 11 11 11 11 11 
11 0 11 0 0 0 0 0 0 0 0 0 0 0 0 0 0 0 11 0 0 0 0 0 0 0 0 11 0 0 0 0 11 0 0 0 11 0 11 
11 0 11 0 0 0 0 0 0 0 0 0 11 11 0 0 0 0 0 0 0 11 0 11 0 11 0 0 0 0 0 0 0 0 0 0 0 0 11 
11 0 0 11 0 0 0 0 11 0 0 0 0 0 0 0 0 0 0 0 0 0 0 0 11 0 11 0 0 0 0 0 11 11 0 0 0 0 11 
11 0 0 0 0 0 0 11 0 0 0 0 0 0 0 0 0 0 0 0 0 0 0 11 0 11 0 0 11 0 0 0 11 11 11 0 0 0 11 
11 0 0 0 0 0 0 0 11 0 0 0 11 0 0 11 0 11 0 0 0 0 0 0 0 11 11 0 0 11 0 0 0 0 0 0 11 0 11 
11 11 0 0 0 0 0 0 0 11 11 0 0 0 0 0 0 11 0 0 0 0 0 0 0 0 11 0 0 11 0 0 0 0 0 0 0 11 11 
11 0 0 0 0 0 0 0 0 0 0 0 0 0 11 11 0 0 0 0 0 0 0 0 0 11 0 0 11 0 0 11 11 0 0 11 0 0 11 
11 0 0 0 0 0 0 0 11 11 0 0 0 11 0 0 0 0 0 11 0 0 0 11 0 0 0 0 0 0 0 0 0 11 0 0 0 11 11 
11 0 0 0 0 0 0 0 0 11 11 0 0 0 0 0 0 0 0 0 0 0 0 15 0 0 0 11 0 0 0 0 11 0 0 0 0 11 11 
11 0 11 0 0 11 0 0 0 0 15 11 0 0 0 0 0 11 0 0 11 0 11 0 0 0 11 0 0 0 11 11 0 0 0 11 0 0 11 
11 0 0 0 0 0 0 11 0 0 15 0 0 0 0 0 0 0 0 0 0 0 0 15 0 0 0 11 11 0 0 0 0 0 0 0 11 0 11 
11 0 0 0 0 0 0 11 0 0 0 0 0 0 0 11 0 11 0 0 0 0 11 0 0 0 0 0 11 0 0 11 11 11 0 0 0 0 11 
11 0 11 0 11 0 11 15 0 11 0 0 0 0 0 0 11 0 0 0 11 0 0 0 0 0 0 0 11 0 0 0 0 0 0 0 0 0 11 
11 11 0 0 0 0 0 11 0 0 0 0 0 11 0 0 11 0 0 0 0 11 0 11 11 11 0 11 0 0 11 0 0 0 0 0 0 0 11 
11 11 0 0 0 0 0 0 0 0 0 0 11 11 0 0 11 11 11 11 11 0 0 0 0 0 0 11 0 0 11 0 0 0 0 0 0 11 11 
11 0 11 0 11 0 0 11 0 0 0 0 0 0 0 0 0 0 0 0 0 0 11 0 0 11 0 0 0 0 11 0 11 11 11 11 0 0 11 
11 0 0 0 0 0 11 0 0 0 0 0 0 0 0 15 15 0 0 0 0 0 0 0 0 11 0 11 0 0 0 0 0 0 0 0 0 0 11 
11 0 0 11 0 11 0 0 0 0 0 0 0 0 0 0 0 11 0 0 0 0 0 0 0 0 0 0 11 0 0 11 0 0 0 11 0 11 11 
11 11 11 0 0 0 0 0 0 0 0 0 0 11 0 0 0 0 11 0 11 0 11 0 0 0 0 0 0 0 11 11 11 0 0 11 0 0 11 
11 0 0 11 0 0 0 0 0 0 0 11 0 0 0 0 0 0 0 0 0 0 0 0 11 0 11 0 0 0 0 0 0 0 11 11 11 0 11 
11 0 0 0 0 0 11 11 11 0 0 0 0 0 0 11 0 11 0 0 0 0 0 0 0 0 0 0 11 0 11 0 0 0 0 0 0 0 11 
11 11 11 0 0 0 0 0 0 0 0 0 0 0 0 0 0 0 0 0 0 0 0 11 0 0 11 0 0 0 0 0 0 0 0 0 11 11 11 
11 0 11 0 0 0 0 0 0 0 0 0 0 11 11 0 0 0 0 0 0 11 0 0 11 0 0 0 0 0 0 11 0 0 0 0 11 0 11 
11 0 0 0 0 0 0 0 11 0 0 11 0 0 0 0 11 0 0 0 0 0 0 0 0 0 0 0 0 0 0 0 0 0 0 0 0 0 11 
11 0 0 0 0 0 0 0 11 0 0 0 0 0 0 0 0 0 0 0 0 11 0 0 0 0 0 0 0 0 0 11 0 0 0 0 0 11 11 
11 0 11 0 0 0 0 11 0 0 11 0 0 0 11 0 0 0 0 0 11 0 0 0 0 0 0 0 0 0 11 0 11 0 0 11 0 0 11 
11 11 11 11 11 11 11 11 11 11 11 11 11 11 11 11 11 11 11 11 11 11 11 11 11 11 11 11 11 11 11 11 11 11 11 11 11 11 11 

15637
11 11 11 11 11 11 11 11 11 11 11 11 11 11 11 11 11 11 11 11 11 11 11 11 11 11 11 11 11 11 11 11 11 11 11 11 11 11 11 
11 0 11 0 0 0 0 0 0 0 0 0 0 0 0 0 0 0 11 0 0 0 0 0 0 0 0 11 0 0 0 0 11 0 0 0 11 0 11 
11 0 11 0 0 0 0 0 0 0 0 0 11 11 0 0 0 0 0 0 0 11 0 11 0 11 0 0 0 0 0 0 0 0 0 0 0 0 11 
11 0 0 11 0 0 0 0 11 0 0 0 0 0 0 0 0 0 0 0 0 0 0 0 11 0 11 0 0 0 0 0 11 11 0 0 0 0 11 
11 0 0 0 0 0 0 11 0 0 0 0 0 0 0 0 0 0 0 0 0 0 0 11 0 11 0 0 11 0 0 0 11 11 11 0 0 0 11 
11 0 0 0 0 0 0 0 11 0 0 0 11 0 0 11 0 11 0 0 0 0 0 0 0 11 11 0 0 11 0 0 0 0 0 0 11 0 11 
11 11 0 0 0 0 0 0 0 11 11 0 0 0 0 0 0 11 0 0 0 0 0 0 0 0 11 0 0 11 0 0 0 0 0 0 0 11 11 
11 0 0 0 0 0 0 0 0 0 0 0 0 0 11 11 0 0 0 0 0 0 0 0 0 11 0 0 11 0 0 11 11 0 0 11 0 0 11 
11 0 0 0 0 0 0 0 11 11 0 0 0 11 0 0 0 0 0 11 0 0 0 11 0 0 0 0 0 0 0 0 0 11 0 0 0 11 11 
11 0 0 0 0 0 0 0 0 11 11 0 0 0 0 0 0 0 0 0 0 0 0 15 0 0 0 11 0 0 0 0 11 0 0 0 0 11 11 
11 0 11 0 0 11 0 0 0 0 15 11 0 0 0 0 0 11 0 0 11 0 11 0 0 0 11 0 0 0 11 11 0 0 0 11 0 0 11 
11 0 0 0 0 0 0 11 0 0 15 0 0 0 0 0 0 0 0 0 0 0 0 15 0 0 0 11 11 0 0 0 0 0 0 0 11 0 11 
11 0 0 0 0 0 0 11 0 0 0 0 0 0 0 11 0 11 0 0 0 0 11 0 0 0 0 0 11 0 0 11 11 11 0 0 0 0 11 
11 0 11 0 11 0 11 15 0 11 0 0 0 0 0 0 11 0 0 0 11 0 0 0 0 0 0 0 11 0 0 0 0 0 0 0 0 0 11 
11 11 0 0 0 0 0 11 0 0 0 0 0 11 0 0 11 0 0 0 0 11 0 11 11 11 0 11 0 0 11 0 0 0 0 0 0 0 11 
11 11 0 0 0 0 0 0 0 0 0 0 11 11 0 0 11 11 11 11 11 0 0 0 0 0 0 11 0 0 11 0 0 0 0 0 0 11 11 
11 0 11 0 11 0 0 11 0 0 0 0 0 0 0 0 0 0 0 0 0 0 11 0 0 11 0 0 0 0 11 0 11 11 11 11 0 0 11 
11 0 0 0 0 0 11 0 0 0 0 0 0 0 0 15 15 0 0 0 0 0 0 0 0 11 0 11 0 0 0 0 0 0 0 0 0 0 11 
11 0 0 11 0 11 0 0 0 0 0 0 0 0 0 0 0 11 0 0 0 0 0 0 0 0 0 0 11 0 0 11 0 0 0 11 0 11 11 
11 11 11 0 0 0 0 0 0 0 0 0 0 11 0 0 0 0 11 0 11 0 11 0 0 0 0 0 0 0 11 11 11 0 0 11 0 0 11 
11 0 0 11 0 0 0 0 0 0 0 11 0 0 0 0 0 0 0 0 0 0 0 0 11 0 11 0 0 0 0 0 0 0 11 11 11 0 11 
11 0 0 0 0 0 11 11 11 0 0 0 0 0 0 11 0 11 0 0 0 0 0 0 0 0 0 0 11 0 11 0 0 0 0 0 0 0 11 
11 11 11 0 0 0 0 0 0 0 0 0 0 0 0 0 0 0 0 0 0 0 0 11 0 0 11 0 0 0 0 0 0 0 0 0 11 11 11 
11 0 11 0 0 0 0 0 0 0 0 0 0 11 11 0 0 0 0 0 0 11 0 0 11 0 0 0 0 0 0 11 0 0 0 0 11 0 11 
11 0 0 0 0 0 0 0 11 0 0 11 0 0 0 0 11 0 0 0 0 0 0 0 0 0 0 0 0 0 0 0 0 0 0 0 0 0 11 
11 0 0 0 0 0 0 0 11 0 0 0 0 0 0 0 0 0 0 0 0 11 0 0 0 0 0 0 0 0 0 11 0 0 0 0 0 11 11 
11 0 11 0 0 0 0 11 0 0 11 0 0 0 11 0 0 0 0 0 11 0 0 0 0 0 0 0 0 0 11 0 11 0 0 11 0 0 11 
11 11 11 11 11 11 11 11 11 11 11 11 11 11 11 11 11 11 11 11 11 11 11 11 11 11 11 11 11 11 11 11 11 11 11 11 11 11 11 

15629
11 11 11 11 11 11 11 11 11 11 11 11 11 11 11 11 11 11 11 11 11 11 11 11 11 11 11 11 11 11 11 11 11 11 11 11 11 11 11 
11 0 11 0 0 0 0 0 0 0 0 0 0 0 0 0 0 0 11 0 0 0 0 0 0 0 0 11 0 0 0 0 11 0 0 0 11 0 11 
11 0 11 0 0 0 0 0 0 0 0 0 11 11 0 0 0 0 0 0 0 11 0 11 0 11 0 0 0 0 0 0 0 0 0 0 0 0 11 
11 0 0 11 0 0 0 0 11 0 0 0 0 0 0 0 0 0 0 0 0 0 0 0 11 0 11 0 0 0 0 0 11 11 0 0 0 0 11 
11 0 0 0 0 0 0 11 0 0 0 0 0 0 0 0 0 0 0 0 0 0 0 11 0 11 0 0 11 0 0 0 11 11 11 0 0 0 11 
11 0 0 0 0 0 0 0 11 0 0 0 11 0 0 11 0 11 0 0 0 0 0 0 0 11 11 0 0 11 0 0 0 0 0 0 11 0 11 
11 11 0 0 0 0 0 0 0 11 11 0 0 0 0 0 0 11 0 0 0 0 0 0 0 0 11 0 0 11 0 0 0 0 0 0 0 11 11 
11 0 0 0 0 0 0 0 0 0 0 0 0 0 11 11 0 0 0 0 0 0 0 0 0 11 0 0 11 0 0 11 11 0 0 11 0 0 11 
11 0 0 0 0 0 0 0 11 11 0 0 0 11 0 0 0 0 0 11 0 0 0 11 0 0 0 0 0 0 0 0 0 11 0 0 0 11 11 
11 0 0 0 0 0 0 0 0 11 11 0 0 0 0 0 0 0 0 0 0 0 0 0 0 0 0 11 0 0 0 0 11 0 0 0 0 11 11 
11 0 11 0 0 11 0 0 0 0 15 11 0 0 0 0 0 11 0 0 11 0 11 0 0 0 11 0 0 0 11 11 0 0 0 11 0 0 11 
11 0 0 0 0 0 0 11 0 0 0 0 0 0 0 0 0 0 0 0 0 0 15 0 15 0 0 11 11 0 0 0 0 0 0 0 11 0 11 
11 0 0 0 0 0 0 11 0 0 0 0 0 0 0 11 0 11 0 0 0 0 11 0 0 0 0 0 11 0 0 11 11 11 0 0 0 0 11 
11 0 11 0 11 0 11 0 15 11 0 0 0 0 0 0 11 0 0 0 11 0 0 0 0 0 0 0 11 0 0 0 0 0 0 0 0 0 11 
11 11 0 0 0 0 0 11 0 0 0 0 0 11 0 0 11 0 0 0 0 11 0 11 11 11 0 11 0 0 11 0 0 0 0 0 0 0 11 
11 11 0 0 0 0 15 0 0 0 0 0 11 11 0 0 11 11 11 11 11 0 0 0 0 0 0 11 0 0 11 0 0 0 0 0 0 11 11 
11 0 11 0 11 0 0 11 0 0 0 0 0 0 0 0 0 0 0 0 0 0 11 0 0 11 0 0 0 0 11 0 11 11 11 11 0 0 11 
11 0 0 0 0 0 11 0 0 0 0 0 0 0 0 0 0 15 0 0 0 0 0 0 0 11 0 11 0 0 0 0 0 0 0 0 0 0 11 
11 0 0 11 0 11 0 0 0 0 0 0 0 0 0 0 0 11 0 0 0 0 0 0 0 0 0 0 11 0 0 11 0 0 0 11 0 11 11 
11 11 11 0 0 0 0 0 0 0 0 0 0 11 0 0 0 0 11 0 11 0 11 0 0 0 0 0 0 0 11 11 11 0 0 11 0 0 11 
11 0 0 11 0 0 0 0 0 0 0 11 0 0 0 0 0 15 0 0 0 0 0 0 11 0 11 0 0 0 0 0 0 0 11 11 11 0 11 
11 0 0 0 0 0 11 11 11 0 0 0 0 0 0 11 0 11 0 0 0 0 0 0 0 0 0 0 11 0 11 0 0 0 0 0 0 0 11 
11 11 11 0 0 0 0 0 0 0 0 0 0 0 0 0 0 0 0 0 0 0 0 11 0 0 11 0 0 0 0 0 0 0 0 0 11 11 11 
11 0 11 0 0 0 0 0 0 0 0 0 0 11 11 0 0 0 0 0 0 11 0 0 11 0 0 0 0 0 0 11 0 0 0 0 11 0 11 
11 0 0 0 0 0 0 0 11 0 0 11 0 0 0 0 11 0 0 0 0 0 0 0 0 0 0 0 0 0 0 0 0 0 0 0 0 0 11 
11 0 0 0 0 0 0 0 11 0 0 0 0 0 0 0 0 0 0 0 0 11 0 0 0 0 0 0 0 0 0 11 0 0 0 0 0 11 11 
11 0 11 0 0 0 0 11 0 0 11 0 0 0 11 0 0 0 0 0 11 0 0 0 0 0 0 0 0 0 11 0 11 0 0 11 0 0 11 
11 11 11 11 11 11 11 11 11 11 11 11 11 11 11 11 11 11 11 11 11 11 11 11 11 11 11 11 11 11 11 11 11 11 11 11 11 11 11 

15615
11 11 11 11 11 11 11 11 11 11 11 11 11 11 11 11 11 11 11 11 11 11 11 11 11 11 11 11 11 11 11 11 11 11 11 11 11 11 11 
11 0 11 0 0 0 0 0 0 0 0 0 0 0 0 0 0 0 11 0 0 0 0 0 0 0 0 0 0 0 0 0 11 0 0 0 11 0 11 
11 0 11 0 0 0 0 0 0 0 0 11 0 11 0 0 0 0 0 0 0 11 0 11 0 11 0 0 0 0 0 0 0 0 0 0 0 0 11 
11 0 0 11 0 0 0 0 11 0 0 0 0 0 0 0 0 0 0 0 0 0 0 0 11 0 11 0 0 0 0 0 11 11 0 0 0 0 11 
11 0 0 0 0 0 0 11 0 0 0 0 0 0 0 0 0 0 0 0 0 0 0 11 0 11 0 0 11 0 0 0 11 11 11 0 0 0 11 
11 0 0 0 0 0 0 0 11 0 0 0 11 0 0 11 0 0 0 0 0 0 0 0 0 11 11 0 0 11 0 0 0 0 0 0 11 0 11 
11 0 0 0 0 0 0 0 0 11 11 0 0 0 0 0 0 11 15 0 0 0 0 0 0 0 11 0 0 11 11 0 0 0 0 0 0 11 11 
11 0 0 0 0 0 0 0 0 0 0 0 0 0 11 11 0 0 0 0 0 0 0 0 0 11 0 0 11 0 0 11 11 0 0 11 0 0 11 
11 0 0 0 0 0 0 0 11 11 0 0 0 11 0 0 0 0 0 11 0 11 0 11 0 0 0 0 0 0 0 0 0 11 0 0 0 11 11 
11 0 0 0 0 0 0 0 0 11 11 0 0 0 0 0 0 0 0 0 0 0 0 0 0 0 0 11 0 0 0 0 11 0 0 0 0 11 11 
11 0 11 0 0 11 0 0 0 0 0 11 0 0 0 0 0 11 0 0 11 0 11 0 0 0 11 0 0 0 11 0 0 0 0 11 0 0 11 
11 0 0 0 0 0 0 11 15 0 0 0 0 0 0 0 0 0 0 0 0 15 0 0 0 0 0 11 11 0 0 0 0 0 0 0 11 0 11 
11 0 0 0 0 0 0 11 0 0 0 0 0 0 0 11 0 11 0 0 0 0 0 0 0 0 0 0 11 0 0 11 11 11 0 0 0 0 11 
11 0 11 0 11 0 11 0 0 11 0 0 0 0 0 0 11 0 0 0 11 0 0 0 0 0 0 0 11 0 0 0 0 0 0 0 0 0 11 
11 11 0 0 0 0 0 11 0 0 0 0 0 11 11 0 11 0 0 0 0 11 0 11 11 11 0 11 0 0 11 0 0 11 0 0 0 0 11 
11 0 0 0 0 0 15 0 0 0 0 0 11 11 0 0 11 11 11 11 11 0 0 0 0 0 0 11 0 0 11 0 0 0 0 0 0 11 11 
11 0 11 0 11 0 0 11 0 0 0 0 0 0 0 15 0 15 0 0 0 0 11 0 0 11 0 0 0 0 11 0 11 11 11 11 0 0 11 
11 0 0 0 0 0 11 0 0 0 0 0 11 0 0 0 11 0 0 0 0 0 0 0 0 11 11 11 0 0 0 0 0 0 0 0 0 0 11 
11 0 11 11 0 11 0 0 0 0 0 0 0 0 0 0 0 11 0 0 0 0 0 0 0 0 0 0 11 0 0 11 0 0 0 11 0 11 11 
11 11 11 0 0 0 0 0 0 11 0 0 0 11 0 0 0 0 11 0 0 0 11 0 0 0 0 0 0 0 11 11 11 0 0 11 0 0 11 
11 0 0 11 0 0 0 0 0 0 0 11 0 0 0 0 0 0 0 0 0 0 0 0 11 0 11 0 0 0 0 0 0 0 11 11 11 0 11 
11 0 0 0 0 0 11 11 11 0 0 0 0 0 0 11 0 11 0 0 0 0 0 0 0 0 0 0 0 0 11 0 0 0 0 0 0 0 11 
11 11 11 0 0 0 0 0 0 0 0 0 0 0 0 0 0 0 0 0 0 0 0 11 0 0 11 0 0 0 0 0 0 0 0 0 11 11 11 
11 0 11 0 0 0 0 0 0 0 0 0 0 11 11 0 11 0 0 0 0 11 0 0 11 0 0 0 0 0 0 11 0 0 0 0 11 0 11 
11 0 0 0 0 0 0 0 11 0 0 11 0 0 0 0 11 0 0 0 0 0 0 0 0 0 0 0 0 0 0 0 0 0 0 0 0 0 11 
11 0 0 0 0 0 0 0 11 0 0 0 0 0 0 0 0 0 0 0 0 11 0 0 0 0 0 0 0 0 0 11 0 0 0 0 0 11 11 
11 0 0 0 0 0 0 0 0 0 11 0 0 0 11 0 0 0 0 0 11 0 0 0 0 0 0 0 0 0 11 11 11 0 0 11 0 0 11 
11 11 11 11 11 11 11 11 11 11 11 11 11 11 11 11 11 11 11 11 11 11 11 11 11 11 11 11 11 11 11 11 11 11 11 11 11 11 11 

15612
11 11 11 11 11 11 11 11 11 11 11 11 11 11 11 11 11 11 11 11 11 11 11 11 11 11 11 11 11 11 11 11 11 11 11 11 11 11 11 
11 0 11 0 0 0 0 0 0 0 0 0 0 0 0 0 0 0 11 0 0 0 0 0 0 0 0 0 0 0 0 0 11 0 0 0 11 0 11 
11 0 11 0 0 0 0 0 0 0 0 11 0 11 0 0 0 0 0 0 0 11 0 11 0 11 0 0 0 0 0 0 0 0 0 0 0 0 11 
11 0 0 11 0 0 0 0 11 0 0 0 0 0 0 0 0 0 0 0 0 0 0 0 11 0 11 0 0 0 0 0 11 11 0 0 0 0 11 
11 0 0 0 0 0 0 11 0 0 0 0 0 0 0 0 0 0 0 0 0 0 0 11 0 11 0 0 11 0 0 0 11 11 11 0 0 0 11 
11 0 0 0 0 0 0 0 11 0 0 0 11 0 0 11 0 0 0 0 0 0 0 0 0 11 11 0 0 11 0 0 0 0 0 0 11 0 11 
11 0 0 0 0 0 0 0 0 11 11 0 0 0 0 0 0 11 0 0 0 0 0 0 0 0 11 0 0 11 11 0 0 0 0 0 0 11 11 
11 0 0 0 0 0 0 0 0 0 0 0 0 0 11 11 0 0 0 0 0 0 0 0 0 11 0 0 11 0 0 11 11 0 0 11 0 0 11 
11 0 0 0 0 0 0 0 11 11 0 0 0 11 0 0 0 0 0 11 0 11 0 11 0 0 0 0 0 0 0 0 0 11 0 0 0 11 11 
11 0 0 0 0 0 0 0 0 11 11 0 0 0 0 0 0 0 0 0 0 0 0 0 0 0 0 11 0 0 0 0 11 0 0 0 0 11 11 
11 0 11 0 0 11 0 0 0 0 15 11 0 0 0 0 0 11 0 0 11 0 11 0 0 0 11 0 0 0 11 0 0 0 0 11 0 0 11 
11 0 0 0 0 0 0 11 0 0 0 0 0 0 0 0 0 0 0 0 0 0 0 15 15 0 0 11 11 0 0 0 0 0 0 0 11 0 11 
11 0 0 0 0 0 0 11 15 0 0 0 0 0 0 11 0 11 0 0 0 0 0 0 0 0 0 0 11 0 0 11 11 11 0 0 0 0 11 
11 0 11 0 11 0 11 0 0 11 0 0 0 0 0 0 11 0 0 0 11 0 0 0 0 0 0 0 11 0 0 0 0 0 0 0 0 0 11 
11 11 0 0 0 15 0 11 0 0 0 0 0 11 11 0 11 0 0 0 0 11 0 11 11 11 0 11 0 0 11 0 0 11 0 0 0 0 11 
11 0 0 0 0 0 0 0 0 0 0 0 11 11 0 0 11 11 11 11 11 0 0 0 0 0 0 11 0 0 11 0 0 0 0 0 0 11 11 
11 0 11 0 11 0 0 11 0 0 0 0 0 0 0 0 0 0 0 0 0 0 11 0 0 11 0 0 0 0 11 0 11 11 11 11 0 0 11 
11 0 0 0 0 0 11 0 0 0 0 0 11 0 0 0 11 0 15 0 0 0 0 0 0 11 11 11 0 0 0 0 0 0 0 0 0 0 11 
11 0 11 11 0 11 0 0 0 0 0 0 0 0 0 0 0 11 0 0 0 0 0 0 0 0 0 0 11 0 0 11 0 0 0 11 0 11 11 
11 11 11 0 0 0 0 0 0 0 0 0 13 11 0 0 0 0 11 0 0 0 11 0 0 0 0 0 0 0 11 11 11 0 0 11 0 0 11 
11 0 0 11 0 0 0 0 0 0 0 11 0 11 0 0 0 0 0 0 0 0 0 0 11 0 11 0 0 0 0 0 0 0 11 11 11 0 11 
11 0 0 0 0 0 11 11 11 0 0 0 0 0 0 11 0 11 0 0 0 0 0 0 0 0 0 0 0 0 11 0 0 0 0 0 0 0 11 
11 11 11 0 0 0 0 0 0 0 0 0 0 0 0 0 0 0 0 0 0 0 0 11 0 0 11 0 0 0 0 0 0 0 0 0 11 11 11 
11 0 11 0 0 0 0 0 0 0 0 0 0 11 11 0 11 0 0 0 0 11 0 0 11 0 0 0 0 0 0 11 0 0 0 0 11 0 11 
11 0 0 0 0 0 0 0 11 0 0 11 0 0 0 0 11 0 0 0 0 0 0 0 0 0 0 0 0 0 0 0 0 0 0 0 0 0 11 
11 0 0 0 0 0 0 0 11 0 0 0 0 0 0 0 0 0 0 0 0 11 0 0 0 0 0 0 0 0 0 11 0 0 0 0 0 11 11 
11 0 0 0 0 0 0 0 0 0 11 0 0 0 11 0 0 0 0 0 11 0 0 0 0 0 0 0 0 0 11 11 11 0 0 11 0 0 11 
11 11 11 11 11 11 11 11 11 11 11 11 11 11 11 11 11 11 11 11 11 11 11 11 11 11 11 11 11 11 11 11 11 11 11 11 11 11 11 

15603
11 11 11 11 11 11 11 11 11 11 11 11 11 11 11 11 11 11 11 11 11 11 11 11 11 11 11 11 11 11 11 11 11 11 11 11 11 11 11 
11 0 11 0 0 0 0 0 0 0 0 0 0 0 0 0 0 0 11 0 0 0 0 0 0 0 0 0 0 0 0 0 11 0 0 0 11 0 11 
11 0 11 0 0 0 0 0 0 0 0 11 0 11 0 0 0 0 0 0 0 11 0 11 0 11 0 0 0 0 0 0 0 0 0 0 0 0 11 
11 0 0 11 0 0 0 0 11 0 0 0 0 0 0 0 0 0 0 0 0 0 0 0 11 0 11 0 0 0 0 0 11 11 0 0 0 0 11 
11 0 0 0 0 0 0 11 0 0 0 0 0 0 0 0 0 0 0 0 0 0 0 11 0 11 0 0 11 0 0 0 11 11 11 0 0 0 11 
11 0 0 0 0 0 0 0 11 0 0 0 11 0 0 11 0 0 15 0 0 0 0 0 0 11 11 0 0 11 0 0 0 0 0 0 11 0 11 
11 0 0 0 0 0 0 0 0 11 11 0 0 0 0 0 0 11 0 0 0 0 0 0 0 0 11 0 0 11 11 0 0 0 0 0 0 11 11 
11 0 0 0 0 0 0 0 0 0 0 0 0 0 11 11 0 0 0 0 0 0 0 0 0 11 0 0 11 0 0 11 11 0 0 11 0 0 11 
11 0 0 0 0 0 0 0 11 11 0 0 0 11 0 0 0 0 0 11 0 11 0 11 0 0 0 0 0 0 0 0 0 11 0 0 0 11 11 
11 0 0 0 0 0 0 0 0 11 11 0 0 0 0 0 0 0 0 0 0 0 0 0 0 0 0 11 0 0 0 0 11 0 0 0 0 11 11 
11 0 11 0 0 11 0 0 0 0 0 11 0 0 0 0 0 11 0 0 11 0 11 0 0 0 11 0 0 0 11 0 0 0 0 11 0 0 11 
11 0 0 0 0 0 0 11 15 0 0 0 0 0 0 0 0 0 0 0 0 0 15 0 0 0 0 11 11 0 0 0 0 0 0 0 11 0 11 
11 0 0 0 0 0 15 11 0 0 0 0 0 0 0 11 0 11 0 0 0 0 0 0 0 0 0 0 11 0 0 11 11 11 0 0 0 0 11 
11 0 11 0 11 0 11 0 0 11 0 0 0 0 0 0 11 0 0 0 11 0 0 0 0 0 0 0 11 0 0 0 0 0 0 0 0 0 11 
11 11 0 0 0 0 0 11 0 0 0 0 0 11 11 0 11 0 0 0 0 11 0 11 11 11 0 11 0 0 11 0 0 11 0 0 0 0 11 
11 0 0 0 0 0 0 0 0 0 0 0 11 11 0 0 11 11 11 11 11 0 0 0 0 0 0 11 0 0 11 0 0 0 0 0 0 11 11 
11 0 11 0 11 0 0 11 0 0 0 0 0 0 0 0 0 0 15 0 0 0 11 0 0 11 0 0 0 0 11 0 11 11 11 11 0 0 11 
11 0 0 0 0 0 11 0 0 0 0 0 11 0 0 15 11 0 0 0 0 0 0 0 0 11 11 11 0 0 0 0 0 0 0 0 0 0 11 
11 0 11 11 0 11 0 0 0 0 0 0 0 0 0 0 0 11 0 0 0 0 0 0 0 0 0 0 11 0 0 11 0 0 0 11 0 11 11 
11 11 11 0 0 0 0 0 0 0 0 0 0 11 0 0 0 0 11 0 0 0 11 0 0 0 0 0 0 0 11 11 11 0 0 11 0 0 11 
11 0 0 11 0 0 0 0 0 0 0 11 0 0 0 0 0 0 0 0 0 0 0 0 11 0 11 0 0 0 0 0 0 0 11 11 11 0 11 
11 0 0 0 0 0 11 11 11 0 0 0 0 0 0 11 0 11 0 0 0 0 0 0 0 0 0 0 0 0 11 0 0 0 0 0 0 0 11 
11 11 11 0 0 0 0 0 0 0 0 0 0 0 0 0 0 0 0 0 0 0 0 11 0 0 11 0 0 0 0 0 0 0 0 0 11 11 11 
11 0 11 0 0 0 0 0 0 0 0 0 0 11 11 0 11 0 0 0 0 11 0 0 11 0 0 0 0 0 0 11 0 0 0 0 11 0 11 
11 0 0 0 0 0 0 0 11 0 0 11 0 0 0 0 11 0 0 0 0 0 0 0 0 0 0 0 0 0 0 0 0 0 0 0 0 0 11 
11 0 0 0 0 0 0 0 11 0 0 0 0 0 0 0 0 0 0 0 0 11 0 0 0 0 0 0 0 0 0 11 0 0 0 0 0 11 11 
11 0 0 0 0 0 0 0 0 0 11 0 0 0 11 0 0 0 0 0 11 0 0 0 0 0 0 0 0 0 11 11 11 0 0 11 0 0 11 
11 11 11 11 11 11 11 11 11 11 11 11 11 11 11 11 11 11 11 11 11 11 11 11 11 11 11 11 11 11 11 11 11 11 11 11 11 11 11 

15603
11 11 11 11 11 11 11 11 11 11 11 11 11 11 11 11 11 11 11 11 11 11 11 11 11 11 11 11 11 11 11 11 11 11 11 11 11 11 11 
11 0 11 0 0 0 0 0 0 0 0 0 0 0 0 0 0 0 11 0 0 0 0 0 0 0 0 0 0 0 0 0 11 0 0 0 11 0 11 
11 0 11 0 0 0 0 0 0 0 0 11 0 11 0 0 0 0 0 0 0 11 0 11 0 11 0 0 0 0 0 0 0 0 0 0 0 0 11 
11 0 0 11 0 0 0 0 11 0 0 0 0 0 0 0 0 0 0 0 0 0 0 0 11 0 11 0 0 0 0 0 11 11 0 0 0 0 11 
11 0 0 0 0 0 0 11 0 0 0 0 0 0 0 0 0 0 0 0 0 0 0 11 0 11 0 0 11 0 0 0 11 11 11 0 0 0 11 
11 0 0 0 0 0 0 0 11 0 0 0 11 0 0 11 0 0 15 0 0 0 0 0 0 11 11 0 0 11 0 0 0 0 0 0 11 0 11 
11 0 0 0 0 0 0 0 0 11 11 0 0 0 0 0 0 11 0 0 0 0 0 0 0 0 11 0 0 11 11 0 0 0 0 0 0 11 11 
11 0 0 0 0 0 0 0 0 0 0 0 0 0 11 11 0 0 0 0 0 0 0 0 0 11 0 0 11 0 0 11 11 0 0 11 0 0 11 
11 0 0 0 0 0 0 0 11 11 0 0 0 11 0 0 0 0 0 11 0 11 0 11 0 0 0 0 0 0 0 0 0 11 0 0 0 11 11 
11 0 0 0 0 0 0 0 0 11 11 0 0 0 0 0 0 0 0 0 0 0 0 0 0 0 0 11 0 0 0 0 11 0 0 0 0 11 11 
11 0 11 0 0 11 0 0 0 0 0 11 0 0 0 0 0 11 0 0 11 0 11 0 0 0 11 0 0 0 11 0 0 0 0 11 0 0 11 
11 0 0 0 0 0 0 11 15 0 0 0 0 0 0 0 0 0 0 0 0 0 15 0 0 0 0 11 11 0 0 0 0 0 0 0 11 0 11 
11 0 0 0 0 0 15 11 0 0 0 0 0 0 0 11 0 11 0 0 0 0 0 0 0 0 0 0 11 0 0 11 11 11 0 0 0 0 11 
11 0 11 0 11 0 11 0 0 11 0 0 0 0 0 0 11 0 0 0 11 0 0 0 0 0 0 0 11 0 0 0 0 0 0 0 0 0 11 
11 11 0 0 0 0 0 11 0 0 0 0 0 11 11 0 11 0 0 0 0 11 0 11 11 11 0 11 0 0 11 0 0 11 0 0 0 0 11 
11 0 0 0 0 0 0 0 0 0 0 0 11 11 0 0 11 11 11 11 11 0 0 0 0 0 0 11 0 0 11 0 0 0 0 0 0 11 11 
11 0 11 0 11 0 0 11 0 0 0 0 0 0 0 0 0 0 15 0 0 0 11 0 0 11 0 0 0 0 11 0 11 11 11 11 0 0 11 
11 0 0 0 0 0 11 0 0 0 0 0 11 0 0 15 11 0 0 0 0 0 0 0 0 11 11 11 0 0 0 0 0 0 0 0 0 0 11 
11 0 11 11 0 11 0 0 0 0 0 0 0 0 0 0 0 11 0 0 0 0 0 0 0 0 0 0 11 0 0 11 0 0 0 11 0 11 11 
11 11 11 0 0 0 0 0 0 0 0 0 0 11 0 0 0 0 11 0 0 0 11 0 0 0 0 0 0 0 11 11 11 0 0 11 0 0 11 
11 0 0 11 0 0 0 0 0 0 0 11 0 0 0 0 0 0 0 0 0 0 0 0 11 0 11 0 0 0 0 0 0 0 11 11 11 0 11 
11 0 0 0 0 0 11 11 11 0 0 0 0 0 0 11 0 11 0 0 0 0 0 0 0 0 0 0 0 0 11 0 0 0 0 0 0 0 11 
11 11 11 0 0 0 0 0 0 0 0 0 0 0 0 0 0 0 0 0 0 0 0 11 0 0 11 0 0 0 0 0 0 0 0 0 11 11 11 
11 0 11 0 0 0 0 0 0 0 0 0 0 11 11 0 11 0 0 0 0 11 0 0 11 0 0 0 0 0 0 11 0 0 0 0 11 0 11 
11 0 0 0 0 0 0 0 11 0 0 11 0 0 0 0 11 0 0 0 0 0 0 0 0 0 0 0 0 0 0 0 0 0 0 0 0 0 11 
11 0 0 0 0 0 0 0 11 0 0 0 0 0 0 0 0 0 0 0 0 11 0 0 0 0 0 0 0 0 0 11 0 0 0 0 0 11 11 
11 0 0 0 0 0 0 0 0 0 11 0 0 0 11 0 0 0 0 0 11 0 0 0 0 0 0 0 0 0 11 11 11 0 0 11 0 0 11 
11 11 11 11 11 11 11 11 11 11 11 11 11 11 11 11 11 11 11 11 11 11 11 11 11 11 11 11 11 11 11 11 11 11 11 11 11 11 11 

15603
11 11 11 11 11 11 11 11 11 11 11 11 11 11 11 11 11 11 11 11 11 11 11 11 11 11 11 11 11 11 11 11 11 11 11 11 11 11 11 
11 0 11 0 0 0 0 0 0 0 0 0 0 0 0 0 0 0 11 0 0 0 0 0 0 0 0 0 0 0 0 0 11 0 0 0 11 0 11 
11 0 11 0 0 0 0 0 0 0 0 11 0 11 0 0 0 0 0 0 0 11 0 11 0 11 0 0 0 0 0 0 0 0 0 0 0 0 11 
11 0 0 11 0 0 0 0 11 0 0 0 0 0 0 0 0 0 0 0 0 0 0 0 11 0 11 0 0 0 0 0 11 11 0 0 0 0 11 
11 0 0 0 0 0 0 11 0 0 0 0 0 0 0 0 0 0 0 0 0 0 0 11 0 11 0 0 11 0 0 0 11 11 11 0 0 0 11 
11 0 0 0 0 0 0 0 11 0 0 0 11 0 0 11 0 0 15 0 0 0 0 0 0 11 11 0 0 11 0 0 0 0 0 0 11 0 11 
11 0 0 0 0 0 0 0 0 11 11 0 0 0 0 0 0 11 0 0 0 0 0 0 0 0 11 0 0 11 11 0 0 0 0 0 0 11 11 
11 0 0 0 0 0 0 0 0 0 0 0 0 0 11 11 0 0 0 0 0 0 0 0 0 11 0 0 11 0 0 11 11 0 0 11 0 0 11 
11 0 0 0 0 0 0 0 11 11 0 0 0 11 0 0 0 0 0 11 0 11 0 11 0 0 0 0 0 0 0 0 0 11 0 0 0 11 11 
11 0 0 0 0 0 0 0 0 11 11 0 0 0 0 0 0 0 0 0 0 0 0 0 0 0 0 11 0 0 0 0 11 0 0 0 0 11 11 
11 0 11 0 0 11 0 0 0 0 0 11 0 0 0 0 0 11 0 0 11 0 11 0 0 0 11 0 0 0 11 0 0 0 0 11 0 0 11 
11 0 0 0 0 0 0 11 15 0 0 0 0 0 0 0 0 0 0 0 0 0 15 0 0 0 0 11 11 0 0 0 0 0 0 0 11 0 11 
11 0 0 0 0 0 15 11 0 0 0 0 0 0 0 11 0 11 0 0 0 0 0 0 0 0 0 0 11 0 0 11 11 11 0 0 0 0 11 
11 0 11 0 11 0 11 0 0 11 0 0 0 0 0 0 11 0 0 0 11 0 0 0 0 0 0 0 11 0 0 0 0 0 0 0 0 0 11 
11 11 0 0 0 0 0 11 0 0 0 0 0 11 11 0 11 0 0 0 0 11 0 11 11 11 0 11 0 0 11 0 0 11 0 0 0 0 11 
11 0 0 0 0 0 0 0 0 0 0 0 11 11 0 0 11 11 11 11 11 0 0 0 0 0 0 11 0 0 11 0 0 0 0 0 0 11 11 
11 0 11 0 11 0 0 11 0 0 0 0 0 0 0 0 0 0 15 0 0 0 11 0 0 11 0 0 0 0 11 0 11 11 11 11 0 0 11 
11 0 0 0 0 0 11 0 0 0 0 0 11 0 0 15 11 0 0 0 0 0 0 0 0 11 11 11 0 0 0 0 0 0 0 0 0 0 11 
11 0 11 11 0 11 0 0 0 0 0 0 0 0 0 0 0 11 0 0 0 0 0 0 0 0 0 0 11 0 0 11 0 0 0 11 0 11 11 
11 11 11 0 0 0 0 0 0 0 0 0 0 11 0 0 0 0 11 0 0 0 11 0 0 0 0 0 0 0 11 11 11 0 0 11 0 0 11 
11 0 0 11 0 0 0 0 0 0 0 11 0 0 0 0 0 0 0 0 0 0 0 0 11 0 11 0 0 0 0 0 0 0 11 11 11 0 11 
11 0 0 0 0 0 11 11 11 0 0 0 0 0 0 11 0 11 0 0 0 0 0 0 0 0 0 0 0 0 11 0 0 0 0 0 0 0 11 
11 11 11 0 0 0 0 0 0 0 0 0 0 0 0 0 0 0 0 0 0 0 0 11 0 0 11 0 0 0 0 0 0 0 0 0 11 11 11 
11 0 11 0 0 0 0 0 0 0 0 0 0 11 11 0 11 0 0 0 0 11 0 0 11 0 0 0 0 0 0 11 0 0 0 0 11 0 11 
11 0 0 0 0 0 0 0 11 0 0 11 0 0 0 0 11 0 0 0 0 0 0 0 0 0 0 0 0 0 0 0 0 0 0 0 0 0 11 
11 0 0 0 0 0 0 0 11 0 0 0 0 0 0 0 0 0 0 0 0 11 0 0 0 0 0 0 0 0 0 11 0 0 0 0 0 11 11 
11 0 0 0 0 0 0 0 0 0 11 0 0 0 11 0 0 0 0 0 11 0 0 0 0 0 0 0 0 0 11 11 11 0 0 11 0 0 11 
11 11 11 11 11 11 11 11 11 11 11 11 11 11 11 11 11 11 11 11 11 11 11 11 11 11 11 11 11 11 11 11 11 11 11 11 11 11 11 

15652
11 11 11 11 11 11 11 11 11 11 11 11 11 11 11 11 11 11 11 11 11 11 11 11 11 11 11 11 11 11 11 11 11 11 11 11 11 11 11 
11 0 11 0 0 0 0 0 0 0 0 0 0 0 0 0 0 0 11 0 0 0 0 0 0 0 0 11 0 0 0 0 11 0 0 0 11 0 11 
11 0 11 0 0 0 0 0 0 0 0 11 0 11 0 0 0 0 0 0 0 11 0 11 0 11 0 0 0 0 0 0 0 0 0 0 0 0 11 
11 0 0 11 0 0 0 0 11 0 0 0 0 0 0 0 0 0 0 0 0 0 0 0 11 0 11 0 0 0 0 0 11 11 0 0 0 0 11 
11 0 0 0 0 0 0 11 0 0 0 0 0 0 0 11 0 0 0 0 0 0 0 11 0 11 0 0 11 0 0 0 11 11 11 0 0 0 11 
11 0 0 0 0 0 0 0 11 0 0 0 11 0 0 11 0 0 0 0 0 0 0 0 0 11 11 0 0 11 0 0 0 0 0 0 11 0 11 
11 11 0 0 0 0 0 0 0 11 11 0 0 0 0 0 0 11 0 0 0 0 0 0 0 0 11 0 0 11 0 0 0 0 0 0 0 11 11 
11 0 0 0 0 0 0 0 0 0 0 0 0 0 11 11 0 0 0 0 0 0 0 0 0 11 0 0 11 0 0 11 11 0 0 11 0 0 11 
11 0 0 0 0 0 0 0 11 11 0 0 0 11 0 0 0 0 0 11 0 11 0 11 0 0 0 0 0 0 0 0 0 11 0 0 0 11 11 
11 0 0 0 0 0 0 0 0 11 11 0 0 0 0 0 0 0 0 0 0 0 0 0 0 0 0 11 0 0 0 0 11 0 0 0 0 11 11 
11 0 11 0 0 11 0 0 0 0 0 11 0 15 0 0 0 11 0 0 11 0 11 0 0 0 11 0 0 0 11 0 0 0 0 11 0 0 11 
11 0 0 0 0 0 0 11 0 0 0 0 0 0 0 0 0 0 0 0 0 15 15 0 0 0 0 11 11 0 0 0 0 0 0 0 11 0 11 
11 0 0 0 0 0 0 11 0 0 0 0 0 0 0 11 0 11 0 0 0 0 0 0 0 0 0 0 11 0 0 11 11 11 0 0 0 0 11 
11 0 11 0 11 0 11 15 0 11 0 0 0 0 0 0 11 0 0 0 11 0 0 0 0 0 0 0 11 0 0 0 0 0 0 0 0 0 11 
11 11 0 0 0 0 15 11 0 0 0 0 0 11 11 0 11 0 0 0 0 11 0 11 11 11 0 11 0 0 11 0 0 0 0 0 0 0 11 
11 11 0 0 0 0 0 0 0 0 0 0 11 11 0 15 11 11 11 11 11 0 0 0 0 0 0 11 0 0 11 0 0 0 0 0 0 11 11 
11 0 11 0 11 0 0 11 0 0 0 0 0 0 0 15 0 0 0 0 0 0 11 0 0 11 0 0 0 0 11 0 11 11 11 11 0 0 11 
11 0 0 0 0 0 11 0 0 0 11 0 0 0 0 0 11 0 0 0 0 0 0 0 0 11 0 11 0 0 0 0 0 0 0 0 0 0 11 
11 0 0 11 0 11 11 0 0 0 0 0 0 0 0 0 0 11 0 0 0 0 0 0 0 0 0 0 11 0 0 11 0 0 0 11 0 11 11 
11 11 11 11 0 0 0 0 0 0 0 0 0 11 0 11 0 0 11 0 0 0 0 0 0 0 0 0 0 0 11 0 11 0 0 11 0 0 11 
11 0 0 11 0 0 0 0 0 0 0 11 0 0 0 0 0 0 0 0 0 0 0 0 11 0 11 0 0 0 0 0 0 0 11 11 11 0 11 
11 0 0 0 0 0 11 11 11 0 0 0 0 0 0 11 0 11 0 0 0 0 0 0 0 0 0 0 11 0 11 0 0 0 0 0 0 0 11 
11 11 11 0 0 0 0 0 0 0 0 0 0 0 0 0 0 0 0 0 0 0 0 11 0 0 11 0 0 0 0 0 0 0 0 0 11 11 11 
11 0 11 0 0 0 0 0 0 0 0 0 0 11 11 0 0 0 0 0 0 11 0 0 11 0 0 0 0 0 0 11 0 0 0 0 11 0 11 
11 0 0 0 0 0 0 0 11 0 0 11 0 0 0 0 11 0 0 0 0 0 0 0 0 0 0 0 0 0 0 0 0 0 0 0 0 0 11 
11 0 0 0 0 0 0 0 11 0 0 0 0 0 0 0 0 0 0 0 0 11 0 0 0 0 0 0 0 0 0 11 0 0 0 0 0 11 11 
11 0 0 0 0 0 0 11 0 0 11 0 0 0 11 0 0 0 0 0 11 0 0 0 0 0 0 0 0 0 11 0 11 0 0 11 0 0 11 
11 11 11 11 11 11 11 11 11 11 11 11 11 11 11 11 11 11 11 11 11 11 11 11 11 11 11 11 11 11 11 11 11 11 11 11 11 11 11 

15614
11 11 11 11 11 11 11 11 11 11 11 11 11 11 11 11 11 11 11 11 11 11 11 11 11 11 11 11 11 11 11 11 11 11 11 11 11 11 11 
11 0 11 0 0 0 0 0 0 0 0 0 0 0 0 0 0 0 11 0 0 0 0 0 0 0 0 11 0 0 0 0 11 0 0 0 11 0 11 
11 0 11 0 0 0 0 0 0 0 0 11 0 11 0 0 0 0 0 0 0 11 0 11 0 11 0 0 0 0 0 0 0 0 0 0 0 0 11 
11 0 0 11 0 0 0 0 11 0 0 0 0 0 0 0 0 0 0 0 0 0 0 0 11 0 11 0 0 0 0 0 11 11 0 0 0 0 11 
11 0 0 0 0 0 0 11 0 0 0 0 0 0 0 11 0 0 0 0 0 0 0 11 0 11 0 0 11 0 0 0 11 11 11 0 0 0 11 
11 0 0 0 0 0 0 0 11 0 0 0 11 0 0 11 0 0 0 0 0 0 0 0 0 11 11 0 0 11 0 0 0 0 0 0 11 0 11 
11 11 0 0 0 0 0 0 0 11 11 0 0 0 0 0 0 11 0 0 0 0 0 0 0 0 11 0 0 11 0 0 0 0 0 0 0 11 11 
11 0 0 0 0 0 0 0 0 0 0 0 0 0 11 11 0 0 0 0 0 0 0 0 0 11 0 0 11 0 0 11 11 0 0 11 0 0 11 
11 0 0 0 0 0 0 0 11 11 0 0 0 11 0 0 0 0 0 11 0 11 0 11 0 0 0 0 0 0 0 0 0 11 0 0 0 11 11 
11 0 0 0 0 0 0 0 0 11 11 0 0 0 0 0 0 0 0 0 0 0 0 0 0 0 0 11 0 0 0 0 11 0 0 0 0 11 11 
11 0 11 0 0 11 0 0 0 0 0 11 0 0 15 0 0 11 0 0 11 0 11 0 0 0 11 0 0 0 11 0 0 0 0 11 0 0 11 
11 0 0 0 0 0 0 11 0 0 0 0 0 0 0 0 0 0 0 0 0 15 0 0 0 0 0 11 11 0 0 0 0 0 0 0 11 0 11 
11 0 0 0 0 0 0 11 0 0 0 0 0 0 0 11 0 11 0 0 0 0 0 0 15 0 0 0 11 0 0 11 11 11 0 0 0 0 11 
11 0 11 0 11 0 11 15 0 11 0 0 0 0 0 0 11 0 0 0 11 0 0 0 0 0 0 0 11 0 0 0 0 0 0 0 0 0 11 
11 11 0 0 0 0 0 11 0 0 0 0 0 11 11 0 11 0 0 0 0 11 0 11 11 11 0 11 0 0 11 0 0 0 0 0 0 0 11 
11 11 0 0 0 0 15 0 0 0 0 0 11 11 0 0 11 11 11 11 11 0 0 0 0 0 0 11 0 0 11 0 0 0 0 0 0 11 11 
11 0 11 0 11 0 0 11 0 0 0 0 0 0 0 0 0 0 12 0 0 0 11 0 0 11 0 0 0 0 11 0 11 11 11 11 0 0 11 
11 0 0 0 0 0 11 0 0 0 0 0 0 0 0 0 11 0 0 0 0 0 0 0 0 11 0 11 0 0 0 0 0 0 0 0 0 0 11 
11 0 0 11 0 11 11 0 0 0 0 14 0 0 15 0 0 11 0 0 0 0 0 0 0 0 0 0 11 0 0 11 0 0 0 11 0 11 11 
11 11 11 11 0 0 0 0 0 0 0 0 0 11 0 11 0 0 11 0 0 0 0 0 0 0 0 0 0 0 11 0 11 0 0 11 0 0 11 
11 0 0 11 0 0 0 0 0 0 0 11 0 0 0 0 0 0 0 0 0 0 0 0 11 0 11 0 0 0 0 0 0 0 11 11 11 0 11 
11 0 0 0 0 0 11 11 11 0 0 0 0 0 0 11 0 11 0 0 0 0 0 0 0 0 0 0 11 0 11 0 0 0 0 0 0 0 11 
11 11 11 0 0 0 0 0 0 0 0 0 0 0 0 0 0 0 0 0 0 0 0 11 0 0 11 0 0 0 0 0 0 0 0 0 11 11 11 
11 0 11 0 0 0 0 0 0 0 0 0 0 11 11 0 0 0 0 0 0 11 0 0 11 0 0 0 0 0 0 11 0 0 0 0 11 0 11 
11 0 0 0 0 0 0 0 11 0 0 11 0 0 0 0 11 0 0 0 0 0 0 0 0 0 0 0 0 0 0 0 0 0 0 0 0 0 11 
11 0 0 0 0 0 0 0 11 0 0 0 0 0 0 0 0 0 0 0 0 11 0 0 0 0 0 0 0 0 0 11 0 0 0 0 0 11 11 
11 0 0 0 0 0 0 11 0 0 11 0 0 0 11 0 0 0 0 0 11 0 0 0 0 0 0 0 0 0 11 0 11 0 0 11 0 0 11 
11 11 11 11 11 11 11 11 11 11 11 11 11 11 11 11 11 11 11 11 11 11 11 11 11 11 11 11 11 11 11 11 11 11 11 11 11 11 11 

15614
11 11 11 11 11 11 11 11 11 11 11 11 11 11 11 11 11 11 11 11 11 11 11 11 11 11 11 11 11 11 11 11 11 11 11 11 11 11 11 
11 0 11 0 0 0 0 0 0 0 0 0 0 0 0 0 0 0 11 0 0 0 0 0 0 0 0 11 0 0 0 0 11 0 0 0 11 0 11 
11 0 11 0 0 0 0 0 0 0 0 11 0 11 0 0 0 0 0 0 0 11 0 11 0 11 0 0 0 0 0 0 0 0 0 0 0 0 11 
11 0 0 11 0 0 0 0 11 0 0 0 0 0 0 0 0 0 0 0 0 0 0 0 11 0 11 0 0 0 0 0 11 11 0 0 0 0 11 
11 0 0 0 0 0 0 11 0 0 0 0 0 0 0 11 0 0 0 0 0 0 0 11 0 11 0 0 11 0 0 0 11 11 11 0 0 0 11 
11 0 0 0 0 0 0 0 11 0 0 0 11 0 0 11 0 0 0 0 0 0 0 0 0 11 11 0 0 11 0 0 0 0 0 0 11 0 11 
11 11 0 0 0 0 0 0 0 11 11 0 0 0 0 0 0 11 0 0 0 0 0 0 0 0 11 0 0 11 0 0 0 0 0 0 0 11 11 
11 0 0 0 0 0 0 0 0 0 0 0 0 0 11 11 0 0 0 0 0 0 0 0 0 11 0 0 11 0 0 11 11 0 0 11 0 0 11 
11 0 0 0 0 0 0 0 11 11 0 0 0 11 0 0 0 0 0 11 0 11 0 11 0 0 0 0 0 0 0 0 0 11 0 0 0 11 11 
11 0 0 0 0 0 0 0 0 11 11 0 0 0 0 0 0 0 0 0 0 0 0 0 0 0 0 11 0 0 0 0 11 0 0 0 0 11 11 
11 0 11 0 0 11 0 0 0 0 0 11 0 0 15 0 0 11 0 0 11 0 11 0 0 0 11 0 0 0 11 0 0 0 0 11 0 0 11 
11 0 0 0 0 0 0 11 0 0 0 0 0 0 0 0 0 0 0 0 0 15 0 0 0 0 0 11 11 0 0 0 0 0 0 0 11 0 11 
11 0 0 0 0 0 0 11 0 0 0 0 0 0 0 11 0 11 0 0 0 0 0 0 15 0 0 0 11 0 0 11 11 11 0 0 0 0 11 
11 0 11 0 11 0 11 15 0 11 0 0 0 0 0 0 11 0 0 0 11 0 0 0 0 0 0 0 11 0 0 0 0 0 0 0 0 0 11 
11 11 0 0 0 0 0 11 0 0 0 0 0 11 11 0 11 0 0 0 0 11 0 11 11 11 0 11 0 0 11 0 0 0 0 0 0 0 11 
11 11 0 0 0 0 15 0 0 0 0 0 11 11 0 0 11 11 11 11 11 0 0 0 0 0 0 11 0 0 11 0 0 0 0 0 0 11 11 
11 0 11 0 11 0 0 11 0 0 0 0 0 0 0 0 0 0 12 0 0 0 11 0 0 11 0 0 0 0 11 0 11 11 11 11 0 0 11 
11 0 0 0 0 0 11 0 0 0 0 0 0 0 0 0 11 0 0 0 0 0 0 0 0 11 0 11 0 0 0 0 0 0 0 0 0 0 11 
11 0 0 11 0 11 11 0 0 0 0 14 0 0 15 0 0 11 0 0 0 0 0 0 0 0 0 0 11 0 0 11 0 0 0 11 0 11 11 
11 11 11 11 0 0 0 0 0 0 0 0 0 11 0 11 0 0 11 0 0 0 0 0 0 0 0 0 0 0 11 0 11 0 0 11 0 0 11 
11 0 0 11 0 0 0 0 0 0 0 11 0 0 0 0 0 0 0 0 0 0 0 0 11 0 11 0 0 0 0 0 0 0 11 11 11 0 11 
11 0 0 0 0 0 11 11 11 0 0 0 0 0 0 11 0 11 0 0 0 0 0 0 0 0 0 0 11 0 11 0 0 0 0 0 0 0 11 
11 11 11 0 0 0 0 0 0 0 0 0 0 0 0 0 0 0 0 0 0 0 0 11 0 0 11 0 0 0 0 0 0 0 0 0 11 11 11 
11 0 11 0 0 0 0 0 0 0 0 0 0 11 11 0 0 0 0 0 0 11 0 0 11 0 0 0 0 0 0 11 0 0 0 0 11 0 11 
11 0 0 0 0 0 0 0 11 0 0 11 0 0 0 0 11 0 0 0 0 0 0 0 0 0 0 0 0 0 0 0 0 0 0 0 0 0 11 
11 0 0 0 0 0 0 0 11 0 0 0 0 0 0 0 0 0 0 0 0 11 0 0 0 0 0 0 0 0 0 11 0 0 0 0 0 11 11 
11 0 0 0 0 0 0 11 0 0 11 0 0 0 11 0 0 0 0 0 11 0 0 0 0 0 0 0 0 0 11 0 11 0 0 11 0 0 11 
11 11 11 11 11 11 11 11 11 11 11 11 11 11 11 11 11 11 11 11 11 11 11 11 11 11 11 11 11 11 11 11 11 11 11 11 11 11 11 

15614
11 11 11 11 11 11 11 11 11 11 11 11 11 11 11 11 11 11 11 11 11 11 11 11 11 11 11 11 11 11 11 11 11 11 11 11 11 11 11 
11 0 11 0 0 0 0 0 0 0 0 0 0 0 0 0 0 0 11 0 0 0 0 0 0 0 0 11 0 0 0 0 11 0 0 0 11 0 11 
11 0 11 0 0 0 0 0 0 0 0 11 0 11 0 0 0 0 0 0 0 11 0 11 0 11 0 0 0 0 0 0 0 0 0 0 0 0 11 
11 0 0 11 0 0 0 0 11 0 0 0 0 0 0 0 0 0 0 0 0 0 0 0 11 0 11 0 0 0 0 0 11 11 0 0 0 0 11 
11 0 0 0 0 0 0 11 0 0 0 0 0 0 0 11 0 0 0 0 0 0 0 11 0 11 0 0 11 0 0 0 11 11 11 0 0 0 11 
11 0 0 0 0 0 0 0 11 0 0 0 11 0 0 11 0 0 0 0 0 0 0 0 0 11 11 0 0 11 0 0 0 0 0 0 11 0 11 
11 11 0 0 0 0 0 0 0 11 11 0 0 0 0 0 0 11 0 0 0 0 0 0 0 0 11 0 0 11 0 0 0 0 0 0 0 11 11 
11 0 0 0 0 0 0 0 0 0 0 0 0 0 11 11 0 0 0 0 0 0 0 0 0 11 0 0 11 0 0 11 11 0 0 11 0 0 11 
11 0 0 0 0 0 0 0 11 11 0 0 0 11 0 0 0 0 0 11 0 11 0 11 0 0 0 0 0 0 0 0 0 11 0 0 0 11 11 
11 0 0 0 0 0 0 0 0 11 11 0 0 0 0 0 0 0 0 0 0 0 0 0 0 0 0 11 0 0 0 0 11 0 0 0 0 11 11 
11 0 11 0 0 11 0 0 0 0 0 11 0 0 15 0 0 11 0 0 11 0 11 0 0 0 11 0 0 0 11 0 0 0 0 11 0 0 11 
11 0 0 0 0 0 0 11 0 0 0 0 0 0 0 0 0 0 0 0 0 15 0 0 0 0 0 11 11 0 0 0 0 0 0 0 11 0 11 
11 0 0 0 0 0 0 11 0 0 0 0 0 0 0 11 0 11 0 0 0 0 0 0 15 0 0 0 11 0 0 11 11 11 0 0 0 0 11 
11 0 11 0 11 0 11 15 0 11 0 0 0 0 0 0 11 0 0 0 11 0 0 0 0 0 0 0 11 0 0 0 0 0 0 0 0 0 11 
11 11 0 0 0 0 0 11 0 0 0 0 0 11 11 0 11 0 0 0 0 11 0 11 11 11 0 11 0 0 11 0 0 0 0 0 0 0 11 
11 11 0 0 0 0 15 0 0 0 0 0 11 11 0 0 11 11 11 11 11 0 0 0 0 0 0 11 0 0 11 0 0 0 0 0 0 11 11 
11 0 11 0 11 0 0 11 0 0 0 0 0 0 0 0 0 0 12 0 0 0 11 0 0 11 0 0 0 0 11 0 11 11 11 11 0 0 11 
11 0 0 0 0 0 11 0 0 0 0 0 0 0 0 0 11 0 0 0 0 0 0 0 0 11 0 11 0 0 0 0 0 0 0 0 0 0 11 
11 0 0 11 0 11 11 0 0 0 0 14 0 0 15 0 0 11 0 0 0 0 0 0 0 0 0 0 11 0 0 11 0 0 0 11 0 11 11 
11 11 11 11 0 0 0 0 0 0 0 0 0 11 0 11 0 0 11 0 0 0 0 0 0 0 0 0 0 0 11 0 11 0 0 11 0 0 11 
11 0 0 11 0 0 0 0 0 0 0 11 0 0 0 0 0 0 0 0 0 0 0 0 11 0 11 0 0 0 0 0 0 0 11 11 11 0 11 
11 0 0 0 0 0 11 11 11 0 0 0 0 0 0 11 0 11 0 0 0 0 0 0 0 0 0 0 11 0 11 0 0 0 0 0 0 0 11 
11 11 11 0 0 0 0 0 0 0 0 0 0 0 0 0 0 0 0 0 0 0 0 11 0 0 11 0 0 0 0 0 0 0 0 0 11 11 11 
11 0 11 0 0 0 0 0 0 0 0 0 0 11 11 0 0 0 0 0 0 11 0 0 11 0 0 0 0 0 0 11 0 0 0 0 11 0 11 
11 0 0 0 0 0 0 0 11 0 0 11 0 0 0 0 11 0 0 0 0 0 0 0 0 0 0 0 0 0 0 0 0 0 0 0 0 0 11 
11 0 0 0 0 0 0 0 11 0 0 0 0 0 0 0 0 0 0 0 0 11 0 0 0 0 0 0 0 0 0 11 0 0 0 0 0 11 11 
11 0 0 0 0 0 0 11 0 0 11 0 0 0 11 0 0 0 0 0 11 0 0 0 0 0 0 0 0 0 11 0 11 0 0 11 0 0 11 
11 11 11 11 11 11 11 11 11 11 11 11 11 11 11 11 11 11 11 11 11 11 11 11 11 11 11 11 11 11 11 11 11 11 11 11 11 11 11 

15589
11 11 11 11 11 11 11 11 11 11 11 11 11 11 11 11 11 11 11 11 11 11 11 11 11 11 11 11 11 11 11 11 11 11 11 11 11 11 11 
11 0 11 0 0 0 0 0 0 0 0 0 0 0 0 0 0 0 11 0 0 0 0 0 0 0 0 11 0 0 0 0 11 0 0 0 11 0 11 
11 0 11 0 0 0 0 0 0 0 0 11 0 11 0 0 0 0 0 0 0 11 0 11 0 11 0 0 0 0 0 0 0 0 0 0 0 0 11 
11 0 0 11 0 0 0 0 11 0 0 0 0 0 0 0 0 0 0 0 0 0 0 0 11 0 11 0 0 0 0 0 11 11 0 0 0 0 11 
11 0 0 0 0 0 0 11 0 0 0 0 0 0 0 11 0 0 0 0 0 0 0 11 0 11 0 0 11 0 0 0 11 11 11 0 0 0 11 
11 0 0 0 0 0 0 0 11 0 0 0 11 0 0 11 0 0 0 0 0 0 0 0 0 11 11 0 0 11 0 0 0 0 0 0 11 0 11 
11 11 0 0 0 0 0 0 0 11 11 0 0 0 0 0 0 11 0 0 0 0 0 0 0 0 11 0 0 11 0 0 0 0 0 0 0 11 11 
11 0 0 0 0 0 0 15 0 0 0 0 0 0 11 11 0 0 0 0 0 0 0 0 0 11 0 0 11 0 0 11 11 0 0 11 0 0 11 
11 0 0 0 0 0 0 0 11 11 0 0 0 11 0 0 0 0 0 11 0 11 0 11 0 0 0 0 0 0 0 0 0 11 0 0 0 11 11 
11 0 0 0 0 0 0 0 0 11 11 0 0 0 0 0 0 0 0 0 0 0 0 0 0 0 0 11 0 0 0 0 11 0 0 0 0 11 11 
11 0 11 0 0 11 0 0 0 0 0 11 0 0 0 0 0 11 0 0 11 0 11 0 0 0 11 0 0 0 11 0 0 0 0 11 0 0 11 
11 0 0 0 0 0 0 11 0 15 0 0 0 0 0 0 0 0 0 0 0 0 15 15 0 0 0 11 11 0 0 0 0 0 0 0 11 0 11 
11 0 0 0 0 0 0 11 0 0 0 0 0 0 0 11 0 11 0 0 0 0 0 0 0 0 0 0 11 0 0 11 11 11 0 0 0 0 11 
11 0 11 0 11 0 11 0 0 11 0 0 0 0 0 0 11 0 0 0 11 0 0 0 0 0 0 0 11 0 0 0 0 0 0 0 0 0 11 
11 11 0 0 0 0 0 11 0 0 0 0 0 11 11 0 11 0 0 0 0 11 0 11 11 11 0 11 0 0 11 0 0 0 0 0 0 0 11 
11 11 0 0 0 0 0 0 0 0 0 0 11 11 0 15 11 11 11 11 11 0 0 0 0 0 0 11 0 0 11 0 0 0 0 0 0 11 11 
11 0 11 0 11 0 0 11 0 11 0 0 0 0 0 0 0 0 0 0 0 0 11 0 0 11 0 0 0 0 11 0 11 11 11 11 0 0 11 
11 0 0 0 0 0 11 0 0 0 0 0 0 0 0 0 11 0 0 0 0 0 0 0 0 11 0 11 0 0 0 0 0 0 0 0 0 0 11 
11 0 0 11 0 11 11 0 0 0 0 0 0 0 0 0 13 11 0 0 0 0 0 0 0 0 0 0 11 0 0 11 0 0 0 11 0 11 11 
11 11 11 11 0 0 0 0 0 0 0 0 0 11 0 11 0 0 11 0 0 0 0 0 0 0 0 0 0 0 11 0 11 0 0 11 0 0 11 
11 0 0 11 0 0 0 0 0 0 15 11 0 0 0 0 0 0 0 0 0 0 0 0 11 0 11 0 0 0 0 0 0 0 11 11 11 0 11 
11 0 0 0 0 0 11 11 11 0 0 0 0 0 0 11 0 11 0 0 0 0 0 0 0 0 0 0 11 0 11 0 0 0 0 0 0 0 11 
11 11 11 0 0 0 0 0 0 0 0 0 0 0 0 0 0 0 0 0 0 0 0 11 0 0 11 0 0 0 0 0 0 0 0 0 11 11 11 
11 0 11 0 0 0 0 0 0 0 0 0 0 11 11 0 0 0 0 0 0 11 0 0 11 0 0 0 0 0 0 11 0 0 0 0 11 0 11 
11 0 0 0 0 0 0 0 11 0 0 11 0 0 0 0 11 0 0 0 0 0 0 0 0 0 0 0 0 0 0 0 0 0 0 0 0 0 11 
11 0 0 0 0 0 0 0 11 0 0 0 0 0 0 0 0 0 0 0 0 11 0 0 0 0 0 0 0 0 0 11 0 0 0 0 0 11 11 
11 0 0 0 0 0 0 11 0 0 11 0 0 0 11 0 0 0 0 0 11 0 0 0 0 0 0 0 0 0 11 0 11 0 0 11 0 0 11 
11 11 11 11 11 11 11 11 11 11 11 11 11 11 11 11 11 11 11 11 11 11 11 11 11 11 11 11 11 11 11 11 11 11 11 11 11 11 11 

15655
11 11 11 11 11 11 11 11 11 11 11 11 11 11 11 11 11 11 11 11 11 11 11 11 11 11 11 11 11 11 11 11 11 11 11 11 11 11 11 
11 0 11 0 0 0 0 0 0 0 0 0 0 0 0 0 0 0 11 0 0 0 0 0 0 0 0 0 0 0 0 11 11 0 0 0 11 0 11 
11 0 11 0 0 0 0 0 0 0 0 11 0 11 0 0 0 0 0 0 0 11 0 11 0 11 0 0 0 0 0 0 0 0 0 0 0 0 11 
11 0 0 11 0 0 0 0 0 0 0 0 0 0 0 0 0 0 0 0 0 0 0 0 11 0 11 0 0 0 0 0 11 0 0 0 0 0 11 
11 0 0 0 0 0 0 11 0 0 0 0 0 0 0 11 0 0 0 0 0 0 0 11 0 11 0 0 11 0 0 0 11 11 11 0 0 0 11 
11 0 0 0 0 0 0 0 11 0 0 0 11 0 0 11 0 11 0 0 0 0 0 0 0 11 11 0 0 11 0 0 0 0 0 0 11 0 11 
11 11 0 0 0 0 0 0 0 11 11 0 0 0 0 0 0 11 0 0 0 0 0 0 0 0 0 0 0 11 0 0 0 0 0 0 0 11 11 
11 0 0 0 0 0 0 0 0 0 0 0 0 0 11 11 0 0 0 0 0 0 0 0 0 11 0 0 11 0 0 11 11 0 0 11 0 0 11 
11 0 0 0 0 0 0 0 11 11 0 0 0 11 0 0 0 0 0 11 0 0 0 11 0 0 0 0 0 0 0 0 0 11 0 0 0 11 11 
11 0 0 0 0 0 0 0 0 11 11 0 0 0 0 0 0 0 0 0 0 0 0 0 0 0 0 11 0 0 0 0 11 0 0 0 0 11 11 
11 0 11 0 0 11 0 0 0 0 0 11 0 15 0 0 0 11 0 0 11 0 11 0 0 0 11 0 0 0 11 0 0 0 0 11 0 0 11 
11 0 0 0 0 0 0 11 0 15 0 0 0 0 0 0 0 0 0 0 0 15 0 0 15 0 0 0 11 0 0 0 0 0 0 0 11 0 11 
11 0 0 0 0 0 0 11 0 0 0 0 0 0 0 11 0 11 0 0 0 0 0 0 0 11 0 0 11 0 0 11 11 11 0 0 0 0 11 
11 0 11 0 11 0 11 0 0 11 0 0 0 0 0 0 11 0 0 0 11 0 0 0 0 0 0 0 11 0 0 0 0 0 0 0 0 0 11 
11 11 0 0 0 0 0 0 0 0 0 0 0 11 11 0 11 0 0 0 0 11 0 11 11 11 0 11 0 0 11 0 0 11 0 0 0 0 11 
11 11 0 0 0 0 15 0 0 0 0 0 11 11 0 0 11 11 11 11 11 0 0 0 0 0 0 11 0 0 11 0 0 0 0 0 0 11 11 
11 0 11 0 11 0 0 11 0 0 0 0 0 0 0 15 0 0 0 0 0 0 11 0 0 11 0 0 0 0 11 0 11 11 11 11 0 0 11 
11 0 0 0 0 0 11 0 0 0 0 0 11 0 0 0 11 0 0 0 0 0 0 0 0 11 0 11 0 0 0 11 0 0 0 0 0 0 11 
11 0 11 11 0 11 0 0 0 0 0 11 0 0 15 0 0 11 0 0 0 0 0 0 0 0 0 0 11 0 0 11 0 0 0 11 0 11 11 
11 11 11 0 0 0 0 0 0 0 0 0 0 11 0 0 0 0 11 0 11 0 11 0 0 0 0 0 0 0 11 0 11 0 0 11 0 0 11 
11 0 0 11 0 0 0 0 0 0 0 11 0 0 0 0 0 0 0 0 0 0 0 0 11 0 11 0 0 0 0 0 0 0 11 11 11 0 11 
11 0 0 0 0 0 11 11 11 0 0 0 0 0 0 11 0 11 0 0 0 0 0 0 0 0 0 0 0 0 11 0 0 0 0 0 0 0 11 
11 11 11 0 0 0 0 0 0 0 0 0 0 0 0 0 0 0 0 0 0 0 0 11 0 0 11 0 0 0 0 0 0 0 0 0 11 11 11 
11 0 11 0 0 0 0 0 0 0 0 0 0 11 11 0 11 0 0 0 0 11 0 0 11 0 0 0 0 0 0 11 0 0 0 0 11 0 11 
11 0 0 0 0 0 0 0 11 0 0 11 0 0 0 0 11 0 0 0 0 0 0 0 0 0 0 0 0 0 0 0 0 0 0 0 0 0 11 
11 0 0 0 0 0 0 0 11 0 0 0 0 0 0 0 0 0 0 0 0 11 0 0 0 0 0 0 0 0 0 11 0 0 0 0 0 11 11 
11 0 11 0 0 0 0 0 0 0 11 0 0 0 11 0 0 0 0 0 11 0 0 0 0 0 0 0 0 0 11 11 11 0 0 11 0 0 11 
11 11 11 11 11 11 11 11 11 11 11 11 11 11 11 11 11 11 11 11 11 11 11 11 11 11 11 11 11 11 11 11 11 11 11 11 11 11 11 

15629
11 11 11 11 11 11 11 11 11 11 11 11 11 11 11 11 11 11 11 11 11 11 11 11 11 11 11 11 11 11 11 11 11 11 11 11 11 11 11 
11 0 11 0 0 0 0 0 0 0 0 0 0 0 0 0 0 0 11 0 0 0 0 0 0 0 0 0 0 0 0 11 11 0 0 0 11 0 11 
11 0 11 0 0 0 0 0 0 0 0 11 0 11 0 0 0 0 0 0 0 11 0 11 0 11 0 0 0 0 0 0 0 0 0 0 0 0 11 
11 0 0 11 0 0 0 0 0 0 0 0 0 0 0 0 0 0 0 0 0 0 0 0 11 0 11 0 0 0 0 0 11 0 0 0 0 0 11 
11 0 0 0 0 0 0 11 0 0 0 0 0 0 0 11 0 0 0 0 0 0 0 11 0 11 0 0 11 0 0 0 11 11 11 0 0 0 11 
11 0 0 0 0 0 0 0 11 0 0 0 11 0 0 11 0 11 0 0 0 0 0 0 0 11 11 0 0 11 0 0 0 0 0 0 11 0 11 
11 11 0 0 0 0 0 0 0 11 11 0 0 0 0 0 0 11 0 0 0 0 0 0 0 0 0 0 0 11 0 0 0 0 0 0 0 11 11 
11 0 0 0 0 0 0 0 0 0 0 0 0 0 11 11 0 0 0 0 0 0 0 0 0 11 0 0 11 0 0 11 11 0 0 11 0 0 11 
11 0 0 0 0 0 0 0 11 11 0 0 0 11 0 0 0 0 0 11 0 0 0 11 0 0 0 0 0 0 0 0 0 11 0 0 0 11 11 
11 0 0 0 0 0 0 0 0 11 11 0 0 0 0 0 0 0 0 0 0 0 15 0 0 0 0 11 0 0 0 0 11 0 0 0 0 11 11 
11 0 11 0 0 11 0 0 0 0 15 11 0 0 0 0 0 11 0 0 11 0 11 0 0 0 11 0 0 0 11 0 0 0 0 11 0 0 11 
11 0 0 0 0 0 0 11 0 0 0 0 0 0 0 0 0 0 0 0 0 15 0 0 0 0 0 0 11 0 0 0 0 0 0 0 11 0 11 
11 0 0 0 0 0 0 11 0 0 0 0 0 0 0 11 0 11 0 0 0 0 0 0 0 11 0 0 11 0 0 11 11 11 0 0 0 0 11 
11 0 11 0 11 0 11 0 0 11 0 0 0 0 0 0 11 0 0 0 11 0 0 0 0 0 0 0 11 0 0 0 0 0 0 0 0 0 11 
11 11 0 0 0 0 15 0 0 0 0 0 0 11 11 0 11 0 0 0 0 11 0 11 11 11 0 11 0 0 11 0 0 11 0 0 0 0 11 
11 11 0 0 15 0 0 0 0 0 0 0 11 11 0 0 11 11 11 11 11 0 0 0 0 0 0 11 0 0 11 0 0 0 0 0 0 11 11 
11 0 11 0 11 0 0 11 0 0 0 0 0 0 0 0 15 0 0 0 0 0 11 0 0 11 0 0 0 0 11 0 11 11 11 11 0 0 11 
11 0 0 0 0 0 11 0 0 0 0 0 11 0 0 0 11 0 0 0 0 0 0 0 0 11 0 11 0 0 0 11 0 0 0 0 0 0 11 
11 0 11 11 0 11 0 0 0 0 0 0 0 0 15 0 0 11 0 0 0 0 0 0 0 0 0 0 11 0 0 11 0 0 0 11 0 11 11 
11 11 11 0 0 0 0 0 0 0 0 0 0 11 0 0 0 0 11 0 11 0 11 0 0 0 0 0 0 0 11 0 11 0 0 11 0 0 11 
11 0 0 11 0 0 0 0 0 0 0 11 0 0 0 0 0 0 0 0 0 0 0 0 11 0 11 0 0 0 0 0 0 0 11 11 11 0 11 
11 0 0 0 0 0 11 11 11 0 0 0 0 0 0 11 0 11 0 0 0 0 0 0 0 0 0 0 0 0 11 0 0 0 0 0 0 0 11 
11 11 11 0 0 0 0 0 0 0 0 0 0 0 0 0 0 0 0 0 0 0 0 11 0 0 11 0 0 0 0 0 0 0 0 0 11 11 11 
11 0 11 0 0 0 0 0 0 0 0 0 0 11 11 0 11 0 0 0 0 11 0 0 11 0 0 0 0 0 0 11 0 0 0 0 11 0 11 
11 0 0 0 0 0 0 0 11 0 0 11 0 0 0 0 11 0 0 0 0 0 0 0 0 0 0 0 0 0 0 0 0 0 0 0 0 0 11 
11 0 0 0 0 0 0 0 11 0 0 0 0 0 0 0 0 0 0 0 0 11 0 0 0 0 0 0 0 0 0 11 0 0 0 0 0 11 11 
11 0 11 0 0 0 0 0 0 0 11 0 0 0 11 0 0 0 0 0 11 0 0 0 0 0 0 0 0 0 11 11 11 0 0 11 0 0 11 
11 11 11 11 11 11 11 11 11 11 11 11 11 11 11 11 11 11 11 11 11 11 11 11 11 11 11 11 11 11 11 11 11 11 11 11 11 11 11 

15629
11 11 11 11 11 11 11 11 11 11 11 11 11 11 11 11 11 11 11 11 11 11 11 11 11 11 11 11 11 11 11 11 11 11 11 11 11 11 11 
11 0 11 0 0 0 0 0 0 0 0 0 0 0 0 0 0 0 11 0 0 0 0 0 0 0 0 0 0 0 0 11 11 0 0 0 11 0 11 
11 0 11 0 0 0 0 0 0 0 0 11 0 11 0 0 0 0 0 0 0 11 0 11 0 11 0 0 0 0 0 0 0 0 0 0 0 0 11 
11 0 0 11 0 0 0 0 0 0 0 0 0 0 0 0 0 0 0 0 0 0 0 0 11 0 11 0 0 0 0 0 11 0 0 0 0 0 11 
11 0 0 0 0 0 0 11 0 0 0 0 0 0 0 11 0 0 0 0 0 0 0 11 0 11 0 0 11 0 0 0 11 11 11 0 0 0 11 
11 0 0 0 0 0 0 0 11 0 0 0 11 0 0 11 0 11 0 0 0 0 0 0 0 11 11 0 0 11 0 0 0 0 0 0 11 0 11 
11 11 0 0 0 0 0 0 0 11 11 0 0 0 0 0 0 11 0 0 0 0 0 0 0 0 0 0 0 11 0 0 0 0 0 0 0 11 11 
11 0 0 0 0 0 0 0 0 0 0 0 0 0 11 11 0 0 0 0 0 0 0 0 0 11 0 0 11 0 0 11 11 0 0 11 0 0 11 
11 0 0 0 0 0 0 0 11 11 0 0 0 11 0 0 0 0 0 11 0 0 0 11 0 0 0 0 0 0 0 0 0 11 0 0 0 11 11 
11 0 0 0 0 0 0 0 0 11 11 0 0 0 0 0 0 0 0 0 0 0 15 0 0 0 0 11 0 0 0 0 11 0 0 0 0 11 11 
11 0 11 0 0 11 0 0 0 0 15 11 0 0 0 0 0 11 0 0 11 0 11 0 0 0 11 0 0 0 11 0 0 0 0 11 0 0 11 
11 0 0 0 0 0 0 11 0 0 0 0 0 0 0 0 0 0 0 0 0 15 0 0 0 0 0 0 11 0 0 0 0 0 0 0 11 0 11 
11 0 0 0 0 0 0 11 0 0 0 0 0 0 0 11 0 11 0 0 0 0 0 0 0 11 0 0 11 0 0 11 11 11 0 0 0 0 11 
11 0 11 0 11 0 11 0 0 11 0 0 0 0 0 0 11 0 0 0 11 0 0 0 0 0 0 0 11 0 0 0 0 0 0 0 0 0 11 
11 11 0 0 0 0 15 0 0 0 0 0 0 11 11 0 11 0 0 0 0 11 0 11 11 11 0 11 0 0 11 0 0 11 0 0 0 0 11 
11 11 0 0 15 0 0 0 0 0 0 0 11 11 0 0 11 11 11 11 11 0 0 0 0 0 0 11 0 0 11 0 0 0 0 0 0 11 11 
11 0 11 0 11 0 0 11 0 0 0 0 0 0 0 0 15 0 0 0 0 0 11 0 0 11 0 0 0 0 11 0 11 11 11 11 0 0 11 
11 0 0 0 0 0 11 0 0 0 0 0 11 0 0 0 11 0 0 0 0 0 0 0 0 11 0 11 0 0 0 11 0 0 0 0 0 0 11 
11 0 11 11 0 11 0 0 0 0 0 0 0 0 15 0 0 11 0 0 0 0 0 0 0 0 0 0 11 0 0 11 0 0 0 11 0 11 11 
11 11 11 0 0 0 0 0 0 0 0 0 0 11 0 0 0 0 11 0 11 0 11 0 0 0 0 0 0 0 11 0 11 0 0 11 0 0 11 
11 0 0 11 0 0 0 0 0 0 0 11 0 0 0 0 0 0 0 0 0 0 0 0 11 0 11 0 0 0 0 0 0 0 11 11 11 0 11 
11 0 0 0 0 0 11 11 11 0 0 0 0 0 0 11 0 11 0 0 0 0 0 0 0 0 0 0 0 0 11 0 0 0 0 0 0 0 11 
11 11 11 0 0 0 0 0 0 0 0 0 0 0 0 0 0 0 0 0 0 0 0 11 0 0 11 0 0 0 0 0 0 0 0 0 11 11 11 
11 0 11 0 0 0 0 0 0 0 0 0 0 11 11 0 11 0 0 0 0 11 0 0 11 0 0 0 0 0 0 11 0 0 0 0 11 0 11 
11 0 0 0 0 0 0 0 11 0 0 11 0 0 0 0 11 0 0 0 0 0 0 0 0 0 0 0 0 0 0 0 0 0 0 0 0 0 11 
11 0 0 0 0 0 0 0 11 0 0 0 0 0 0 0 0 0 0 0 0 11 0 0 0 0 0 0 0 0 0 11 0 0 0 0 0 11 11 
11 0 11 0 0 0 0 0 0 0 11 0 0 0 11 0 0 0 0 0 11 0 0 0 0 0 0 0 0 0 11 11 11 0 0 11 0 0 11 
11 11 11 11 11 11 11 11 11 11 11 11 11 11 11 11 11 11 11 11 11 11 11 11 11 11 11 11 11 11 11 11 11 11 11 11 11 11 11 

15629
11 11 11 11 11 11 11 11 11 11 11 11 11 11 11 11 11 11 11 11 11 11 11 11 11 11 11 11 11 11 11 11 11 11 11 11 11 11 11 
11 0 11 0 0 0 0 0 0 0 0 0 0 0 0 0 0 0 11 0 0 0 0 0 0 0 0 0 0 0 0 11 11 0 0 0 11 0 11 
11 0 11 0 0 0 0 0 0 0 0 11 0 11 0 0 0 0 0 0 0 11 0 11 0 11 0 0 0 0 0 0 0 0 0 0 0 0 11 
11 0 0 11 0 0 0 0 0 0 0 0 0 0 0 0 0 0 0 0 0 0 0 0 11 0 11 0 0 0 0 0 11 0 0 0 0 0 11 
11 0 0 0 0 0 0 11 0 0 0 0 0 0 0 11 0 0 0 0 0 0 0 11 0 11 0 0 11 0 0 0 11 11 11 0 0 0 11 
11 0 0 0 0 0 0 0 11 0 0 0 11 0 0 11 0 11 0 0 0 0 0 0 0 11 11 0 0 11 0 0 0 0 0 0 11 0 11 
11 11 0 0 0 0 0 0 0 11 11 0 0 0 0 0 0 11 0 0 0 0 0 0 0 0 0 0 0 11 0 0 0 0 0 0 0 11 11 
11 0 0 0 0 0 0 0 0 0 0 0 0 0 11 11 0 0 0 0 0 0 0 0 0 11 0 0 11 0 0 11 11 0 0 11 0 0 11 
11 0 0 0 0 0 0 0 11 11 0 0 0 11 0 0 0 0 0 11 0 0 0 11 0 0 0 0 0 0 0 0 0 11 0 0 0 11 11 
11 0 0 0 0 0 0 0 0 11 11 0 0 0 0 0 0 0 0 0 0 0 15 0 0 0 0 11 0 0 0 0 11 0 0 0 0 11 11 
11 0 11 0 0 11 0 0 0 0 15 11 0 0 0 0 0 11 0 0 11 0 11 0 0 0 11 0 0 0 11 0 0 0 0 11 0 0 11 
11 0 0 0 0 0 0 11 0 0 0 0 0 0 0 0 0 0 0 0 0 15 0 0 0 0 0 0 11 0 0 0 0 0 0 0 11 0 11 
11 0 0 0 0 0 0 11 0 0 0 0 0 0 0 11 0 11 0 0 0 0 0 0 0 11 0 0 11 0 0 11 11 11 0 0 0 0 11 
11 0 11 0 11 0 11 0 0 11 0 0 0 0 0 0 11 0 0 0 11 0 0 0 0 0 0 0 11 0 0 0 0 0 0 0 0 0 11 
11 11 0 0 0 0 15 0 0 0 0 0 0 11 11 0 11 0 0 0 0 11 0 11 11 11 0 11 0 0 11 0 0 11 0 0 0 0 11 
11 11 0 0 15 0 0 0 0 0 0 0 11 11 0 0 11 11 11 11 11 0 0 0 0 0 0 11 0 0 11 0 0 0 0 0 0 11 11 
11 0 11 0 11 0 0 11 0 0 0 0 0 0 0 0 15 0 0 0 0 0 11 0 0 11 0 0 0 0 11 0 11 11 11 11 0 0 11 
11 0 0 0 0 0 11 0 0 0 0 0 11 0 0 0 11 0 0 0 0 0 0 0 0 11 0 11 0 0 0 11 0 0 0 0 0 0 11 
11 0 11 11 0 11 0 0 0 0 0 0 0 0 15 0 0 11 0 0 0 0 0 0 0 0 0 0 11 0 0 11 0 0 0 11 0 11 11 
11 11 11 0 0 0 0 0 0 0 0 0 0 11 0 0 0 0 11 0 11 0 11 0 0 0 0 0 0 0 11 0 11 0 0 11 0 0 11 
11 0 0 11 0 0 0 0 0 0 0 11 0 0 0 0 0 0 0 0 0 0 0 0 11 0 11 0 0 0 0 0 0 0 11 11 11 0 11 
11 0 0 0 0 0 11 11 11 0 0 0 0 0 0 11 0 11 0 0 0 0 0 0 0 0 0 0 0 0 11 0 0 0 0 0 0 0 11 
11 11 11 0 0 0 0 0 0 0 0 0 0 0 0 0 0 0 0 0 0 0 0 11 0 0 11 0 0 0 0 0 0 0 0 0 11 11 11 
11 0 11 0 0 0 0 0 0 0 0 0 0 11 11 0 11 0 0 0 0 11 0 0 11 0 0 0 0 0 0 11 0 0 0 0 11 0 11 
11 0 0 0 0 0 0 0 11 0 0 11 0 0 0 0 11 0 0 0 0 0 0 0 0 0 0 0 0 0 0 0 0 0 0 0 0 0 11 
11 0 0 0 0 0 0 0 11 0 0 0 0 0 0 0 0 0 0 0 0 11 0 0 0 0 0 0 0 0 0 11 0 0 0 0 0 11 11 
11 0 11 0 0 0 0 0 0 0 11 0 0 0 11 0 0 0 0 0 11 0 0 0 0 0 0 0 0 0 11 11 11 0 0 11 0 0 11 
11 11 11 11 11 11 11 11 11 11 11 11 11 11 11 11 11 11 11 11 11 11 11 11 11 11 11 11 11 11 11 11 11 11 11 11 11 11 11 

15598
11 11 11 11 11 11 11 11 11 11 11 11 11 11 11 11 11 11 11 11 11 11 11 11 11 11 11 11 11 11 11 11 11 11 11 11 11 11 11 
11 0 11 0 0 0 0 0 0 0 0 0 0 0 0 0 0 0 11 0 0 0 0 0 0 0 0 0 0 0 0 11 11 0 0 0 11 0 11 
11 0 11 0 0 0 0 0 0 0 0 11 0 11 0 0 0 0 0 0 0 11 0 11 0 11 0 0 0 0 0 0 0 0 0 0 0 0 11 
11 0 0 11 0 0 0 0 0 0 0 0 0 0 0 0 0 0 0 0 0 0 0 0 11 0 11 0 0 0 0 0 11 0 0 0 0 0 11 
11 0 0 0 0 0 0 11 0 0 0 0 0 0 0 11 0 0 15 0 0 0 0 11 0 11 0 0 11 0 0 0 11 11 11 0 0 0 11 
11 0 0 0 0 0 0 0 11 0 0 0 11 0 0 11 0 11 0 0 0 0 0 0 0 11 11 11 0 11 0 0 0 0 0 0 11 0 11 
11 11 0 0 0 0 0 0 0 11 11 0 0 0 0 0 0 11 0 0 0 0 0 0 0 0 0 0 0 11 0 0 0 0 0 0 0 11 11 
11 0 0 0 0 0 0 0 0 0 0 0 0 0 11 11 0 0 0 0 0 0 0 0 0 11 0 0 11 0 0 11 11 0 0 11 0 0 11 
11 0 0 0 0 0 0 0 11 11 0 0 0 11 0 0 0 0 0 11 0 0 0 11 0 0 0 0 0 0 0 0 0 11 0 0 0 11 11 
11 0 0 0 0 0 0 0 0 11 11 0 0 0 0 0 0 0 0 0 0 0 0 0 0 0 0 11 0 0 0 0 11 0 0 0 0 11 11 
11 0 11 0 0 11 0 0 0 0 0 11 0 0 0 0 0 11 0 0 11 15 11 0 0 0 11 0 0 0 11 0 0 0 0 11 0 0 11 
11 0 0 0 0 0 0 11 15 0 0 0 0 0 0 0 0 0 0 0 0 0 0 0 0 0 0 0 11 0 0 0 0 0 0 0 11 0 11 
11 0 0 0 0 0 0 11 0 0 0 0 0 0 0 11 0 11 0 0 0 0 0 0 0 11 0 0 11 0 0 11 11 11 0 0 0 0 11 
11 0 11 0 11 0 11 0 0 11 0 0 0 0 0 0 11 0 0 0 11 0 0 0 0 0 0 0 11 0 0 0 0 0 0 0 0 0 11 
11 11 0 0 0 0 15 0 0 0 0 0 0 11 11 0 11 0 0 0 0 11 0 11 11 11 0 11 0 0 11 0 0 11 0 0 0 0 11 
11 11 0 0 0 0 0 0 0 0 0 0 11 11 0 0 11 11 11 11 11 0 0 0 0 0 0 11 0 0 11 0 0 0 0 0 0 11 11 
11 0 11 0 11 0 0 11 0 0 0 0 0 0 0 0 15 0 0 0 0 0 11 0 0 11 0 0 0 0 11 0 11 11 11 11 0 0 11 
11 0 0 0 0 0 11 0 11 0 0 0 11 0 0 0 11 0 0 0 0 0 0 0 0 11 0 11 0 0 0 11 0 0 0 0 0 0 11 
11 0 11 11 0 11 0 0 0 0 0 0 0 0 0 0 0 11 0 0 0 0 0 0 0 0 0 0 11 0 0 11 0 0 0 11 0 11 11 
11 11 11 0 0 0 0 0 0 0 0 0 0 11 0 0 0 0 11 0 11 0 11 0 0 0 0 0 0 0 11 0 11 0 0 11 0 0 11 
11 0 0 11 0 0 0 0 0 0 0 11 0 0 0 0 0 15 0 0 0 0 0 0 11 0 11 0 0 0 0 0 0 0 11 11 11 0 11 
11 0 0 0 0 0 11 11 11 0 0 0 0 0 0 11 0 11 0 0 0 0 0 0 0 0 0 0 0 0 11 0 0 0 0 0 0 0 11 
11 11 11 0 0 0 0 0 0 0 0 0 0 0 0 0 0 0 0 0 0 0 0 11 0 0 11 0 0 0 0 0 0 0 0 0 11 11 11 
11 0 11 0 0 0 0 0 0 0 0 0 0 11 11 0 11 0 0 0 0 11 0 0 11 0 0 0 0 0 0 11 0 0 0 0 11 0 11 
11 0 0 0 0 0 0 0 11 0 0 11 0 0 0 0 11 0 0 0 0 0 0 0 0 0 0 0 0 0 0 0 0 0 0 0 0 0 11 
11 0 0 0 0 0 0 0 11 0 0 0 0 0 0 0 0 0 0 0 0 11 0 0 0 0 0 0 0 0 0 11 0 0 0 0 0 11 11 
11 0 11 0 0 0 0 0 0 0 11 0 0 0 11 0 0 0 0 0 11 0 0 0 0 0 0 0 0 0 11 11 11 0 0 11 0 0 11 
11 11 11 11 11 11 11 11 11 11 11 11 11 11 11 11 11 11 11 11 11 11 11 11 11 11 11 11 11 11 11 11 11 11 11 11 11 11 11 

15653
11 11 11 11 11 11 11 11 11 11 11 11 11 11 11 11 11 11 11 11 11 11 11 11 11 11 11 11 11 11 11 11 11 11 11 11 11 11 11 
11 0 11 0 0 0 0 0 0 0 0 0 0 0 0 0 0 0 11 0 0 0 0 0 0 0 0 11 0 0 0 0 11 0 0 0 11 0 11 
11 0 11 0 0 0 0 0 0 0 0 11 0 11 0 0 0 0 0 0 0 11 0 11 0 11 0 0 0 0 0 0 0 0 0 0 0 0 11 
11 0 0 11 0 0 0 0 0 0 0 0 0 0 0 0 0 0 0 0 0 0 0 0 11 0 11 0 0 0 0 0 11 11 0 0 0 0 11 
11 0 0 0 0 0 0 11 0 0 0 0 0 0 0 0 0 0 0 0 0 0 0 11 0 11 0 0 11 0 0 0 11 11 11 0 0 0 11 
11 0 0 0 0 0 0 0 11 0 0 0 11 0 0 11 0 11 0 0 0 0 0 0 0 11 11 0 0 11 0 0 0 0 0 0 11 0 11 
11 11 0 0 0 0 0 0 0 11 11 0 0 0 0 0 0 11 0 0 0 0 0 0 0 0 0 0 0 11 11 0 0 0 0 0 0 11 11 
11 0 0 0 0 11 0 0 0 0 0 0 0 0 11 11 0 0 0 0 0 0 0 0 0 11 0 0 11 0 0 11 11 0 0 11 0 0 11 
11 0 0 0 0 0 0 0 11 11 0 0 0 11 0 0 0 0 0 11 0 0 0 11 0 0 0 0 0 0 0 0 0 11 0 0 0 11 11 
11 0 0 0 0 0 0 0 0 11 11 0 0 0 0 0 0 0 0 0 0 0 0 0 0 0 0 11 0 0 0 0 11 0 0 0 0 11 11 
11 0 11 0 0 11 0 0 0 0 15 11 0 0 0 0 0 11 0 0 11 0 11 0 0 0 11 0 0 0 11 11 0 0 0 11 0 0 11 
11 0 0 0 0 0 0 11 15 0 0 0 0 0 0 0 0 0 0 0 0 0 0 0 15 0 0 0 11 0 0 0 0 0 0 0 11 0 11 
11 0 0 0 0 0 0 11 0 0 0 0 0 0 0 11 0 11 0 0 0 0 11 0 15 0 0 0 11 0 0 11 11 11 0 0 0 0 11 
11 0 11 0 11 0 11 0 0 11 0 0 0 0 0 0 11 0 0 0 11 0 0 0 0 0 0 0 11 0 0 0 0 0 0 0 0 0 11 
11 11 0 0 0 0 0 11 0 0 0 0 0 11 0 0 11 0 0 0 0 11 0 11 11 11 0 11 0 0 11 0 0 11 0 0 0 0 11 
11 11 0 0 0 0 15 0 0 0 0 0 11 11 0 0 11 0 11 11 11 0 0 0 0 0 0 11 0 0 11 0 0 0 0 0 0 11 11 
11 0 11 0 11 0 0 11 0 0 0 0 0 0 0 15 0 0 0 0 0 0 11 0 0 11 0 0 0 0 11 0 11 11 11 11 0 0 11 
11 0 0 0 0 0 11 0 0 0 0 0 11 0 0 0 0 0 0 0 0 0 0 0 0 11 0 11 0 0 0 0 0 0 0 0 0 0 11 
11 0 0 11 0 11 0 0 0 0 0 0 0 0 0 0 0 11 0 0 0 0 0 0 0 0 0 0 11 0 0 11 0 0 0 11 0 11 11 
11 11 11 0 0 0 0 0 0 0 0 0 0 11 0 11 0 0 11 0 11 0 0 0 0 0 0 0 0 0 11 11 11 0 0 11 0 0 11 
11 0 0 11 0 0 0 0 0 15 0 11 0 0 0 0 0 0 0 0 0 0 0 0 11 0 11 0 0 0 0 0 0 0 11 11 11 0 11 
11 0 0 0 0 0 11 11 11 0 0 0 0 0 0 11 0 11 0 0 0 0 0 0 0 0 0 0 11 0 11 0 0 0 0 0 0 0 11 
11 11 11 0 0 0 0 0 0 0 0 0 0 0 0 0 0 0 0 0 0 0 0 11 0 0 11 0 0 0 0 0 0 0 0 0 11 11 11 
11 0 11 0 0 0 0 0 0 0 0 0 0 11 11 0 0 0 0 0 0 11 0 0 11 0 0 0 0 0 0 11 0 0 0 0 11 0 11 
11 0 0 0 0 0 0 0 11 0 0 11 0 0 0 0 11 0 0 0 0 0 0 0 0 0 0 0 0 0 0 0 0 0 0 0 0 0 11 
11 0 0 0 0 0 0 0 11 0 0 0 0 0 0 0 0 0 0 0 0 11 0 0 0 0 0 0 0 0 0 11 0 0 0 0 0 11 11 
11 0 0 0 0 0 0 11 0 0 11 0 0 0 11 0 0 0 0 0 11 0 0 0 0 0 0 0 0 0 11 11 11 0 0 11 0 0 11 
11 11 11 11 11 11 11 11 11 11 11 11 11 11 11 11 11 11 11 11 11 11 11 11 11 11 11 11 11 11 11 11 11 11 11 11 11 11 11 

15653
11 11 11 11 11 11 11 11 11 11 11 11 11 11 11 11 11 11 11 11 11 11 11 11 11 11 11 11 11 11 11 11 11 11 11 11 11 11 11 
11 0 11 0 0 0 0 0 0 0 0 0 0 0 0 0 0 0 11 0 0 0 0 0 0 0 0 11 0 0 0 0 11 0 0 0 11 0 11 
11 0 11 0 0 0 0 0 0 0 0 11 0 11 0 0 0 0 0 0 0 11 0 11 0 11 0 0 0 0 0 0 0 0 0 0 0 0 11 
11 0 0 11 0 0 0 0 0 0 0 0 0 0 0 0 0 0 0 0 0 0 0 0 11 0 11 0 0 0 0 0 11 11 0 0 0 0 11 
11 0 0 0 0 0 0 11 0 0 0 0 0 0 0 0 0 0 0 0 0 0 0 11 0 11 0 0 11 0 0 0 11 11 11 0 0 0 11 
11 0 0 0 0 0 0 0 11 0 0 0 11 0 0 11 0 11 0 0 0 0 0 0 0 11 11 0 0 11 0 0 0 0 0 0 11 0 11 
11 11 0 0 0 0 0 0 0 11 11 0 0 0 0 0 0 11 0 0 0 0 0 0 0 0 0 0 0 11 11 0 0 0 0 0 0 11 11 
11 0 0 0 0 11 0 0 0 0 0 0 0 0 11 11 0 0 0 0 0 0 0 0 0 11 0 0 11 0 0 11 11 0 0 11 0 0 11 
11 0 0 0 0 0 0 0 11 11 0 0 0 11 0 0 0 0 0 11 0 0 0 11 0 0 0 0 0 0 0 0 0 11 0 0 0 11 11 
11 0 0 0 0 0 0 0 0 11 11 0 0 0 0 0 0 0 0 0 0 0 0 0 0 0 0 11 0 0 0 0 11 0 0 0 0 11 11 
11 0 11 0 0 11 0 0 0 0 15 11 0 0 0 0 0 11 0 0 11 0 11 0 0 0 11 0 0 0 11 11 0 0 0 11 0 0 11 
11 0 0 0 0 0 0 11 15 0 0 0 0 0 0 0 0 0 0 0 0 0 0 0 15 0 0 0 11 0 0 0 0 0 0 0 11 0 11 
11 0 0 0 0 0 0 11 0 0 0 0 0 0 0 11 0 11 0 0 0 0 11 0 15 0 0 0 11 0 0 11 11 11 0 0 0 0 11 
11 0 11 0 11 0 11 0 0 11 0 0 0 0 0 0 11 0 0 0 11 0 0 0 0 0 0 0 11 0 0 0 0 0 0 0 0 0 11 
11 11 0 0 0 0 0 11 0 0 0 0 0 11 0 0 11 0 0 0 0 11 0 11 11 11 0 11 0 0 11 0 0 11 0 0 0 0 11 
11 11 0 0 0 0 15 0 0 0 0 0 11 11 0 0 11 0 11 11 11 0 0 0 0 0 0 11 0 0 11 0 0 0 0 0 0 11 11 
11 0 11 0 11 0 0 11 0 0 0 0 0 0 0 15 0 0 0 0 0 0 11 0 0 11 0 0 0 0 11 0 11 11 11 11 0 0 11 
11 0 0 0 0 0 11 0 0 0 0 0 11 0 0 0 0 0 0 0 0 0 0 0 0 11 0 11 0 0 0 0 0 0 0 0 0 0 11 
11 0 0 11 0 11 0 0 0 0 0 0 0 0 0 0 0 11 0 0 0 0 0 0 0 0 0 0 11 0 0 11 0 0 0 11 0 11 11 
11 11 11 0 0 0 0 0 0 0 0 0 0 11 0 11 0 0 11 0 11 0 0 0 0 0 0 0 0 0 11 11 11 0 0 11 0 0 11 
11 0 0 11 0 0 0 0 0 15 0 11 0 0 0 0 0 0 0 0 0 0 0 0 11 0 11 0 0 0 0 0 0 0 11 11 11 0 11 
11 0 0 0 0 0 11 11 11 0 0 0 0 0 0 11 0 11 0 0 0 0 0 0 0 0 0 0 11 0 11 0 0 0 0 0 0 0 11 
11 11 11 0 0 0 0 0 0 0 0 0 0 0 0 0 0 0 0 0 0 0 0 11 0 0 11 0 0 0 0 0 0 0 0 0 11 11 11 
11 0 11 0 0 0 0 0 0 0 0 0 0 11 11 0 0 0 0 0 0 11 0 0 11 0 0 0 0 0 0 11 0 0 0 0 11 0 11 
11 0 0 0 0 0 0 0 11 0 0 11 0 0 0 0 11 0 0 0 0 0 0 0 0 0 0 0 0 0 0 0 0 0 0 0 0 0 11 
11 0 0 0 0 0 0 0 11 0 0 0 0 0 0 0 0 0 0 0 0 11 0 0 0 0 0 0 0 0 0 11 0 0 0 0 0 11 11 
11 0 0 0 0 0 0 11 0 0 11 0 0 0 11 0 0 0 0 0 11 0 0 0 0 0 0 0 0 0 11 11 11 0 0 11 0 0 11 
11 11 11 11 11 11 11 11 11 11 11 11 11 11 11 11 11 11 11 11 11 11 11 11 11 11 11 11 11 11 11 11 11 11 11 11 11 11 11 

15653
11 11 11 11 11 11 11 11 11 11 11 11 11 11 11 11 11 11 11 11 11 11 11 11 11 11 11 11 11 11 11 11 11 11 11 11 11 11 11 
11 0 11 0 0 0 0 0 0 0 0 0 0 0 0 0 0 0 11 0 0 0 0 0 0 0 0 11 0 0 0 0 11 0 0 0 11 0 11 
11 0 11 0 0 0 0 0 0 0 0 11 0 11 0 0 0 0 0 0 0 11 0 11 0 11 0 0 0 0 0 0 0 0 0 0 0 0 11 
11 0 0 11 0 0 0 0 0 0 0 0 0 0 0 0 0 0 0 0 0 0 0 0 11 0 11 0 0 0 0 0 11 11 0 0 0 0 11 
11 0 0 0 0 0 0 11 0 0 0 0 0 0 0 0 0 0 0 0 0 0 0 11 0 11 0 0 11 0 0 0 11 11 11 0 0 0 11 
11 0 0 0 0 0 0 0 11 0 0 0 11 0 0 11 0 11 0 0 0 0 0 0 0 11 11 0 0 11 0 0 0 0 0 0 11 0 11 
11 11 0 0 0 0 0 0 0 11 11 0 0 0 0 0 0 11 0 0 0 0 0 0 0 0 0 0 0 11 11 0 0 0 0 0 0 11 11 
11 0 0 0 0 11 0 0 0 0 0 0 0 0 11 11 0 0 0 0 0 0 0 0 0 11 0 0 11 0 0 11 11 0 0 11 0 0 11 
11 0 0 0 0 0 0 0 11 11 0 0 0 11 0 0 0 0 0 11 0 0 0 11 0 0 0 0 0 0 0 0 0 11 0 0 0 11 11 
11 0 0 0 0 0 0 0 0 11 11 0 0 0 0 0 0 0 0 0 0 0 0 0 0 0 0 11 0 0 0 0 11 0 0 0 0 11 11 
11 0 11 0 0 11 0 0 0 0 15 11 0 0 0 0 0 11 0 0 11 0 11 0 0 0 11 0 0 0 11 11 0 0 0 11 0 0 11 
11 0 0 0 0 0 0 11 15 0 0 0 0 0 0 0 0 0 0 0 0 0 0 0 15 0 0 0 11 0 0 0 0 0 0 0 11 0 11 
11 0 0 0 0 0 0 11 0 0 0 0 0 0 0 11 0 11 0 0 0 0 11 0 15 0 0 0 11 0 0 11 11 11 0 0 0 0 11 
11 0 11 0 11 0 11 0 0 11 0 0 0 0 0 0 11 0 0 0 11 0 0 0 0 0 0 0 11 0 0 0 0 0 0 0 0 0 11 
11 11 0 0 0 0 0 11 0 0 0 0 0 11 0 0 11 0 0 0 0 11 0 11 11 11 0 11 0 0 11 0 0 11 0 0 0 0 11 
11 11 0 0 0 0 15 0 0 0 0 0 11 11 0 0 11 0 11 11 11 0 0 0 0 0 0 11 0 0 11 0 0 0 0 0 0 11 11 
11 0 11 0 11 0 0 11 0 0 0 0 0 0 0 15 0 0 0 0 0 0 11 0 0 11 0 0 0 0 11 0 11 11 11 11 0 0 11 
11 0 0 0 0 0 11 0 0 0 0 0 11 0 0 0 0 0 0 0 0 0 0 0 0 11 0 11 0 0 0 0 0 0 0 0 0 0 11 
11 0 0 11 0 11 0 0 0 0 0 0 0 0 0 0 0 11 0 0 0 0 0 0 0 0 0 0 11 0 0 11 0 0 0 11 0 11 11 
11 11 11 0 0 0 0 0 0 0 0 0 0 11 0 11 0 0 11 0 11 0 0 0 0 0 0 0 0 0 11 11 11 0 0 11 0 0 11 
11 0 0 11 0 0 0 0 0 15 0 11 0 0 0 0 0 0 0 0 0 0 0 0 11 0 11 0 0 0 0 0 0 0 11 11 11 0 11 
11 0 0 0 0 0 11 11 11 0 0 0 0 0 0 11 0 11 0 0 0 0 0 0 0 0 0 0 11 0 11 0 0 0 0 0 0 0 11 
11 11 11 0 0 0 0 0 0 0 0 0 0 0 0 0 0 0 0 0 0 0 0 11 0 0 11 0 0 0 0 0 0 0 0 0 11 11 11 
11 0 11 0 0 0 0 0 0 0 0 0 0 11 11 0 0 0 0 0 0 11 0 0 11 0 0 0 0 0 0 11 0 0 0 0 11 0 11 
11 0 0 0 0 0 0 0 11 0 0 11 0 0 0 0 11 0 0 0 0 0 0 0 0 0 0 0 0 0 0 0 0 0 0 0 0 0 11 
11 0 0 0 0 0 0 0 11 0 0 0 0 0 0 0 0 0 0 0 0 11 0 0 0 0 0 0 0 0 0 11 0 0 0 0 0 11 11 
11 0 0 0 0 0 0 11 0 0 11 0 0 0 11 0 0 0 0 0 11 0 0 0 0 0 0 0 0 0 11 11 11 0 0 11 0 0 11 
11 11 11 11 11 11 11 11 11 11 11 11 11 11 11 11 11 11 11 11 11 11 11 11 11 11 11 11 11 11 11 11 11 11 11 11 11 11 11 

15609
11 11 11 11 11 11 11 11 11 11 11 11 11 11 11 11 11 11 11 11 11 11 11 11 11 11 11 11 11 11 11 11 11 11 11 11 11 11 11 
11 0 11 0 0 0 0 0 0 0 0 0 0 0 0 0 0 0 11 0 0 0 0 0 0 0 0 11 0 0 0 0 11 0 0 0 11 0 11 
11 0 11 0 0 0 0 0 0 0 0 11 0 11 0 0 0 0 0 0 0 11 0 11 0 11 0 0 0 0 0 0 0 0 0 0 0 0 11 
11 0 0 11 0 0 0 0 0 0 0 0 0 0 0 0 0 0 0 0 0 0 0 0 11 0 11 0 0 0 0 0 11 11 0 0 0 0 11 
11 0 0 0 0 0 0 11 0 0 0 0 0 0 0 0 0 0 0 0 0 0 0 11 0 11 0 0 11 0 0 0 11 11 11 0 0 0 11 
11 0 0 0 0 0 0 0 11 0 0 0 11 0 0 11 0 11 0 0 0 0 0 0 0 11 11 0 0 11 0 0 0 0 0 0 11 0 11 
11 11 0 0 0 0 0 0 0 11 11 0 0 0 0 0 0 11 0 0 0 0 0 0 0 0 0 0 0 11 11 0 0 0 0 0 0 11 11 
11 0 0 0 0 11 0 0 0 0 0 0 0 0 11 11 0 0 0 0 0 0 0 0 0 11 0 0 11 0 0 11 11 0 0 11 0 0 11 
11 0 0 0 0 0 0 15 11 11 0 0 0 11 0 0 0 0 0 11 0 0 0 11 0 0 0 0 0 0 0 0 0 11 0 0 0 11 11 
11 0 0 0 0 0 0 0 0 11 11 0 0 0 0 0 0 0 0 0 0 0 0 0 0 0 0 11 0 0 0 0 11 0 0 0 0 11 11 
11 0 11 0 0 11 0 0 0 0 0 11 0 0 0 0 0 11 0 0 11 0 11 0 0 0 11 0 0 0 11 11 0 0 0 11 0 0 11 
11 0 0 0 0 0 0 11 0 0 0 0 0 0 0 0 0 0 0 0 0 0 15 15 0 0 0 0 11 0 0 0 0 0 0 0 11 0 11 
11 0 0 0 0 0 0 11 15 0 0 0 0 0 0 11 0 11 0 0 0 0 11 0 0 0 0 0 11 0 0 11 11 11 0 0 0 0 11 
11 0 11 0 11 0 11 0 0 11 0 0 0 0 0 0 11 0 0 0 11 0 0 0 0 0 0 0 11 0 0 0 0 0 0 0 0 0 11 
11 11 0 0 0 14 0 11 0 0 0 0 0 11 0 0 11 0 0 0 0 11 0 11 11 11 0 11 0 0 11 0 0 11 0 0 0 0 11 
11 11 0 0 0 0 0 0 0 0 0 0 11 11 0 0 11 0 11 11 11 0 0 0 0 0 0 11 0 0 11 0 0 0 0 0 0 11 11 
11 0 11 0 11 0 0 11 0 0 0 0 0 0 0 0 0 0 0 0 0 0 11 0 0 11 0 0 0 0 11 0 11 11 11 11 0 0 11 
11 0 0 0 0 0 11 0 0 0 0 0 11 0 0 15 0 0 0 0 0 0 0 0 0 11 0 11 0 0 0 0 0 0 0 0 0 0 11 
11 0 0 11 0 11 0 0 0 0 0 0 0 0 0 0 0 11 0 0 0 0 0 0 0 0 0 0 11 0 0 11 0 0 0 11 0 11 11 
11 11 11 0 0 0 0 0 0 0 15 0 0 11 0 11 0 0 11 0 11 0 0 0 0 0 0 0 0 0 11 11 11 0 0 11 0 0 11 
11 0 0 11 0 0 0 0 0 0 0 11 0 0 0 0 0 0 0 0 0 0 0 0 11 0 11 0 0 0 0 0 0 0 11 11 11 0 11 
11 0 0 0 0 0 11 11 11 0 0 0 0 0 0 11 0 11 0 0 0 0 0 0 0 0 0 0 11 0 11 0 0 0 0 0 0 0 11 
11 11 11 0 0 0 0 0 0 0 0 0 0 0 0 0 0 0 0 0 0 0 0 11 0 0 11 0 0 0 0 0 0 0 0 0 11 11 11 
11 0 11 0 0 0 0 0 0 0 0 0 0 11 11 0 0 0 0 0 0 11 0 0 11 0 0 0 0 0 0 11 0 0 0 0 11 0 11 
11 0 0 0 0 0 0 0 11 0 0 11 0 0 0 0 11 0 0 0 0 0 0 0 0 0 0 0 0 0 0 0 0 0 0 0 0 0 11 
11 0 0 0 0 0 0 0 11 0 0 0 0 0 0 0 0 0 0 0 0 11 0 0 0 0 0 0 0 0 0 11 0 0 0 0 0 11 11 
11 0 0 0 0 0 0 11 0 0 11 0 0 0 11 0 0 0 0 0 11 0 0 0 0 0 0 0 0 0 11 11 11 0 0 11 0 0 11 
11 11 11 11 11 11 11 11 11 11 11 11 11 11 11 11 11 11 11 11 11 11 11 11 11 11 11 11 11 11 11 11 11 11 11 11 11 11 11 

15600
11 11 11 11 11 11 11 11 11 11 11 11 11 11 11 11 11 11 11 11 11 11 11 11 11 11 11 11 11 11 11 11 11 11 11 11 11 11 11 
11 0 11 0 0 0 0 0 0 0 0 0 0 0 0 0 0 0 11 0 0 0 0 0 0 0 0 11 0 0 0 0 11 0 0 0 11 0 11 
11 0 11 0 0 0 0 0 0 0 0 11 0 11 0 0 0 0 0 0 0 11 0 11 0 11 0 0 0 0 0 0 0 0 0 0 0 0 11 
11 0 0 11 0 0 0 0 0 0 0 0 0 0 0 0 0 0 0 0 0 0 0 0 11 0 11 0 0 0 0 0 11 11 0 0 0 0 11 
11 0 0 0 0 0 0 11 0 0 0 0 0 0 0 0 0 0 0 0 0 0 0 11 0 11 0 0 11 0 0 0 11 11 11 0 0 0 11 
11 0 0 0 0 0 0 0 11 0 0 0 11 0 0 11 0 11 0 0 0 0 0 0 0 11 11 0 0 11 0 0 0 0 0 0 11 0 11 
11 11 0 0 0 0 0 0 0 11 11 0 0 0 0 0 0 11 0 0 0 0 15 0 0 0 0 0 0 11 11 0 0 0 0 0 0 11 11 
11 0 0 0 0 11 0 0 0 0 0 0 0 0 11 11 0 0 0 0 0 0 0 0 0 11 0 0 11 0 0 11 11 0 0 11 0 0 11 
11 0 0 0 0 0 0 0 11 11 0 0 0 11 0 0 0 0 0 11 0 0 0 11 0 0 0 0 0 0 0 0 0 11 0 0 0 11 11 
11 0 0 0 0 0 0 0 0 11 11 0 0 0 0 0 0 0 0 0 0 0 0 0 0 0 0 11 0 0 0 0 11 0 0 0 0 11 11 
11 0 11 0 0 11 0 0 0 0 0 11 0 0 0 15 0 11 0 0 11 0 11 0 0 0 11 0 0 0 11 11 0 0 0 11 0 0 11 
11 0 0 0 0 0 0 11 15 0 0 0 0 0 0 0 0 0 0 0 0 0 15 0 0 0 0 0 11 0 0 0 0 0 0 0 11 0 11 
11 0 0 0 0 0 15 11 0 0 0 0 0 0 0 11 0 11 0 0 0 0 11 0 0 0 0 0 11 0 0 11 11 11 0 0 0 0 11 
11 0 11 0 11 0 11 0 0 11 0 0 0 0 0 0 11 0 0 0 11 0 0 0 0 0 0 0 11 0 0 0 0 0 0 0 0 0 11 
11 11 0 0 0 0 0 11 0 0 0 0 0 11 0 0 11 0 0 0 0 11 0 11 11 11 0 11 0 0 11 0 0 11 0 0 0 0 11 
11 11 0 0 0 0 0 0 0 0 0 0 11 11 0 0 11 0 11 11 11 0 0 0 0 0 0 11 0 0 11 0 0 0 0 0 0 11 11 
11 0 11 0 11 0 0 11 0 0 0 0 0 0 0 0 15 0 0 0 0 0 11 0 0 11 0 0 0 0 11 0 11 11 11 11 0 0 11 
11 0 0 0 0 0 11 0 0 0 0 0 11 0 0 0 0 0 0 0 0 0 0 0 0 11 0 11 0 0 0 0 0 0 0 0 0 0 11 
11 0 0 11 0 11 0 0 0 0 0 0 0 0 0 0 0 11 0 0 0 0 0 0 0 0 0 0 11 0 0 11 0 0 0 11 0 11 11 
11 11 11 0 0 0 0 0 0 0 0 0 0 11 0 11 0 0 11 0 11 0 0 0 0 0 0 0 0 0 11 11 11 0 0 11 0 0 11 
11 0 0 11 0 0 0 0 0 0 14 11 0 0 0 0 0 0 0 0 0 0 0 0 11 0 11 0 0 0 0 0 0 0 11 11 11 0 11 
11 0 0 0 0 0 11 11 11 0 0 0 0 0 0 11 0 11 0 0 0 0 0 0 0 0 0 0 11 0 11 0 0 0 0 0 0 0 11 
11 11 11 0 0 0 0 0 0 0 0 0 0 0 0 0 0 0 0 0 0 0 0 11 0 0 11 0 0 0 0 0 0 0 0 0 11 11 11 
11 0 11 0 0 0 0 0 0 0 0 0 0 11 11 0 0 0 0 0 0 11 0 0 11 0 0 0 0 0 0 11 0 0 0 0 11 0 11 
11 0 0 0 0 0 0 0 11 0 0 11 0 0 0 0 11 0 0 0 0 0 0 0 0 0 0 0 0 0 0 0 0 0 0 0 0 0 11 
11 0 0 0 0 0 0 0 11 0 0 0 0 0 0 0 0 0 0 0 0 11 0 0 0 0 0 0 0 0 0 11 0 0 0 0 0 11 11 
11 0 0 0 0 0 0 11 0 0 11 0 0 0 11 0 0 0 0 0 11 0 0 0 0 0 0 0 0 0 11 11 11 0 0 11 0 0 11 
11 11 11 11 11 11 11 11 11 11 11 11 11 11 11 11 11 11 11 11 11 11 11 11 11 11 11 11 11 11 11 11 11 11 11 11 11 11 11 

