15803
11 11 11 11 11 11 11 11 11 11 11 11 11 11 11 11 11 11 11 11 11 11 11 11 11 11 11 11 11 11 11 11 11 11 11 11 11 11 11 
11 0 0 0 0 11 0 0 0 0 0 0 0 0 0 0 0 0 0 0 0 11 0 0 0 0 0 11 0 11 0 0 0 11 0 0 11 0 11 
11 0 0 0 0 0 0 0 11 0 0 0 11 0 0 0 0 11 0 0 0 11 0 0 0 0 0 0 11 11 0 0 0 11 11 0 0 0 11 
11 0 0 0 0 0 0 0 0 0 0 0 0 0 0 0 0 0 0 0 0 0 11 0 0 0 11 0 0 0 0 0 11 0 0 11 0 11 11 
11 0 0 0 0 0 0 11 0 0 0 0 0 0 11 0 11 0 0 0 0 0 0 11 0 0 0 0 0 0 0 0 0 0 0 0 0 0 11 
11 11 0 0 0 11 11 0 0 0 11 0 0 0 0 0 0 11 0 0 11 11 11 11 0 11 11 11 11 0 11 0 0 11 0 0 11 0 11 
11 0 0 0 0 11 11 0 0 11 0 0 11 0 0 0 0 11 0 0 0 0 11 0 0 0 0 11 11 0 0 0 0 0 0 11 11 0 11 
11 0 0 0 11 0 0 0 11 0 0 0 0 0 0 15 0 0 0 0 0 0 0 0 0 0 0 0 11 0 11 11 0 0 0 0 11 0 11 
11 0 0 11 0 11 11 0 0 11 0 0 0 0 11 0 0 0 0 0 0 0 0 11 0 0 11 0 0 0 0 0 11 0 11 0 11 11 11 
11 11 11 0 11 11 0 0 0 0 11 11 0 0 11 0 0 11 0 0 0 0 0 0 0 0 11 0 0 0 0 11 0 11 11 0 0 0 11 
11 0 0 0 0 0 0 0 0 0 0 11 11 0 0 0 0 11 0 15 0 0 0 0 0 11 0 0 0 11 11 11 0 0 0 0 0 11 11 
11 0 0 0 0 11 11 0 11 0 0 0 0 0 0 0 0 0 0 0 0 0 0 0 0 0 0 11 0 0 0 0 0 0 0 0 0 0 11 
11 11 0 0 0 0 0 0 0 0 0 11 0 11 11 0 11 0 0 0 0 0 11 11 0 0 0 0 0 0 0 0 0 0 0 0 0 11 11 
11 0 0 0 11 0 0 0 0 11 11 15 0 0 0 0 0 11 0 0 0 0 0 0 0 0 0 0 0 0 11 0 0 0 0 0 0 0 11 
11 0 0 11 0 11 0 0 0 0 0 0 0 0 0 0 0 0 0 0 0 0 0 0 0 0 0 0 0 0 0 0 0 0 0 0 0 0 11 
11 0 0 11 0 0 0 0 0 0 0 15 0 0 0 11 0 0 0 0 0 11 11 0 0 0 0 0 0 11 0 0 0 0 0 0 0 0 11 
11 0 0 11 0 0 11 0 0 0 0 0 0 11 11 0 11 0 0 0 0 0 0 0 0 0 0 15 0 0 0 11 0 0 0 0 0 11 11 
11 0 11 0 0 0 0 0 0 0 11 0 0 0 11 11 11 0 0 0 0 0 11 0 0 0 0 0 0 0 11 0 0 11 0 0 0 11 11 
11 0 0 0 11 0 0 0 0 11 0 0 0 0 0 11 0 0 0 0 0 0 0 0 0 0 0 15 0 0 0 0 0 0 0 0 0 0 11 
11 0 0 0 0 0 0 0 0 0 0 0 0 0 0 0 0 0 11 11 11 0 0 0 11 0 11 11 0 0 0 0 11 0 0 0 0 0 11 
11 11 0 11 0 0 0 0 11 0 0 11 0 0 0 0 0 0 0 0 0 0 0 0 0 0 0 0 15 11 11 0 11 0 0 0 0 0 11 
11 0 0 0 0 0 0 0 11 0 11 0 0 0 0 0 0 11 0 11 0 0 0 0 0 0 0 0 11 0 0 0 0 0 0 0 0 0 11 
11 0 0 0 0 0 11 0 0 0 0 11 0 11 11 11 0 0 0 11 0 0 11 0 11 0 0 0 0 0 0 0 11 0 11 0 11 0 11 
11 0 0 11 0 0 11 0 0 0 11 0 0 0 0 11 0 0 0 0 0 0 0 0 0 0 11 0 0 0 0 0 11 0 0 0 0 0 11 
11 0 0 0 0 0 0 0 0 0 0 0 0 0 0 0 0 0 0 0 0 0 0 0 0 0 0 0 0 11 0 0 0 0 0 0 11 0 11 
11 0 0 0 0 0 0 11 0 0 11 0 0 0 11 0 0 0 0 11 0 11 0 11 0 0 0 0 0 0 0 0 11 0 0 0 0 0 11 
11 0 0 0 0 0 0 0 0 0 0 0 0 0 0 11 0 0 0 0 0 11 0 0 0 11 0 0 11 0 0 0 0 0 11 0 11 0 11 
11 11 0 0 0 0 0 11 0 0 11 0 0 0 0 11 11 0 0 0 0 11 0 0 0 0 0 0 11 0 0 0 0 0 0 11 0 0 11 
11 11 0 11 0 0 0 0 0 0 11 0 0 0 0 11 0 0 0 0 11 0 0 0 0 0 11 0 0 0 0 0 0 0 0 0 0 0 11 
11 11 11 11 11 11 11 11 11 11 11 11 11 11 11 11 11 11 11 11 11 11 11 11 11 11 11 11 11 11 11 11 11 11 11 11 11 11 11 

15803
11 11 11 11 11 11 11 11 11 11 11 11 11 11 11 11 11 11 11 11 11 11 11 11 11 11 11 11 11 11 11 11 11 11 11 11 11 11 11 
11 0 0 0 0 11 0 0 0 0 0 0 0 0 0 0 0 0 0 0 0 11 0 0 0 0 0 11 0 11 0 0 0 11 0 0 11 0 11 
11 0 0 0 0 0 0 0 11 0 0 0 11 0 0 0 0 11 0 0 0 11 0 0 0 0 0 0 11 11 0 0 0 11 11 0 0 0 11 
11 0 0 0 0 0 0 0 0 0 0 0 0 0 0 0 0 0 0 0 0 0 11 0 0 0 11 0 0 0 0 0 11 0 0 11 0 11 11 
11 0 0 0 0 0 0 11 0 0 0 0 0 0 11 0 11 0 0 0 0 0 0 11 0 0 0 0 0 0 0 0 0 0 0 0 0 0 11 
11 11 0 0 0 11 11 0 0 0 11 0 0 0 0 0 0 11 0 0 11 11 11 11 0 11 11 11 11 0 11 0 0 11 0 0 11 0 11 
11 0 0 0 0 11 11 0 0 11 0 0 11 0 0 0 0 11 0 0 0 0 11 0 0 0 0 11 11 0 0 0 0 0 0 11 11 0 11 
11 0 0 0 11 0 0 0 11 0 0 0 0 0 0 15 0 0 0 0 0 0 0 0 0 0 0 0 11 0 11 11 0 0 0 0 11 0 11 
11 0 0 11 0 11 11 0 0 11 0 0 0 0 11 0 0 0 0 0 0 0 0 11 0 0 11 0 0 0 0 0 11 0 11 0 11 11 11 
11 11 11 0 11 11 0 0 0 0 11 11 0 0 11 0 0 11 0 0 0 0 0 0 0 0 11 0 0 0 0 11 0 11 11 0 0 0 11 
11 0 0 0 0 0 0 0 0 0 0 11 11 0 0 0 0 11 0 15 0 0 0 0 0 11 0 0 0 11 11 11 0 0 0 0 0 11 11 
11 0 0 0 0 11 11 0 11 0 0 0 0 0 0 0 0 0 0 0 0 0 0 0 0 0 0 11 0 0 0 0 0 0 0 0 0 0 11 
11 11 0 0 0 0 0 0 0 0 0 11 0 11 11 0 11 0 0 0 0 0 11 11 0 0 0 0 0 0 0 0 0 0 0 0 0 11 11 
11 0 0 0 11 0 0 0 0 11 11 15 0 0 0 0 0 11 0 0 0 0 0 0 0 0 0 0 0 0 11 0 0 0 0 0 0 0 11 
11 0 0 11 0 11 0 0 0 0 0 0 0 0 0 0 0 0 0 0 0 0 0 0 0 0 0 0 0 0 0 0 0 0 0 0 0 0 11 
11 0 0 11 0 0 0 0 0 0 0 15 0 0 0 11 0 0 0 0 0 11 11 0 0 0 0 0 0 11 0 0 0 0 0 0 0 0 11 
11 0 0 11 0 0 11 0 0 0 0 0 0 11 11 0 11 0 0 0 0 0 0 0 0 0 0 15 0 0 0 11 0 0 0 0 0 11 11 
11 0 11 0 0 0 0 0 0 0 11 0 0 0 11 11 11 0 0 0 0 0 11 0 0 0 0 0 0 0 11 0 0 11 0 0 0 11 11 
11 0 0 0 11 0 0 0 0 11 0 0 0 0 0 11 0 0 0 0 0 0 0 0 0 0 0 15 0 0 0 0 0 0 0 0 0 0 11 
11 0 0 0 0 0 0 0 0 0 0 0 0 0 0 0 0 0 11 11 11 0 0 0 11 0 11 11 0 0 0 0 11 0 0 0 0 0 11 
11 11 0 11 0 0 0 0 11 0 0 11 0 0 0 0 0 0 0 0 0 0 0 0 0 0 0 0 15 11 11 0 11 0 0 0 0 0 11 
11 0 0 0 0 0 0 0 11 0 11 0 0 0 0 0 0 11 0 11 0 0 0 0 0 0 0 0 11 0 0 0 0 0 0 0 0 0 11 
11 0 0 0 0 0 11 0 0 0 0 11 0 11 11 11 0 0 0 11 0 0 11 0 11 0 0 0 0 0 0 0 11 0 11 0 11 0 11 
11 0 0 11 0 0 11 0 0 0 11 0 0 0 0 11 0 0 0 0 0 0 0 0 0 0 11 0 0 0 0 0 11 0 0 0 0 0 11 
11 0 0 0 0 0 0 0 0 0 0 0 0 0 0 0 0 0 0 0 0 0 0 0 0 0 0 0 0 11 0 0 0 0 0 0 11 0 11 
11 0 0 0 0 0 0 11 0 0 11 0 0 0 11 0 0 0 0 11 0 11 0 11 0 0 0 0 0 0 0 0 11 0 0 0 0 0 11 
11 0 0 0 0 0 0 0 0 0 0 0 0 0 0 11 0 0 0 0 0 11 0 0 0 11 0 0 11 0 0 0 0 0 11 0 11 0 11 
11 11 0 0 0 0 0 11 0 0 11 0 0 0 0 11 11 0 0 0 0 11 0 0 0 0 0 0 11 0 0 0 0 0 0 11 0 0 11 
11 11 0 11 0 0 0 0 0 0 11 0 0 0 0 11 0 0 0 0 11 0 0 0 0 0 11 0 0 0 0 0 0 0 0 0 0 0 11 
11 11 11 11 11 11 11 11 11 11 11 11 11 11 11 11 11 11 11 11 11 11 11 11 11 11 11 11 11 11 11 11 11 11 11 11 11 11 11 

15803
11 11 11 11 11 11 11 11 11 11 11 11 11 11 11 11 11 11 11 11 11 11 11 11 11 11 11 11 11 11 11 11 11 11 11 11 11 11 11 
11 0 0 0 0 11 0 0 0 0 0 0 0 0 0 0 0 0 0 0 0 11 0 0 0 0 0 11 0 11 0 0 0 11 0 0 11 0 11 
11 0 0 0 0 0 0 0 11 0 0 0 11 0 0 0 0 11 0 0 0 11 0 0 0 0 0 0 11 11 0 0 0 11 11 0 0 0 11 
11 0 0 0 0 0 0 0 0 0 0 0 0 0 0 0 0 0 0 0 0 0 11 0 0 0 11 0 0 0 0 0 11 0 0 11 0 11 11 
11 0 0 0 0 0 0 11 0 0 0 0 0 0 11 0 11 0 0 0 0 0 0 11 0 0 0 0 0 0 0 0 0 0 0 0 0 0 11 
11 11 0 0 0 11 11 0 0 0 11 0 0 0 0 0 0 11 0 0 11 11 11 11 0 11 11 11 11 0 11 0 0 11 0 0 11 0 11 
11 0 0 0 0 11 11 0 0 11 0 0 11 0 0 0 0 11 0 0 0 0 11 0 0 0 0 11 11 0 0 0 0 0 0 11 11 0 11 
11 0 0 0 11 0 0 0 11 0 0 0 0 0 0 15 0 0 0 0 0 0 0 0 0 0 0 0 11 0 11 11 0 0 0 0 11 0 11 
11 0 0 11 0 11 11 0 0 11 0 0 0 0 11 0 0 0 0 0 0 0 0 11 0 0 11 0 0 0 0 0 11 0 11 0 11 11 11 
11 11 11 0 11 11 0 0 0 0 11 11 0 0 11 0 0 11 0 0 0 0 0 0 0 0 11 0 0 0 0 11 0 11 11 0 0 0 11 
11 0 0 0 0 0 0 0 0 0 0 11 11 0 0 0 0 11 0 15 0 0 0 0 0 11 0 0 0 11 11 11 0 0 0 0 0 11 11 
11 0 0 0 0 11 11 0 11 0 0 0 0 0 0 0 0 0 0 0 0 0 0 0 0 0 0 11 0 0 0 0 0 0 0 0 0 0 11 
11 11 0 0 0 0 0 0 0 0 0 11 0 11 11 0 11 0 0 0 0 0 11 11 0 0 0 0 0 0 0 0 0 0 0 0 0 11 11 
11 0 0 0 11 0 0 0 0 11 11 15 0 0 0 0 0 11 0 0 0 0 0 0 0 0 0 0 0 0 11 0 0 0 0 0 0 0 11 
11 0 0 11 0 11 0 0 0 0 0 0 0 0 0 0 0 0 0 0 0 0 0 0 0 0 0 0 0 0 0 0 0 0 0 0 0 0 11 
11 0 0 11 0 0 0 0 0 0 0 15 0 0 0 11 0 0 0 0 0 11 11 0 0 0 0 0 0 11 0 0 0 0 0 0 0 0 11 
11 0 0 11 0 0 11 0 0 0 0 0 0 11 11 0 11 0 0 0 0 0 0 0 0 0 0 15 0 0 0 11 0 0 0 0 0 11 11 
11 0 11 0 0 0 0 0 0 0 11 0 0 0 11 11 11 0 0 0 0 0 11 0 0 0 0 0 0 0 11 0 0 11 0 0 0 11 11 
11 0 0 0 11 0 0 0 0 11 0 0 0 0 0 11 0 0 0 0 0 0 0 0 0 0 0 15 0 0 0 0 0 0 0 0 0 0 11 
11 0 0 0 0 0 0 0 0 0 0 0 0 0 0 0 0 0 11 11 11 0 0 0 11 0 11 11 0 0 0 0 11 0 0 0 0 0 11 
11 11 0 11 0 0 0 0 11 0 0 11 0 0 0 0 0 0 0 0 0 0 0 0 0 0 0 0 15 11 11 0 11 0 0 0 0 0 11 
11 0 0 0 0 0 0 0 11 0 11 0 0 0 0 0 0 11 0 11 0 0 0 0 0 0 0 0 11 0 0 0 0 0 0 0 0 0 11 
11 0 0 0 0 0 11 0 0 0 0 11 0 11 11 11 0 0 0 11 0 0 11 0 11 0 0 0 0 0 0 0 11 0 11 0 11 0 11 
11 0 0 11 0 0 11 0 0 0 11 0 0 0 0 11 0 0 0 0 0 0 0 0 0 0 11 0 0 0 0 0 11 0 0 0 0 0 11 
11 0 0 0 0 0 0 0 0 0 0 0 0 0 0 0 0 0 0 0 0 0 0 0 0 0 0 0 0 11 0 0 0 0 0 0 11 0 11 
11 0 0 0 0 0 0 11 0 0 11 0 0 0 11 0 0 0 0 11 0 11 0 11 0 0 0 0 0 0 0 0 11 0 0 0 0 0 11 
11 0 0 0 0 0 0 0 0 0 0 0 0 0 0 11 0 0 0 0 0 11 0 0 0 11 0 0 11 0 0 0 0 0 11 0 11 0 11 
11 11 0 0 0 0 0 11 0 0 11 0 0 0 0 11 11 0 0 0 0 11 0 0 0 0 0 0 11 0 0 0 0 0 0 11 0 0 11 
11 11 0 11 0 0 0 0 0 0 11 0 0 0 0 11 0 0 0 0 11 0 0 0 0 0 11 0 0 0 0 0 0 0 0 0 0 0 11 
11 11 11 11 11 11 11 11 11 11 11 11 11 11 11 11 11 11 11 11 11 11 11 11 11 11 11 11 11 11 11 11 11 11 11 11 11 11 11 

15801
11 11 11 11 11 11 11 11 11 11 11 11 11 11 11 11 11 11 11 11 11 11 11 11 11 11 11 11 11 11 11 11 11 11 11 11 11 11 11 
11 0 0 0 0 11 0 0 0 0 0 0 0 0 0 0 0 0 0 0 0 11 0 0 0 0 0 11 0 11 0 0 0 11 0 0 11 0 11 
11 0 0 0 0 0 0 0 11 0 0 0 11 0 0 0 0 0 0 0 0 11 0 0 0 0 0 0 11 11 0 0 0 11 11 0 0 0 11 
11 0 0 0 0 0 0 0 0 0 0 0 0 0 0 0 0 0 0 0 0 0 11 0 0 0 11 0 0 0 0 0 11 0 0 11 0 11 11 
11 0 0 0 0 0 0 11 0 0 0 0 0 0 11 0 11 0 0 0 0 0 0 11 0 0 0 0 0 0 0 0 0 0 0 0 0 0 11 
11 11 0 0 0 11 11 0 0 0 11 0 0 0 0 0 0 11 11 0 11 11 11 11 0 11 11 11 11 0 11 0 0 11 0 0 11 0 11 
11 0 0 0 0 11 11 0 0 11 0 0 11 0 0 15 0 11 0 0 0 0 11 0 0 0 0 11 11 0 0 0 0 0 0 11 11 0 11 
11 0 0 0 11 0 0 0 11 0 0 0 0 0 0 0 0 0 0 0 0 0 0 0 0 0 0 0 11 0 11 11 0 0 0 0 11 0 11 
11 0 0 11 0 11 11 0 0 11 0 0 0 0 11 0 0 0 0 0 15 0 0 11 0 0 11 0 0 0 0 0 11 0 11 0 11 11 11 
11 11 11 0 11 11 0 0 0 0 11 11 0 0 11 0 0 11 0 0 0 0 0 0 0 0 11 0 0 0 0 11 0 11 11 0 0 0 11 
11 0 0 0 0 0 0 0 0 0 0 11 11 0 0 0 0 11 0 0 0 0 0 0 0 11 0 0 0 11 11 11 0 0 0 0 0 11 11 
11 0 0 0 0 11 11 0 11 0 0 0 0 0 0 0 0 0 0 0 0 0 0 0 0 0 0 11 0 0 0 0 0 0 0 0 0 0 11 
11 11 0 0 0 0 0 0 0 15 0 11 0 11 11 0 11 0 0 0 0 0 11 11 0 0 0 0 0 0 0 0 0 0 0 0 0 11 11 
11 0 0 0 11 0 0 0 0 11 11 0 0 0 0 0 0 11 0 0 0 0 0 0 0 0 0 0 0 0 11 0 0 0 0 0 0 0 11 
11 0 0 11 0 11 0 0 0 0 0 0 0 0 0 0 0 0 0 0 0 0 0 0 0 0 0 0 0 0 0 0 0 0 0 0 0 0 11 
11 0 0 11 0 0 0 0 0 0 0 15 0 0 0 11 0 0 0 0 0 11 11 0 0 0 0 0 15 11 0 0 0 0 0 0 0 0 11 
11 0 0 11 0 0 11 0 0 0 0 0 0 11 11 0 11 0 0 0 0 0 0 0 0 0 0 0 0 0 0 11 0 0 0 0 0 11 11 
11 0 11 0 0 0 0 0 0 0 11 0 0 0 11 11 11 0 0 0 0 0 11 0 0 0 0 0 0 0 11 0 0 11 0 0 0 11 11 
11 0 0 0 11 0 0 0 0 11 0 0 0 0 0 11 0 0 0 0 0 0 0 0 0 0 0 0 0 0 0 0 0 0 0 0 0 0 11 
11 0 0 0 0 0 0 0 0 0 0 0 0 0 0 0 0 0 11 11 11 0 0 0 11 0 11 11 0 0 0 0 11 0 0 0 0 0 11 
11 11 0 11 0 0 0 0 11 0 0 11 0 0 0 0 0 0 0 0 0 0 0 0 0 0 0 0 15 11 11 0 11 0 0 0 0 0 11 
11 0 0 0 0 0 0 0 11 0 11 0 0 0 0 0 0 11 0 11 0 0 0 0 0 0 0 0 11 15 0 0 0 0 0 0 0 0 11 
11 0 0 0 0 0 11 0 0 0 0 11 0 11 11 11 0 0 0 11 0 0 11 0 11 0 0 0 0 0 0 0 11 0 11 0 11 0 11 
11 0 0 11 0 0 11 0 0 0 11 0 0 0 0 11 0 0 0 0 0 0 0 0 0 0 11 0 0 0 0 0 11 0 0 0 0 0 11 
11 0 0 0 0 0 0 0 0 0 0 0 0 0 0 0 0 0 0 0 0 0 0 0 0 0 0 0 0 11 0 0 0 0 0 0 11 0 11 
11 0 0 0 0 0 0 11 0 0 11 0 0 0 11 0 0 0 0 11 0 11 0 11 0 0 0 0 0 0 0 0 11 0 0 0 0 0 11 
11 0 0 0 0 0 0 0 0 0 0 0 0 0 0 11 0 0 0 0 0 11 0 0 0 11 0 0 11 0 0 0 0 0 11 0 11 0 11 
11 11 0 0 0 0 0 11 0 0 11 0 0 0 0 11 11 0 0 0 0 11 0 0 0 0 0 0 11 0 0 0 0 0 0 11 0 0 11 
11 11 0 11 0 0 0 0 0 0 11 0 0 0 0 11 0 0 0 0 11 0 0 0 0 0 11 0 0 0 0 0 0 0 0 0 0 0 11 
11 11 11 11 11 11 11 11 11 11 11 11 11 11 11 11 11 11 11 11 11 11 11 11 11 11 11 11 11 11 11 11 11 11 11 11 11 11 11 

15801
11 11 11 11 11 11 11 11 11 11 11 11 11 11 11 11 11 11 11 11 11 11 11 11 11 11 11 11 11 11 11 11 11 11 11 11 11 11 11 
11 0 0 0 0 11 0 0 0 0 0 0 0 0 0 0 0 0 0 0 0 11 0 0 0 0 0 11 0 11 0 0 0 11 0 0 11 0 11 
11 0 0 0 0 0 0 0 11 0 0 0 11 0 0 0 0 0 0 0 0 11 0 0 0 0 0 0 11 11 0 0 0 11 11 0 0 0 11 
11 0 0 0 0 0 0 0 0 0 0 0 0 0 0 0 0 0 0 0 0 0 11 0 0 0 11 0 0 0 0 0 11 0 0 11 0 11 11 
11 0 0 0 0 0 0 11 0 0 0 0 0 0 11 0 11 0 0 0 0 0 0 11 0 0 0 0 0 0 0 0 0 0 0 0 0 0 11 
11 11 0 0 0 11 11 0 0 0 11 0 0 0 0 0 0 11 11 0 11 11 11 11 0 11 11 11 11 0 11 0 0 11 0 0 11 0 11 
11 0 0 0 0 11 11 0 0 11 0 0 11 0 0 15 0 11 0 0 0 0 11 0 0 0 0 11 11 0 0 0 0 0 0 11 11 0 11 
11 0 0 0 11 0 0 0 11 0 0 0 0 0 0 0 0 0 0 0 0 0 0 0 0 0 0 0 11 0 11 11 0 0 0 0 11 0 11 
11 0 0 11 0 11 11 0 0 11 0 0 0 0 11 0 0 0 0 0 15 0 0 11 0 0 11 0 0 0 0 0 11 0 11 0 11 11 11 
11 11 11 0 11 11 0 0 0 0 11 11 0 0 11 0 0 11 0 0 0 0 0 0 0 0 11 0 0 0 0 11 0 11 11 0 0 0 11 
11 0 0 0 0 0 0 0 0 0 0 11 11 0 0 0 0 11 0 0 0 0 0 0 0 11 0 0 0 11 11 11 0 0 0 0 0 11 11 
11 0 0 0 0 11 11 0 11 0 0 0 0 0 0 0 0 0 0 0 0 0 0 0 0 0 0 11 0 0 0 0 0 0 0 0 0 0 11 
11 11 0 0 0 0 0 0 0 15 0 11 0 11 11 0 11 0 0 0 0 0 11 11 0 0 0 0 0 0 0 0 0 0 0 0 0 11 11 
11 0 0 0 11 0 0 0 0 11 11 0 0 0 0 0 0 11 0 0 0 0 0 0 0 0 0 0 0 0 11 0 0 0 0 0 0 0 11 
11 0 0 11 0 11 0 0 0 0 0 0 0 0 0 0 0 0 0 0 0 0 0 0 0 0 0 0 0 0 0 0 0 0 0 0 0 0 11 
11 0 0 11 0 0 0 0 0 0 0 15 0 0 0 11 0 0 0 0 0 11 11 0 0 0 0 0 15 11 0 0 0 0 0 0 0 0 11 
11 0 0 11 0 0 11 0 0 0 0 0 0 11 11 0 11 0 0 0 0 0 0 0 0 0 0 0 0 0 0 11 0 0 0 0 0 11 11 
11 0 11 0 0 0 0 0 0 0 11 0 0 0 11 11 11 0 0 0 0 0 11 0 0 0 0 0 0 0 11 0 0 11 0 0 0 11 11 
11 0 0 0 11 0 0 0 0 11 0 0 0 0 0 11 0 0 0 0 0 0 0 0 0 0 0 0 0 0 0 0 0 0 0 0 0 0 11 
11 0 0 0 0 0 0 0 0 0 0 0 0 0 0 0 0 0 11 11 11 0 0 0 11 0 11 11 0 0 0 0 11 0 0 0 0 0 11 
11 11 0 11 0 0 0 0 11 0 0 11 0 0 0 0 0 0 0 0 0 0 0 0 0 0 0 0 15 11 11 0 11 0 0 0 0 0 11 
11 0 0 0 0 0 0 0 11 0 11 0 0 0 0 0 0 11 0 11 0 0 0 0 0 0 0 0 11 15 0 0 0 0 0 0 0 0 11 
11 0 0 0 0 0 11 0 0 0 0 11 0 11 11 11 0 0 0 11 0 0 11 0 11 0 0 0 0 0 0 0 11 0 11 0 11 0 11 
11 0 0 11 0 0 11 0 0 0 11 0 0 0 0 11 0 0 0 0 0 0 0 0 0 0 11 0 0 0 0 0 11 0 0 0 0 0 11 
11 0 0 0 0 0 0 0 0 0 0 0 0 0 0 0 0 0 0 0 0 0 0 0 0 0 0 0 0 11 0 0 0 0 0 0 11 0 11 
11 0 0 0 0 0 0 11 0 0 11 0 0 0 11 0 0 0 0 11 0 11 0 11 0 0 0 0 0 0 0 0 11 0 0 0 0 0 11 
11 0 0 0 0 0 0 0 0 0 0 0 0 0 0 11 0 0 0 0 0 11 0 0 0 11 0 0 11 0 0 0 0 0 11 0 11 0 11 
11 11 0 0 0 0 0 11 0 0 11 0 0 0 0 11 11 0 0 0 0 11 0 0 0 0 0 0 11 0 0 0 0 0 0 11 0 0 11 
11 11 0 11 0 0 0 0 0 0 11 0 0 0 0 11 0 0 0 0 11 0 0 0 0 0 11 0 0 0 0 0 0 0 0 0 0 0 11 
11 11 11 11 11 11 11 11 11 11 11 11 11 11 11 11 11 11 11 11 11 11 11 11 11 11 11 11 11 11 11 11 11 11 11 11 11 11 11 

15799
11 11 11 11 11 11 11 11 11 11 11 11 11 11 11 11 11 11 11 11 11 11 11 11 11 11 11 11 11 11 11 11 11 11 11 11 11 11 11 
11 0 0 0 0 11 0 0 0 0 0 0 0 0 0 0 0 0 0 0 0 11 0 0 0 0 0 11 0 0 0 0 0 11 0 0 11 0 11 
11 0 0 0 0 0 0 0 11 0 0 0 11 0 0 0 0 0 0 0 0 11 0 0 0 0 0 0 11 11 0 0 0 11 11 0 0 0 11 
11 0 0 0 0 0 0 0 0 0 0 0 0 0 0 0 0 0 0 0 0 0 11 0 0 0 11 0 0 0 0 0 11 0 0 11 0 0 11 
11 0 0 0 0 0 0 11 0 0 0 0 0 0 11 0 11 0 0 0 0 0 0 11 0 0 0 0 0 0 0 0 0 0 0 0 0 0 11 
11 11 0 0 0 11 11 0 0 0 11 0 0 0 0 0 0 11 0 0 11 11 11 0 0 11 11 11 11 0 11 0 0 11 0 0 11 0 11 
11 0 0 0 0 11 11 0 0 11 0 0 11 0 0 0 0 0 0 0 0 0 11 0 0 0 0 11 11 0 0 0 0 0 0 11 0 0 11 
11 0 0 0 11 11 0 0 11 0 0 0 0 0 0 0 0 0 0 0 15 0 0 0 0 0 0 0 11 0 0 11 0 0 0 0 11 0 11 
11 0 0 11 0 11 11 0 0 11 0 0 0 0 11 0 0 0 0 0 0 0 0 11 0 0 11 0 0 0 0 0 0 0 11 0 11 11 11 
11 11 11 0 11 11 0 0 0 0 11 11 0 0 11 0 0 11 0 15 0 0 0 0 0 0 11 0 0 0 0 11 0 11 11 0 0 0 11 
11 0 0 0 0 0 0 0 0 0 0 11 11 0 0 0 0 11 0 0 0 0 0 0 0 11 0 0 0 11 11 11 0 0 0 0 0 11 11 
11 0 0 0 0 11 11 0 11 0 0 0 0 0 0 0 0 0 0 0 0 0 0 0 0 0 0 11 0 0 0 0 0 11 0 0 0 0 11 
11 11 0 0 0 0 0 0 0 0 0 11 0 11 11 0 11 0 0 0 0 0 11 0 0 0 0 0 0 0 0 0 0 0 0 0 0 11 11 
11 0 0 0 11 0 0 15 0 11 11 15 0 0 0 0 0 11 0 0 0 0 0 0 0 0 0 0 0 0 11 0 0 0 0 0 0 0 11 
11 0 0 11 0 11 0 0 0 0 0 0 0 0 0 0 0 0 0 0 0 0 0 0 0 0 0 0 0 0 0 0 0 0 0 0 0 0 11 
11 0 0 11 0 0 0 0 0 0 0 0 0 0 0 11 0 0 0 0 0 11 11 0 0 0 0 0 0 11 0 0 0 0 0 0 0 0 11 
11 0 0 11 0 0 11 0 0 0 11 0 0 11 11 0 11 0 0 0 0 0 0 0 0 0 0 0 0 0 0 11 0 0 0 0 0 11 11 
11 0 11 0 0 0 0 0 0 0 11 0 0 0 11 11 11 0 0 0 0 0 11 0 0 0 0 15 0 0 11 0 0 11 0 0 0 0 11 
11 0 0 0 11 0 0 0 0 11 0 0 0 0 0 11 0 0 0 0 0 0 0 11 0 11 0 0 0 0 0 0 0 0 0 0 0 0 11 
11 0 0 0 0 0 0 0 0 0 0 0 0 0 0 0 0 0 11 11 11 0 0 0 11 0 11 11 0 0 0 0 11 0 0 0 0 0 11 
11 11 0 11 0 0 0 0 11 0 0 11 0 0 0 0 0 0 0 0 0 0 0 0 0 0 0 0 15 11 11 0 11 0 0 0 0 0 11 
11 0 0 0 11 0 0 0 11 0 11 0 0 0 0 0 0 11 0 11 0 0 0 0 0 0 0 0 11 15 0 0 0 0 0 0 0 0 11 
11 0 0 0 0 0 11 0 0 0 0 11 0 11 11 11 0 0 0 11 0 0 11 0 0 0 0 11 0 0 0 11 11 0 11 0 11 0 11 
11 0 0 11 0 0 11 0 0 0 11 0 0 0 0 0 0 0 0 0 0 11 11 0 0 0 11 11 0 0 0 0 11 0 0 0 0 0 11 
11 0 0 0 0 0 0 0 0 0 0 0 0 0 0 0 0 0 0 0 0 0 0 0 0 0 0 0 0 11 0 0 0 0 0 0 11 0 11 
11 0 0 0 0 0 0 11 0 0 11 0 0 0 11 0 0 0 11 11 0 11 0 11 0 0 0 0 0 0 0 0 11 0 0 11 0 0 11 
11 0 0 0 0 0 0 0 0 0 0 0 0 0 0 0 0 0 0 0 0 11 0 0 0 11 0 0 11 0 0 0 0 0 11 0 11 0 11 
11 11 0 0 0 0 0 11 0 0 11 0 0 0 0 11 11 0 0 0 0 11 0 0 0 0 0 0 11 0 0 0 0 0 0 11 0 0 11 
11 11 0 0 0 0 0 0 0 0 11 0 0 0 0 11 0 0 0 0 11 0 0 0 0 0 11 0 0 0 0 0 0 0 0 0 0 0 11 
11 11 11 11 11 11 11 11 11 11 11 11 11 11 11 11 11 11 11 11 11 11 11 11 11 11 11 11 11 11 11 11 11 11 11 11 11 11 11 

15738
11 11 11 11 11 11 11 11 11 11 11 11 11 11 11 11 11 11 11 11 11 11 11 11 11 11 11 11 11 11 11 11 11 11 11 11 11 11 11 
11 0 0 0 0 11 0 0 0 0 0 0 0 0 0 0 0 0 0 0 0 11 0 0 0 0 0 11 0 0 0 0 0 11 0 0 11 0 11 
11 0 0 0 0 0 0 0 11 0 0 0 11 0 0 0 0 0 0 0 0 11 0 0 0 0 0 0 11 11 0 0 0 11 11 0 0 0 11 
11 0 0 0 0 0 0 0 0 0 0 0 0 0 0 0 0 0 0 0 0 0 11 0 0 0 11 0 0 0 0 0 11 0 0 11 0 0 11 
11 0 0 0 0 0 0 11 0 0 0 0 0 0 11 0 11 0 0 0 0 0 0 11 0 0 0 0 0 0 0 0 0 0 0 0 0 0 11 
11 11 0 0 0 11 11 0 0 0 11 0 0 0 0 0 0 11 0 0 11 11 11 0 0 11 11 11 11 0 11 0 0 11 0 0 11 0 11 
11 0 0 0 0 11 11 0 0 11 0 0 11 0 15 0 0 0 0 0 0 0 11 0 0 0 0 11 11 0 0 0 0 0 0 11 0 0 11 
11 0 0 0 11 11 0 0 11 0 0 0 0 0 0 0 0 0 0 0 0 0 0 0 0 0 0 0 11 0 0 11 0 0 0 0 11 0 11 
11 0 0 11 0 11 11 0 0 11 0 0 0 0 11 0 0 0 0 0 0 0 0 11 0 0 11 0 0 0 0 0 0 0 11 0 11 11 11 
11 11 11 0 11 11 0 0 0 0 11 11 0 0 11 0 0 11 0 0 0 0 0 0 0 0 11 0 0 0 0 11 0 11 11 0 0 0 11 
11 0 0 0 0 0 0 0 0 0 0 11 11 0 0 0 0 11 0 15 0 0 0 0 0 11 0 0 0 11 11 11 0 0 0 0 0 11 11 
11 0 0 0 0 11 11 0 11 0 0 0 0 0 0 0 0 0 0 0 0 0 0 0 0 0 0 11 0 0 0 0 0 11 0 0 0 0 11 
11 11 0 0 0 0 0 0 0 0 0 11 0 11 11 0 11 0 0 0 0 0 11 0 0 0 0 0 0 0 0 0 0 0 0 0 0 11 11 
11 0 0 0 11 0 0 0 0 11 11 0 0 0 0 0 0 11 0 0 0 0 0 0 0 0 0 0 0 0 11 0 0 0 0 0 0 0 11 
11 0 0 11 0 11 0 0 0 13 0 15 0 0 0 0 0 0 0 0 0 0 0 0 0 0 0 0 0 0 0 0 0 0 0 0 0 0 11 
11 0 0 11 0 0 0 0 0 14 0 0 0 0 0 11 0 0 0 0 0 11 11 0 0 0 15 0 0 11 0 0 0 0 0 0 0 0 11 
11 0 0 11 0 0 11 0 0 0 11 0 0 11 11 0 11 0 0 0 0 0 0 0 0 0 0 0 0 0 0 11 0 0 0 0 0 11 11 
11 0 11 0 0 0 0 0 0 0 11 0 0 0 11 11 11 0 0 0 0 0 11 0 0 0 0 0 0 0 11 0 0 11 0 0 0 0 11 
11 0 0 0 11 0 0 0 0 11 0 0 0 0 0 11 0 0 0 0 0 0 0 11 0 11 0 15 0 0 0 0 0 0 0 0 0 0 11 
11 0 0 0 0 0 0 0 0 0 0 0 0 0 0 0 0 0 11 11 11 0 0 0 11 0 11 11 0 0 0 0 11 0 0 0 0 0 11 
11 11 0 11 0 0 0 0 11 0 0 11 0 0 0 0 0 0 0 0 0 0 0 0 0 0 0 0 0 11 11 0 11 0 0 0 0 0 11 
11 0 0 0 11 0 0 0 11 0 11 0 0 0 0 0 0 11 0 11 0 0 0 0 0 0 0 0 11 0 0 0 0 0 0 0 0 0 11 
11 0 0 0 0 0 11 0 0 0 0 11 0 11 11 11 0 0 0 11 0 0 11 0 0 0 0 11 15 0 0 11 11 0 11 0 11 0 11 
11 0 0 11 0 0 11 0 0 0 11 0 0 0 0 0 0 0 0 0 0 11 11 0 0 0 11 11 0 0 0 0 11 0 0 0 0 0 11 
11 0 0 0 0 0 0 0 0 0 0 0 0 0 0 0 0 0 0 0 0 0 0 0 0 0 0 0 0 11 0 0 0 0 0 0 11 0 11 
11 0 0 0 0 0 0 11 0 0 11 0 0 0 11 0 0 0 11 11 0 11 0 11 0 0 0 0 0 0 0 0 11 0 0 11 0 0 11 
11 0 0 0 0 0 0 0 0 0 0 0 0 0 0 0 0 0 0 0 0 11 0 0 0 11 0 0 11 0 0 0 0 0 11 0 11 0 11 
11 11 0 0 0 0 0 11 0 0 11 0 0 0 0 11 11 0 0 0 0 11 0 0 0 0 0 0 11 0 0 0 0 0 0 11 0 0 11 
11 11 0 0 0 0 0 0 0 0 11 0 0 0 0 11 0 0 0 0 11 0 0 0 0 0 11 0 0 0 0 0 0 0 0 0 0 0 11 
11 11 11 11 11 11 11 11 11 11 11 11 11 11 11 11 11 11 11 11 11 11 11 11 11 11 11 11 11 11 11 11 11 11 11 11 11 11 11 

15720
11 11 11 11 11 11 11 11 11 11 11 11 11 11 11 11 11 11 11 11 11 11 11 11 11 11 11 11 11 11 11 11 11 11 11 11 11 11 11 
11 0 0 0 0 11 0 0 0 0 0 0 0 0 0 0 0 0 0 0 0 11 0 0 0 0 0 11 0 0 0 0 0 11 0 0 11 0 11 
11 0 0 0 0 0 0 0 11 0 0 0 11 0 0 0 0 0 0 0 0 11 0 0 0 0 0 0 11 11 0 0 0 11 11 0 0 0 11 
11 0 0 0 0 0 0 0 0 0 0 0 0 0 0 0 0 0 0 0 0 0 11 0 0 0 11 0 0 0 0 0 11 0 0 11 0 0 11 
11 0 0 0 0 0 0 11 0 0 0 0 0 0 11 0 11 11 0 0 0 0 0 11 0 0 0 0 0 0 0 0 0 0 0 0 0 0 11 
11 11 0 0 0 11 11 0 0 0 11 0 0 0 0 0 0 11 0 0 11 11 11 0 0 11 11 11 11 0 11 0 0 11 0 0 11 0 11 
11 0 0 0 0 11 11 0 0 11 0 0 11 0 0 0 0 0 0 0 0 15 11 0 0 0 0 11 11 0 0 0 0 0 0 11 0 0 11 
11 0 0 0 11 11 0 0 11 0 0 0 0 0 0 0 0 0 0 0 15 0 0 12 0 0 0 0 11 0 0 11 0 0 0 0 11 0 11 
11 0 0 11 0 11 11 0 0 11 0 0 0 0 11 0 0 0 0 0 0 0 0 11 0 0 11 0 0 0 0 0 0 0 11 0 11 11 11 
11 11 11 0 11 11 0 0 0 0 11 11 0 0 11 0 0 11 0 0 0 0 0 0 0 0 11 0 0 0 0 11 0 11 11 0 0 0 11 
11 0 0 0 0 0 0 0 0 0 0 11 11 0 0 0 0 11 0 0 0 0 0 0 0 11 0 0 0 11 11 11 0 0 0 0 0 11 11 
11 0 0 0 0 11 11 0 11 0 0 0 0 0 0 0 0 0 0 0 0 0 0 0 0 0 0 11 0 0 0 0 0 11 0 0 0 0 11 
11 11 0 0 0 0 0 0 0 0 0 11 0 11 11 0 11 0 0 0 0 0 11 0 0 0 0 0 0 0 0 0 0 0 0 0 0 11 11 
11 0 0 0 11 0 0 15 15 11 11 0 0 0 0 0 0 11 0 0 0 0 0 0 0 0 0 0 0 0 11 0 0 0 0 0 0 0 11 
11 0 0 11 0 11 0 0 0 0 0 0 0 0 0 0 0 0 0 0 0 0 0 0 0 0 0 0 0 0 0 0 0 0 0 0 0 0 11 
11 0 0 11 0 0 0 0 0 0 0 0 0 0 0 11 0 0 0 0 0 11 11 0 0 0 0 0 0 11 0 0 0 0 0 0 0 0 11 
11 0 0 11 0 0 11 0 0 0 11 0 0 11 11 0 11 0 0 0 0 0 0 0 0 0 0 0 0 0 0 11 0 0 0 0 0 11 11 
11 0 11 0 0 0 0 0 0 0 11 0 0 0 11 11 11 0 0 0 0 0 11 0 0 0 0 0 0 0 11 0 0 11 0 0 0 0 11 
11 0 0 0 11 0 0 0 0 11 0 0 0 0 0 11 0 0 0 0 0 0 0 11 0 11 0 0 15 0 0 0 0 0 0 0 0 0 11 
11 0 0 0 0 0 0 0 0 0 0 0 0 0 0 0 0 0 11 11 11 0 0 0 11 0 11 11 0 0 0 0 11 0 0 0 0 0 11 
11 11 0 11 0 0 0 0 11 0 0 11 0 0 0 0 0 0 0 0 0 0 0 0 0 11 0 0 0 11 11 0 11 0 0 0 0 0 11 
11 0 0 0 11 0 0 0 11 0 11 0 0 0 0 0 0 11 0 11 0 0 0 0 0 0 0 0 11 0 15 0 0 0 0 0 0 0 11 
11 0 0 0 0 0 11 0 0 0 0 11 0 11 11 11 0 0 0 11 0 0 11 0 0 0 0 11 0 0 0 11 11 0 11 0 11 0 11 
11 0 0 11 0 0 11 0 0 0 11 0 0 0 0 0 0 0 0 0 0 11 11 0 0 0 11 11 0 0 0 0 11 0 0 0 0 0 11 
11 0 0 0 0 0 0 0 0 0 0 0 0 0 0 0 0 0 0 0 0 0 0 11 0 0 0 0 0 11 0 0 0 0 0 0 11 0 11 
11 0 0 0 0 0 0 11 0 0 11 0 0 0 11 0 0 0 11 11 0 11 0 11 0 13 0 0 0 0 0 0 11 0 0 11 0 0 11 
11 0 0 0 0 0 0 0 0 0 0 0 0 0 0 0 0 0 0 0 0 11 0 0 0 11 0 0 11 0 0 0 0 0 11 0 11 0 11 
11 11 0 0 0 0 0 11 0 0 11 0 0 0 0 11 11 0 0 0 0 11 0 0 0 0 0 0 11 0 0 0 0 0 0 11 0 0 11 
11 11 0 0 0 0 0 0 0 0 11 0 0 0 0 11 0 0 0 0 11 0 0 0 0 0 11 0 0 0 0 0 0 0 0 0 0 0 11 
11 11 11 11 11 11 11 11 11 11 11 11 11 11 11 11 11 11 11 11 11 11 11 11 11 11 11 11 11 11 11 11 11 11 11 11 11 11 11 

15720
11 11 11 11 11 11 11 11 11 11 11 11 11 11 11 11 11 11 11 11 11 11 11 11 11 11 11 11 11 11 11 11 11 11 11 11 11 11 11 
11 0 0 0 0 11 0 0 0 0 0 0 0 0 0 0 0 0 0 0 0 11 0 0 0 0 0 11 0 0 0 0 0 11 0 0 11 0 11 
11 0 0 0 0 0 0 0 11 0 0 0 11 0 0 0 0 0 0 0 0 11 0 0 0 0 0 0 11 11 0 0 0 11 11 0 0 0 11 
11 0 0 0 0 0 0 0 0 0 0 0 0 0 0 0 0 0 0 0 0 0 11 0 0 0 11 0 0 0 0 0 11 0 0 11 0 0 11 
11 0 0 0 0 0 0 11 0 0 0 0 0 0 11 0 11 11 0 0 0 0 0 11 0 0 0 0 0 0 0 0 0 0 0 0 0 0 11 
11 11 0 0 0 11 11 0 0 0 11 0 0 0 0 0 0 11 0 0 11 11 11 0 0 11 11 11 11 0 11 0 0 11 0 0 11 0 11 
11 0 0 0 0 11 11 0 0 11 0 0 11 0 0 0 0 0 0 0 0 15 11 0 0 0 0 11 11 0 0 0 0 0 0 11 0 0 11 
11 0 0 0 11 11 0 0 11 0 0 0 0 0 0 0 0 0 0 0 15 0 0 12 0 0 0 0 11 0 0 11 0 0 0 0 11 0 11 
11 0 0 11 0 11 11 0 0 11 0 0 0 0 11 0 0 0 0 0 0 0 0 11 0 0 11 0 0 0 0 0 0 0 11 0 11 11 11 
11 11 11 0 11 11 0 0 0 0 11 11 0 0 11 0 0 11 0 0 0 0 0 0 0 0 11 0 0 0 0 11 0 11 11 0 0 0 11 
11 0 0 0 0 0 0 0 0 0 0 11 11 0 0 0 0 11 0 0 0 0 0 0 0 11 0 0 0 11 11 11 0 0 0 0 0 11 11 
11 0 0 0 0 11 11 0 11 0 0 0 0 0 0 0 0 0 0 0 0 0 0 0 0 0 0 11 0 0 0 0 0 11 0 0 0 0 11 
11 11 0 0 0 0 0 0 0 0 0 11 0 11 11 0 11 0 0 0 0 0 11 0 0 0 0 0 0 0 0 0 0 0 0 0 0 11 11 
11 0 0 0 11 0 0 15 15 11 11 0 0 0 0 0 0 11 0 0 0 0 0 0 0 0 0 0 0 0 11 0 0 0 0 0 0 0 11 
11 0 0 11 0 11 0 0 0 0 0 0 0 0 0 0 0 0 0 0 0 0 0 0 0 0 0 0 0 0 0 0 0 0 0 0 0 0 11 
11 0 0 11 0 0 0 0 0 0 0 0 0 0 0 11 0 0 0 0 0 11 11 0 0 0 0 0 0 11 0 0 0 0 0 0 0 0 11 
11 0 0 11 0 0 11 0 0 0 11 0 0 11 11 0 11 0 0 0 0 0 0 0 0 0 0 0 0 0 0 11 0 0 0 0 0 11 11 
11 0 11 0 0 0 0 0 0 0 11 0 0 0 11 11 11 0 0 0 0 0 11 0 0 0 0 0 0 0 11 0 0 11 0 0 0 0 11 
11 0 0 0 11 0 0 0 0 11 0 0 0 0 0 11 0 0 0 0 0 0 0 11 0 11 0 0 15 0 0 0 0 0 0 0 0 0 11 
11 0 0 0 0 0 0 0 0 0 0 0 0 0 0 0 0 0 11 11 11 0 0 0 11 0 11 11 0 0 0 0 11 0 0 0 0 0 11 
11 11 0 11 0 0 0 0 11 0 0 11 0 0 0 0 0 0 0 0 0 0 0 0 0 11 0 0 0 11 11 0 11 0 0 0 0 0 11 
11 0 0 0 11 0 0 0 11 0 11 0 0 0 0 0 0 11 0 11 0 0 0 0 0 0 0 0 11 0 15 0 0 0 0 0 0 0 11 
11 0 0 0 0 0 11 0 0 0 0 11 0 11 11 11 0 0 0 11 0 0 11 0 0 0 0 11 0 0 0 11 11 0 11 0 11 0 11 
11 0 0 11 0 0 11 0 0 0 11 0 0 0 0 0 0 0 0 0 0 11 11 0 0 0 11 11 0 0 0 0 11 0 0 0 0 0 11 
11 0 0 0 0 0 0 0 0 0 0 0 0 0 0 0 0 0 0 0 0 0 0 11 0 0 0 0 0 11 0 0 0 0 0 0 11 0 11 
11 0 0 0 0 0 0 11 0 0 11 0 0 0 11 0 0 0 11 11 0 11 0 11 0 13 0 0 0 0 0 0 11 0 0 11 0 0 11 
11 0 0 0 0 0 0 0 0 0 0 0 0 0 0 0 0 0 0 0 0 11 0 0 0 11 0 0 11 0 0 0 0 0 11 0 11 0 11 
11 11 0 0 0 0 0 11 0 0 11 0 0 0 0 11 11 0 0 0 0 11 0 0 0 0 0 0 11 0 0 0 0 0 0 11 0 0 11 
11 11 0 0 0 0 0 0 0 0 11 0 0 0 0 11 0 0 0 0 11 0 0 0 0 0 11 0 0 0 0 0 0 0 0 0 0 0 11 
11 11 11 11 11 11 11 11 11 11 11 11 11 11 11 11 11 11 11 11 11 11 11 11 11 11 11 11 11 11 11 11 11 11 11 11 11 11 11 

15720
11 11 11 11 11 11 11 11 11 11 11 11 11 11 11 11 11 11 11 11 11 11 11 11 11 11 11 11 11 11 11 11 11 11 11 11 11 11 11 
11 0 0 0 0 11 0 0 0 0 0 0 0 0 0 0 0 0 0 0 0 11 0 0 0 0 0 11 0 0 0 0 0 11 0 0 11 0 11 
11 0 0 0 0 0 0 0 11 0 0 0 11 0 0 0 0 0 0 0 0 11 0 0 0 0 0 0 11 11 0 0 0 11 11 0 0 0 11 
11 0 0 0 0 0 0 0 0 0 0 0 0 0 0 0 0 0 0 0 0 0 11 0 0 0 11 0 0 0 0 0 11 0 0 11 0 0 11 
11 0 0 0 0 0 0 11 0 0 0 0 0 0 11 0 11 11 0 0 0 0 0 11 0 0 0 0 0 0 0 0 0 0 0 0 0 0 11 
11 11 0 0 0 11 11 0 0 0 11 0 0 0 0 0 0 11 0 0 11 11 11 0 0 11 11 11 11 0 11 0 0 11 0 0 11 0 11 
11 0 0 0 0 11 11 0 0 11 0 0 11 0 0 0 0 0 0 0 0 15 11 0 0 0 0 11 11 0 0 0 0 0 0 11 0 0 11 
11 0 0 0 11 11 0 0 11 0 0 0 0 0 0 0 0 0 0 0 15 0 0 12 0 0 0 0 11 0 0 11 0 0 0 0 11 0 11 
11 0 0 11 0 11 11 0 0 11 0 0 0 0 11 0 0 0 0 0 0 0 0 11 0 0 11 0 0 0 0 0 0 0 11 0 11 11 11 
11 11 11 0 11 11 0 0 0 0 11 11 0 0 11 0 0 11 0 0 0 0 0 0 0 0 11 0 0 0 0 11 0 11 11 0 0 0 11 
11 0 0 0 0 0 0 0 0 0 0 11 11 0 0 0 0 11 0 0 0 0 0 0 0 11 0 0 0 11 11 11 0 0 0 0 0 11 11 
11 0 0 0 0 11 11 0 11 0 0 0 0 0 0 0 0 0 0 0 0 0 0 0 0 0 0 11 0 0 0 0 0 11 0 0 0 0 11 
11 11 0 0 0 0 0 0 0 0 0 11 0 11 11 0 11 0 0 0 0 0 11 0 0 0 0 0 0 0 0 0 0 0 0 0 0 11 11 
11 0 0 0 11 0 0 15 15 11 11 0 0 0 0 0 0 11 0 0 0 0 0 0 0 0 0 0 0 0 11 0 0 0 0 0 0 0 11 
11 0 0 11 0 11 0 0 0 0 0 0 0 0 0 0 0 0 0 0 0 0 0 0 0 0 0 0 0 0 0 0 0 0 0 0 0 0 11 
11 0 0 11 0 0 0 0 0 0 0 0 0 0 0 11 0 0 0 0 0 11 11 0 0 0 0 0 0 11 0 0 0 0 0 0 0 0 11 
11 0 0 11 0 0 11 0 0 0 11 0 0 11 11 0 11 0 0 0 0 0 0 0 0 0 0 0 0 0 0 11 0 0 0 0 0 11 11 
11 0 11 0 0 0 0 0 0 0 11 0 0 0 11 11 11 0 0 0 0 0 11 0 0 0 0 0 0 0 11 0 0 11 0 0 0 0 11 
11 0 0 0 11 0 0 0 0 11 0 0 0 0 0 11 0 0 0 0 0 0 0 11 0 11 0 0 15 0 0 0 0 0 0 0 0 0 11 
11 0 0 0 0 0 0 0 0 0 0 0 0 0 0 0 0 0 11 11 11 0 0 0 11 0 11 11 0 0 0 0 11 0 0 0 0 0 11 
11 11 0 11 0 0 0 0 11 0 0 11 0 0 0 0 0 0 0 0 0 0 0 0 0 11 0 0 0 11 11 0 11 0 0 0 0 0 11 
11 0 0 0 11 0 0 0 11 0 11 0 0 0 0 0 0 11 0 11 0 0 0 0 0 0 0 0 11 0 15 0 0 0 0 0 0 0 11 
11 0 0 0 0 0 11 0 0 0 0 11 0 11 11 11 0 0 0 11 0 0 11 0 0 0 0 11 0 0 0 11 11 0 11 0 11 0 11 
11 0 0 11 0 0 11 0 0 0 11 0 0 0 0 0 0 0 0 0 0 11 11 0 0 0 11 11 0 0 0 0 11 0 0 0 0 0 11 
11 0 0 0 0 0 0 0 0 0 0 0 0 0 0 0 0 0 0 0 0 0 0 11 0 0 0 0 0 11 0 0 0 0 0 0 11 0 11 
11 0 0 0 0 0 0 11 0 0 11 0 0 0 11 0 0 0 11 11 0 11 0 11 0 13 0 0 0 0 0 0 11 0 0 11 0 0 11 
11 0 0 0 0 0 0 0 0 0 0 0 0 0 0 0 0 0 0 0 0 11 0 0 0 11 0 0 11 0 0 0 0 0 11 0 11 0 11 
11 11 0 0 0 0 0 11 0 0 11 0 0 0 0 11 11 0 0 0 0 11 0 0 0 0 0 0 11 0 0 0 0 0 0 11 0 0 11 
11 11 0 0 0 0 0 0 0 0 11 0 0 0 0 11 0 0 0 0 11 0 0 0 0 0 11 0 0 0 0 0 0 0 0 0 0 0 11 
11 11 11 11 11 11 11 11 11 11 11 11 11 11 11 11 11 11 11 11 11 11 11 11 11 11 11 11 11 11 11 11 11 11 11 11 11 11 11 

15803
11 11 11 11 11 11 11 11 11 11 11 11 11 11 11 11 11 11 11 11 11 11 11 11 11 11 11 11 11 11 11 11 11 11 11 11 11 11 11 
11 0 0 0 0 11 0 0 0 0 0 0 0 0 0 0 0 0 0 0 0 11 0 0 0 0 0 11 0 11 0 0 0 11 0 0 11 0 11 
11 0 0 0 0 0 0 0 11 0 0 0 11 0 0 0 0 0 0 0 0 11 0 0 0 0 0 0 11 11 0 0 0 11 11 0 0 0 11 
11 0 0 0 0 0 0 0 0 0 0 0 0 0 0 0 0 0 0 0 0 0 11 0 0 0 11 0 0 0 0 0 11 0 0 11 0 11 11 
11 0 0 0 0 0 0 11 0 0 0 0 0 15 11 0 11 0 0 0 0 0 0 11 0 0 0 0 0 0 0 0 0 0 0 0 0 0 11 
11 11 0 0 0 11 11 0 0 0 11 0 0 0 0 0 0 11 0 0 11 11 11 11 0 0 11 11 11 0 11 0 0 11 0 0 11 0 11 
11 0 0 0 0 11 11 0 0 11 0 0 11 0 0 0 0 0 0 0 0 0 11 0 0 0 0 11 11 0 0 0 0 0 0 11 11 0 11 
11 0 0 0 11 11 0 0 11 0 0 0 0 0 0 0 0 0 0 0 0 0 0 0 0 0 0 0 11 0 0 11 0 0 0 0 11 0 11 
11 0 0 11 0 11 11 0 0 11 0 0 0 0 11 0 0 0 0 0 0 0 0 11 0 0 11 0 0 0 0 0 0 0 11 0 11 11 11 
11 11 11 0 11 0 0 0 0 0 11 11 0 0 11 0 0 11 0 0 0 0 0 0 0 0 11 0 0 0 0 11 0 11 11 0 0 0 11 
11 0 0 0 0 0 0 0 0 0 0 11 11 0 0 0 0 11 0 15 0 0 0 0 0 11 0 0 0 11 11 11 0 0 0 0 0 11 11 
11 0 0 0 0 11 11 0 11 0 0 0 0 0 0 0 0 0 0 0 0 0 0 0 0 0 0 11 0 0 0 0 0 11 0 0 0 0 11 
11 11 0 0 0 0 0 0 0 0 0 11 0 11 11 0 11 0 0 0 0 0 11 0 0 0 0 0 0 0 0 0 11 0 0 0 0 11 11 
11 0 0 0 11 0 0 0 0 11 11 15 0 0 0 0 0 11 0 0 0 11 0 0 0 0 0 0 0 0 11 0 0 0 0 0 0 0 11 
11 0 0 11 0 11 0 0 15 0 0 0 0 0 0 0 0 0 0 0 0 0 0 0 0 0 0 0 0 0 0 0 0 0 0 0 11 0 11 
11 0 0 11 0 0 0 0 0 0 0 0 0 0 0 11 0 0 0 0 0 11 11 0 0 0 0 0 0 11 0 0 0 0 0 0 0 0 11 
11 0 0 11 0 0 11 0 0 0 0 0 0 11 11 0 11 0 0 0 0 0 0 0 0 0 0 15 0 0 0 11 0 0 0 0 0 11 11 
11 0 11 0 0 0 0 0 0 0 11 0 0 0 11 11 11 0 0 0 0 0 11 0 0 0 0 0 0 0 11 0 0 11 0 0 0 11 11 
11 0 0 0 11 0 0 0 0 11 0 0 0 0 0 11 0 0 0 0 0 0 0 11 0 0 0 15 0 0 0 0 0 0 0 0 0 0 11 
11 0 0 0 0 0 0 0 0 0 0 0 0 0 0 0 0 0 11 11 11 0 0 0 11 0 11 11 0 0 0 0 11 0 0 0 0 0 11 
11 11 0 11 0 0 0 0 11 0 0 11 0 0 0 0 0 0 0 0 0 0 0 0 0 0 0 0 0 11 11 0 11 0 0 0 0 0 11 
11 0 0 0 0 0 0 0 11 0 11 0 0 0 0 0 0 11 0 11 0 0 0 0 0 0 0 0 11 15 0 0 0 0 0 0 0 0 11 
11 0 0 0 0 0 11 0 0 0 0 11 0 11 11 11 0 0 0 11 0 0 11 0 0 0 0 11 0 0 0 0 11 0 11 0 11 0 11 
11 0 0 11 0 0 11 0 0 0 11 0 0 0 0 11 0 0 0 0 0 11 0 0 0 0 11 11 0 0 0 0 11 0 0 0 0 0 11 
11 0 0 0 0 0 0 0 0 0 0 0 0 0 0 0 0 0 0 0 0 0 0 0 0 0 0 0 0 11 0 0 0 0 0 0 11 0 11 
11 0 0 0 0 0 0 11 0 0 11 0 0 0 11 0 0 0 0 11 0 0 0 11 0 0 0 0 0 0 0 0 0 0 0 11 0 0 11 
11 0 0 0 0 0 0 0 0 0 0 0 0 0 0 11 0 0 0 0 0 11 0 0 0 11 0 0 11 0 0 0 0 0 11 0 0 0 11 
11 11 0 0 0 0 0 11 0 0 11 0 0 0 0 11 11 0 0 0 0 11 0 0 0 0 0 0 11 0 0 0 0 0 0 11 0 0 11 
11 11 0 11 0 0 0 0 0 0 11 0 0 0 0 11 0 0 0 0 11 0 0 0 0 0 11 0 0 0 0 0 0 0 0 0 0 0 11 
11 11 11 11 11 11 11 11 11 11 11 11 11 11 11 11 11 11 11 11 11 11 11 11 11 11 11 11 11 11 11 11 11 11 11 11 11 11 11 

15803
11 11 11 11 11 11 11 11 11 11 11 11 11 11 11 11 11 11 11 11 11 11 11 11 11 11 11 11 11 11 11 11 11 11 11 11 11 11 11 
11 0 0 0 0 11 0 0 0 0 0 0 0 0 0 0 0 0 0 0 0 11 0 0 0 0 0 11 0 11 0 0 0 11 0 0 11 0 11 
11 0 0 0 0 0 0 0 11 0 0 0 11 0 0 0 0 0 0 0 0 11 0 0 0 0 0 0 11 11 0 0 0 11 11 0 0 0 11 
11 0 0 0 0 0 0 0 0 0 0 0 0 0 0 0 0 0 0 0 0 0 11 0 0 0 11 0 0 0 0 0 11 0 0 11 0 11 11 
11 0 0 0 0 0 0 11 0 0 0 0 0 15 11 0 11 0 0 0 0 0 0 11 0 0 0 0 0 0 0 0 0 0 0 0 0 0 11 
11 11 0 0 0 11 11 0 0 0 11 0 0 0 0 0 0 11 0 0 11 11 11 11 0 0 11 11 11 0 11 0 0 11 0 0 11 0 11 
11 0 0 0 0 11 11 0 0 11 0 0 11 0 0 0 0 0 0 0 0 0 11 0 0 0 0 11 11 0 0 0 0 0 0 11 11 0 11 
11 0 0 0 11 11 0 0 11 0 0 0 0 0 0 0 0 0 0 0 0 0 0 0 0 0 0 0 11 0 0 11 0 0 0 0 11 0 11 
11 0 0 11 0 11 11 0 0 11 0 0 0 0 11 0 0 0 0 0 0 0 0 11 0 0 11 0 0 0 0 0 0 0 11 0 11 11 11 
11 11 11 0 11 0 0 0 0 0 11 11 0 0 11 0 0 11 0 0 0 0 0 0 0 0 11 0 0 0 0 11 0 11 11 0 0 0 11 
11 0 0 0 0 0 0 0 0 0 0 11 11 0 0 0 0 11 0 15 0 0 0 0 0 11 0 0 0 11 11 11 0 0 0 0 0 11 11 
11 0 0 0 0 11 11 0 11 0 0 0 0 0 0 0 0 0 0 0 0 0 0 0 0 0 0 11 0 0 0 0 0 11 0 0 0 0 11 
11 11 0 0 0 0 0 0 0 0 0 11 0 11 11 0 11 0 0 0 0 0 11 0 0 0 0 0 0 0 0 0 11 0 0 0 0 11 11 
11 0 0 0 11 0 0 0 0 11 11 15 0 0 0 0 0 11 0 0 0 11 0 0 0 0 0 0 0 0 11 0 0 0 0 0 0 0 11 
11 0 0 11 0 11 0 0 15 0 0 0 0 0 0 0 0 0 0 0 0 0 0 0 0 0 0 0 0 0 0 0 0 0 0 0 11 0 11 
11 0 0 11 0 0 0 0 0 0 0 0 0 0 0 11 0 0 0 0 0 11 11 0 0 0 0 0 0 11 0 0 0 0 0 0 0 0 11 
11 0 0 11 0 0 11 0 0 0 0 0 0 11 11 0 11 0 0 0 0 0 0 0 0 0 0 15 0 0 0 11 0 0 0 0 0 11 11 
11 0 11 0 0 0 0 0 0 0 11 0 0 0 11 11 11 0 0 0 0 0 11 0 0 0 0 0 0 0 11 0 0 11 0 0 0 11 11 
11 0 0 0 11 0 0 0 0 11 0 0 0 0 0 11 0 0 0 0 0 0 0 11 0 0 0 15 0 0 0 0 0 0 0 0 0 0 11 
11 0 0 0 0 0 0 0 0 0 0 0 0 0 0 0 0 0 11 11 11 0 0 0 11 0 11 11 0 0 0 0 11 0 0 0 0 0 11 
11 11 0 11 0 0 0 0 11 0 0 11 0 0 0 0 0 0 0 0 0 0 0 0 0 0 0 0 0 11 11 0 11 0 0 0 0 0 11 
11 0 0 0 0 0 0 0 11 0 11 0 0 0 0 0 0 11 0 11 0 0 0 0 0 0 0 0 11 15 0 0 0 0 0 0 0 0 11 
11 0 0 0 0 0 11 0 0 0 0 11 0 11 11 11 0 0 0 11 0 0 11 0 0 0 0 11 0 0 0 0 11 0 11 0 11 0 11 
11 0 0 11 0 0 11 0 0 0 11 0 0 0 0 11 0 0 0 0 0 11 0 0 0 0 11 11 0 0 0 0 11 0 0 0 0 0 11 
11 0 0 0 0 0 0 0 0 0 0 0 0 0 0 0 0 0 0 0 0 0 0 0 0 0 0 0 0 11 0 0 0 0 0 0 11 0 11 
11 0 0 0 0 0 0 11 0 0 11 0 0 0 11 0 0 0 0 11 0 0 0 11 0 0 0 0 0 0 0 0 0 0 0 11 0 0 11 
11 0 0 0 0 0 0 0 0 0 0 0 0 0 0 11 0 0 0 0 0 11 0 0 0 11 0 0 11 0 0 0 0 0 11 0 0 0 11 
11 11 0 0 0 0 0 11 0 0 11 0 0 0 0 11 11 0 0 0 0 11 0 0 0 0 0 0 11 0 0 0 0 0 0 11 0 0 11 
11 11 0 11 0 0 0 0 0 0 11 0 0 0 0 11 0 0 0 0 11 0 0 0 0 0 11 0 0 0 0 0 0 0 0 0 0 0 11 
11 11 11 11 11 11 11 11 11 11 11 11 11 11 11 11 11 11 11 11 11 11 11 11 11 11 11 11 11 11 11 11 11 11 11 11 11 11 11 

15803
11 11 11 11 11 11 11 11 11 11 11 11 11 11 11 11 11 11 11 11 11 11 11 11 11 11 11 11 11 11 11 11 11 11 11 11 11 11 11 
11 0 0 0 0 11 0 0 0 0 0 0 0 0 0 0 0 0 0 0 0 11 0 0 0 0 0 11 0 11 0 0 0 11 0 0 11 0 11 
11 0 0 0 0 0 0 0 11 0 0 0 11 0 0 0 0 0 0 0 0 11 0 0 0 0 0 0 11 11 0 0 0 11 11 0 0 0 11 
11 0 0 0 0 0 0 0 0 0 0 0 0 0 0 0 0 0 0 0 0 0 11 0 0 0 11 0 0 0 0 0 11 0 0 11 0 11 11 
11 0 0 0 0 0 0 11 0 0 0 0 0 15 11 0 11 0 0 0 0 0 0 11 0 0 0 0 0 0 0 0 0 0 0 0 0 0 11 
11 11 0 0 0 11 11 0 0 0 11 0 0 0 0 0 0 11 0 0 11 11 11 11 0 0 11 11 11 0 11 0 0 11 0 0 11 0 11 
11 0 0 0 0 11 11 0 0 11 0 0 11 0 0 0 0 0 0 0 0 0 11 0 0 0 0 11 11 0 0 0 0 0 0 11 11 0 11 
11 0 0 0 11 11 0 0 11 0 0 0 0 0 0 0 0 0 0 0 0 0 0 0 0 0 0 0 11 0 0 11 0 0 0 0 11 0 11 
11 0 0 11 0 11 11 0 0 11 0 0 0 0 11 0 0 0 0 0 0 0 0 11 0 0 11 0 0 0 0 0 0 0 11 0 11 11 11 
11 11 11 0 11 0 0 0 0 0 11 11 0 0 11 0 0 11 0 0 0 0 0 0 0 0 11 0 0 0 0 11 0 11 11 0 0 0 11 
11 0 0 0 0 0 0 0 0 0 0 11 11 0 0 0 0 11 0 15 0 0 0 0 0 11 0 0 0 11 11 11 0 0 0 0 0 11 11 
11 0 0 0 0 11 11 0 11 0 0 0 0 0 0 0 0 0 0 0 0 0 0 0 0 0 0 11 0 0 0 0 0 11 0 0 0 0 11 
11 11 0 0 0 0 0 0 0 0 0 11 0 11 11 0 11 0 0 0 0 0 11 0 0 0 0 0 0 0 0 0 11 0 0 0 0 11 11 
11 0 0 0 11 0 0 0 0 11 11 15 0 0 0 0 0 11 0 0 0 11 0 0 0 0 0 0 0 0 11 0 0 0 0 0 0 0 11 
11 0 0 11 0 11 0 0 15 0 0 0 0 0 0 0 0 0 0 0 0 0 0 0 0 0 0 0 0 0 0 0 0 0 0 0 11 0 11 
11 0 0 11 0 0 0 0 0 0 0 0 0 0 0 11 0 0 0 0 0 11 11 0 0 0 0 0 0 11 0 0 0 0 0 0 0 0 11 
11 0 0 11 0 0 11 0 0 0 0 0 0 11 11 0 11 0 0 0 0 0 0 0 0 0 0 15 0 0 0 11 0 0 0 0 0 11 11 
11 0 11 0 0 0 0 0 0 0 11 0 0 0 11 11 11 0 0 0 0 0 11 0 0 0 0 0 0 0 11 0 0 11 0 0 0 11 11 
11 0 0 0 11 0 0 0 0 11 0 0 0 0 0 11 0 0 0 0 0 0 0 11 0 0 0 15 0 0 0 0 0 0 0 0 0 0 11 
11 0 0 0 0 0 0 0 0 0 0 0 0 0 0 0 0 0 11 11 11 0 0 0 11 0 11 11 0 0 0 0 11 0 0 0 0 0 11 
11 11 0 11 0 0 0 0 11 0 0 11 0 0 0 0 0 0 0 0 0 0 0 0 0 0 0 0 0 11 11 0 11 0 0 0 0 0 11 
11 0 0 0 0 0 0 0 11 0 11 0 0 0 0 0 0 11 0 11 0 0 0 0 0 0 0 0 11 15 0 0 0 0 0 0 0 0 11 
11 0 0 0 0 0 11 0 0 0 0 11 0 11 11 11 0 0 0 11 0 0 11 0 0 0 0 11 0 0 0 0 11 0 11 0 11 0 11 
11 0 0 11 0 0 11 0 0 0 11 0 0 0 0 11 0 0 0 0 0 11 0 0 0 0 11 11 0 0 0 0 11 0 0 0 0 0 11 
11 0 0 0 0 0 0 0 0 0 0 0 0 0 0 0 0 0 0 0 0 0 0 0 0 0 0 0 0 11 0 0 0 0 0 0 11 0 11 
11 0 0 0 0 0 0 11 0 0 11 0 0 0 11 0 0 0 0 11 0 0 0 11 0 0 0 0 0 0 0 0 0 0 0 11 0 0 11 
11 0 0 0 0 0 0 0 0 0 0 0 0 0 0 11 0 0 0 0 0 11 0 0 0 11 0 0 11 0 0 0 0 0 11 0 0 0 11 
11 11 0 0 0 0 0 11 0 0 11 0 0 0 0 11 11 0 0 0 0 11 0 0 0 0 0 0 11 0 0 0 0 0 0 11 0 0 11 
11 11 0 11 0 0 0 0 0 0 11 0 0 0 0 11 0 0 0 0 11 0 0 0 0 0 11 0 0 0 0 0 0 0 0 0 0 0 11 
11 11 11 11 11 11 11 11 11 11 11 11 11 11 11 11 11 11 11 11 11 11 11 11 11 11 11 11 11 11 11 11 11 11 11 11 11 11 11 

15800
11 11 11 11 11 11 11 11 11 11 11 11 11 11 11 11 11 11 11 11 11 11 11 11 11 11 11 11 11 11 11 11 11 11 11 11 11 11 11 
11 0 0 0 0 11 0 0 0 0 0 0 0 0 0 0 0 0 0 0 0 11 0 0 0 0 0 11 0 11 0 0 0 11 0 0 11 0 11 
11 0 0 0 0 0 0 0 11 0 0 0 11 0 0 0 0 0 0 0 0 11 0 0 0 0 0 0 11 11 0 0 0 11 11 0 0 0 11 
11 0 0 0 0 0 0 0 0 0 0 0 0 0 0 0 0 0 0 0 0 0 11 0 0 0 11 0 0 0 0 0 11 0 0 11 0 11 11 
11 0 0 0 0 0 0 11 0 0 0 0 0 15 11 0 11 0 0 0 0 0 0 11 0 0 0 0 0 0 0 0 0 0 0 0 0 0 11 
11 11 0 0 0 11 11 0 0 0 11 0 0 0 0 0 0 11 0 0 11 11 11 11 0 0 11 11 11 0 11 0 0 11 0 0 11 0 11 
11 0 0 0 0 11 11 0 0 11 0 0 11 0 0 0 0 0 11 0 0 0 11 0 0 0 0 11 11 0 0 0 0 0 0 11 11 0 11 
11 0 0 0 11 11 0 0 11 0 0 0 0 0 0 0 0 0 0 0 0 0 0 0 0 0 0 0 11 0 0 11 0 0 0 0 11 0 11 
11 0 0 11 0 11 11 0 0 11 0 0 0 0 11 0 0 0 0 0 0 0 0 11 0 0 11 0 0 0 0 0 0 0 11 0 11 11 11 
11 11 11 0 11 0 0 0 0 0 11 11 0 0 11 0 0 11 0 0 0 0 0 0 0 0 11 0 0 0 0 11 0 11 11 0 0 0 11 
11 0 0 0 0 0 0 0 0 0 0 11 11 0 0 0 0 11 0 15 0 0 0 0 0 11 0 0 0 11 11 11 0 0 0 0 0 11 11 
11 0 0 0 0 11 11 0 11 0 0 0 0 0 0 0 0 0 0 0 0 0 0 0 0 0 0 11 0 0 0 0 0 11 0 0 0 0 11 
11 11 0 0 0 0 0 0 0 0 0 11 0 11 11 0 11 0 0 0 0 0 11 0 0 0 0 0 0 0 0 0 11 0 0 0 0 11 11 
11 0 0 0 11 0 15 0 0 11 11 15 0 0 0 0 0 11 0 0 0 11 0 0 0 0 0 0 0 0 11 0 0 0 0 0 0 0 11 
11 0 0 11 0 11 0 0 0 0 0 0 0 0 0 0 0 0 0 0 0 0 0 0 0 0 0 0 0 0 0 0 0 0 0 0 11 0 11 
11 0 0 11 0 0 0 0 0 0 0 0 0 0 0 11 0 0 0 0 0 11 11 0 0 0 15 0 0 11 0 0 0 0 0 0 0 0 11 
11 0 0 11 0 0 11 0 0 0 0 0 0 11 11 0 11 0 0 0 0 0 0 0 0 0 0 0 0 0 0 11 0 0 0 0 0 11 11 
11 0 11 0 0 0 0 0 0 0 11 0 0 0 11 11 11 0 0 0 0 0 11 0 0 0 0 15 0 0 11 0 0 11 0 0 0 11 11 
11 0 0 0 11 0 0 0 0 11 0 0 0 0 0 11 0 0 0 0 0 0 0 11 0 0 0 0 0 0 0 0 0 0 0 0 0 0 11 
11 0 0 0 0 0 0 0 0 0 0 0 0 0 0 0 0 0 11 11 11 0 0 0 11 0 11 11 0 0 0 0 11 0 0 0 0 0 11 
11 11 0 11 0 0 0 0 11 0 0 11 0 0 0 0 0 0 0 0 0 0 0 0 0 0 0 0 15 11 11 0 11 0 0 0 0 0 11 
11 0 0 0 0 0 0 0 11 0 11 0 0 0 0 0 0 11 0 11 0 0 0 0 0 0 0 0 11 0 0 0 0 0 0 0 0 0 11 
11 0 0 0 0 0 11 0 0 0 0 11 0 11 11 11 0 0 0 11 0 0 11 0 0 0 0 11 0 0 0 0 11 0 11 0 11 0 11 
11 0 0 11 0 0 11 0 0 0 11 0 0 0 0 11 0 0 0 0 0 11 0 0 0 0 11 11 0 0 0 0 11 0 0 0 0 0 11 
11 0 0 0 0 0 0 0 0 0 0 0 0 0 0 0 0 0 0 0 0 0 0 0 0 0 0 0 0 11 0 0 0 0 0 0 11 0 11 
11 0 0 0 0 0 0 11 0 0 11 0 0 0 11 0 0 0 0 11 0 0 0 11 0 0 0 0 0 0 0 0 0 0 0 11 0 0 11 
11 0 0 0 0 0 0 0 0 0 0 0 0 0 0 11 0 0 0 0 0 11 0 0 0 11 0 0 11 0 0 0 0 0 11 0 0 0 11 
11 11 0 0 0 0 0 11 0 0 11 0 0 0 0 11 11 0 0 0 0 11 0 0 0 0 0 0 11 0 0 0 0 0 0 11 0 0 11 
11 11 0 11 0 0 0 0 0 0 11 0 0 0 0 11 0 0 0 0 11 0 0 0 0 0 11 0 0 0 0 0 0 0 0 0 0 0 11 
11 11 11 11 11 11 11 11 11 11 11 11 11 11 11 11 11 11 11 11 11 11 11 11 11 11 11 11 11 11 11 11 11 11 11 11 11 11 11 

15800
11 11 11 11 11 11 11 11 11 11 11 11 11 11 11 11 11 11 11 11 11 11 11 11 11 11 11 11 11 11 11 11 11 11 11 11 11 11 11 
11 0 0 0 0 11 0 0 0 0 0 0 0 0 0 0 0 0 0 0 0 11 0 0 0 0 0 11 0 11 0 0 0 11 0 0 11 0 11 
11 0 0 0 0 0 0 0 11 0 0 0 11 0 0 0 0 0 0 0 0 11 0 0 0 0 0 0 11 11 0 0 0 11 11 0 0 0 11 
11 0 0 0 0 0 0 0 0 0 0 0 0 0 0 0 0 0 0 0 0 0 11 0 0 0 11 0 0 0 0 0 11 0 0 11 0 11 11 
11 0 0 0 0 0 0 11 0 0 0 0 0 15 11 0 11 0 0 0 0 0 0 11 0 0 0 0 0 0 0 0 0 0 0 0 0 0 11 
11 11 0 0 0 11 11 0 0 0 11 0 0 0 0 0 0 11 0 0 11 11 11 11 0 0 11 11 11 0 11 0 0 11 0 0 11 0 11 
11 0 0 0 0 11 11 0 0 11 0 0 11 0 0 0 0 0 11 0 0 0 11 0 0 0 0 11 11 0 0 0 0 0 0 11 11 0 11 
11 0 0 0 11 11 0 0 11 0 0 0 0 0 0 0 0 0 0 0 0 0 0 0 0 0 0 0 11 0 0 11 0 0 0 0 11 0 11 
11 0 0 11 0 11 11 0 0 11 0 0 0 0 11 0 0 0 0 0 0 0 0 11 0 0 11 0 0 0 0 0 0 0 11 0 11 11 11 
11 11 11 0 11 0 0 0 0 0 11 11 0 0 11 0 0 11 0 0 0 0 0 0 0 0 11 0 0 0 0 11 0 11 11 0 0 0 11 
11 0 0 0 0 0 0 0 0 0 0 11 11 0 0 0 0 11 0 15 0 0 0 0 0 11 0 0 0 11 11 11 0 0 0 0 0 11 11 
11 0 0 0 0 11 11 0 11 0 0 0 0 0 0 0 0 0 0 0 0 0 0 0 0 0 0 11 0 0 0 0 0 11 0 0 0 0 11 
11 11 0 0 0 0 0 0 0 0 0 11 0 11 11 0 11 0 0 0 0 0 11 0 0 0 0 0 0 0 0 0 11 0 0 0 0 11 11 
11 0 0 0 11 0 15 0 0 11 11 15 0 0 0 0 0 11 0 0 0 11 0 0 0 0 0 0 0 0 11 0 0 0 0 0 0 0 11 
11 0 0 11 0 11 0 0 0 0 0 0 0 0 0 0 0 0 0 0 0 0 0 0 0 0 0 0 0 0 0 0 0 0 0 0 11 0 11 
11 0 0 11 0 0 0 0 0 0 0 0 0 0 0 11 0 0 0 0 0 11 11 0 0 0 15 0 0 11 0 0 0 0 0 0 0 0 11 
11 0 0 11 0 0 11 0 0 0 0 0 0 11 11 0 11 0 0 0 0 0 0 0 0 0 0 0 0 0 0 11 0 0 0 0 0 11 11 
11 0 11 0 0 0 0 0 0 0 11 0 0 0 11 11 11 0 0 0 0 0 11 0 0 0 0 15 0 0 11 0 0 11 0 0 0 11 11 
11 0 0 0 11 0 0 0 0 11 0 0 0 0 0 11 0 0 0 0 0 0 0 11 0 0 0 0 0 0 0 0 0 0 0 0 0 0 11 
11 0 0 0 0 0 0 0 0 0 0 0 0 0 0 0 0 0 11 11 11 0 0 0 11 0 11 11 0 0 0 0 11 0 0 0 0 0 11 
11 11 0 11 0 0 0 0 11 0 0 11 0 0 0 0 0 0 0 0 0 0 0 0 0 0 0 0 15 11 11 0 11 0 0 0 0 0 11 
11 0 0 0 0 0 0 0 11 0 11 0 0 0 0 0 0 11 0 11 0 0 0 0 0 0 0 0 11 0 0 0 0 0 0 0 0 0 11 
11 0 0 0 0 0 11 0 0 0 0 11 0 11 11 11 0 0 0 11 0 0 11 0 0 0 0 11 0 0 0 0 11 0 11 0 11 0 11 
11 0 0 11 0 0 11 0 0 0 11 0 0 0 0 11 0 0 0 0 0 11 0 0 0 0 11 11 0 0 0 0 11 0 0 0 0 0 11 
11 0 0 0 0 0 0 0 0 0 0 0 0 0 0 0 0 0 0 0 0 0 0 0 0 0 0 0 0 11 0 0 0 0 0 0 11 0 11 
11 0 0 0 0 0 0 11 0 0 11 0 0 0 11 0 0 0 0 11 0 0 0 11 0 0 0 0 0 0 0 0 0 0 0 11 0 0 11 
11 0 0 0 0 0 0 0 0 0 0 0 0 0 0 11 0 0 0 0 0 11 0 0 0 11 0 0 11 0 0 0 0 0 11 0 0 0 11 
11 11 0 0 0 0 0 11 0 0 11 0 0 0 0 11 11 0 0 0 0 11 0 0 0 0 0 0 11 0 0 0 0 0 0 11 0 0 11 
11 11 0 11 0 0 0 0 0 0 11 0 0 0 0 11 0 0 0 0 11 0 0 0 0 0 11 0 0 0 0 0 0 0 0 0 0 0 11 
11 11 11 11 11 11 11 11 11 11 11 11 11 11 11 11 11 11 11 11 11 11 11 11 11 11 11 11 11 11 11 11 11 11 11 11 11 11 11 

15803
11 11 11 11 11 11 11 11 11 11 11 11 11 11 11 11 11 11 11 11 11 11 11 11 11 11 11 11 11 11 11 11 11 11 11 11 11 11 11 
11 0 0 0 0 11 0 0 0 0 0 0 0 0 0 0 0 0 0 0 0 11 0 0 0 0 0 11 0 0 0 0 0 11 0 0 11 0 11 
11 0 0 0 0 0 0 0 0 0 0 0 11 0 0 0 0 0 0 0 0 11 0 0 0 0 0 0 11 11 0 0 0 11 11 0 0 0 11 
11 0 0 0 0 0 0 0 0 0 0 0 0 0 0 0 0 0 0 0 0 0 11 0 0 0 11 0 0 0 0 0 11 0 0 11 0 0 11 
11 0 0 0 0 0 0 11 0 0 0 0 0 15 11 0 11 0 0 0 0 0 0 11 0 0 0 0 0 0 0 0 0 0 0 0 0 0 11 
11 11 0 0 0 11 11 0 0 0 11 0 0 0 0 0 0 11 0 0 11 11 11 11 0 0 11 11 11 0 11 0 0 11 0 0 11 0 11 
11 0 0 0 0 11 11 0 0 11 0 0 11 0 0 0 0 0 0 0 0 0 11 0 0 0 0 11 11 0 0 0 0 0 0 11 11 0 11 
11 0 0 0 11 0 0 0 11 0 0 0 0 0 0 0 0 0 0 0 0 0 0 0 0 0 0 0 11 0 11 11 0 0 0 0 11 0 11 
11 0 0 11 0 11 11 0 0 11 0 0 0 0 11 0 0 0 0 0 0 0 0 11 0 0 11 0 0 0 0 0 11 0 11 0 11 11 11 
11 11 11 0 11 11 0 0 0 0 11 11 0 0 11 0 0 11 0 0 0 0 0 0 0 0 11 0 0 0 0 11 0 11 11 0 0 0 11 
11 0 0 0 0 0 0 0 0 0 0 11 11 0 0 0 0 11 0 15 0 0 0 0 0 11 0 0 0 11 11 11 0 0 0 0 0 11 11 
11 0 0 0 0 11 11 0 11 0 0 0 0 0 0 0 0 0 0 0 0 0 0 0 0 0 0 11 0 0 0 0 0 0 0 0 0 0 11 
11 11 0 0 0 0 11 0 0 15 0 11 0 11 11 0 11 0 0 0 0 0 11 0 0 0 0 0 0 0 0 0 0 0 0 0 0 11 11 
11 0 0 0 11 0 0 0 0 11 11 0 0 0 0 0 0 11 0 0 0 11 0 0 0 0 0 0 0 0 11 0 0 0 0 0 0 0 11 
11 0 0 11 0 11 0 0 0 0 0 0 0 0 0 0 0 0 0 0 0 0 0 0 0 0 0 0 0 0 0 11 0 0 0 0 11 0 11 
11 0 0 11 0 0 0 0 0 0 15 0 0 0 0 11 0 0 0 0 0 11 11 0 0 0 0 0 0 11 0 0 0 0 0 0 0 0 11 
11 0 0 11 0 0 11 0 0 0 11 0 0 11 11 0 11 0 0 0 0 0 0 0 0 0 0 0 0 0 0 11 0 0 0 0 0 11 11 
11 0 11 0 0 0 0 0 0 0 11 0 0 0 11 11 11 0 0 0 0 0 11 0 0 0 0 15 0 0 11 0 0 11 0 0 0 0 11 
11 0 0 0 11 0 0 0 0 11 0 0 0 0 0 11 0 0 0 0 0 0 0 0 0 0 0 15 0 0 0 0 0 0 0 0 0 0 11 
11 0 0 0 0 0 0 0 0 0 0 0 0 0 0 0 0 0 11 11 11 0 0 0 11 0 11 11 0 0 0 0 11 0 0 0 0 0 11 
11 11 0 11 0 0 0 0 11 0 0 11 0 0 0 0 0 11 0 0 0 0 0 11 0 0 0 0 15 0 11 0 11 0 0 0 0 0 11 
11 0 0 0 0 0 0 0 11 0 11 0 0 0 0 0 0 11 0 11 0 0 0 0 0 0 0 0 11 0 0 0 0 0 0 0 0 0 11 
11 0 0 0 0 0 11 0 0 0 0 11 0 11 11 11 0 0 0 11 0 0 11 0 11 0 0 11 0 0 0 11 11 0 11 0 11 0 11 
11 0 0 11 0 0 11 0 0 0 11 0 0 0 0 11 0 0 0 0 0 11 11 0 0 0 11 0 0 0 0 0 11 0 0 0 0 0 11 
11 0 0 0 0 0 0 0 0 0 0 0 0 0 0 0 0 0 0 0 0 0 0 0 0 0 0 0 0 11 0 0 0 0 0 0 11 0 11 
11 0 0 0 0 0 0 11 0 0 11 0 0 0 11 0 0 0 11 11 0 0 0 11 0 0 0 0 0 0 0 0 0 0 0 11 0 0 11 
11 0 0 0 0 0 0 0 0 0 0 0 0 0 0 0 0 0 0 0 0 11 0 0 0 11 0 0 11 0 0 0 0 0 11 0 0 0 11 
11 11 0 0 0 0 0 11 0 0 11 0 0 0 0 11 11 0 0 0 0 11 0 0 0 0 0 0 11 0 0 0 0 0 0 11 0 0 11 
11 11 0 0 0 0 0 0 0 0 11 0 0 0 0 11 0 0 0 0 11 0 0 0 0 0 11 0 0 0 0 0 0 0 0 0 0 0 11 
11 11 11 11 11 11 11 11 11 11 11 11 11 11 11 11 11 11 11 11 11 11 11 11 11 11 11 11 11 11 11 11 11 11 11 11 11 11 11 

15802
11 11 11 11 11 11 11 11 11 11 11 11 11 11 11 11 11 11 11 11 11 11 11 11 11 11 11 11 11 11 11 11 11 11 11 11 11 11 11 
11 0 0 0 0 11 0 0 0 0 0 0 0 0 0 0 0 0 0 0 0 11 0 0 0 0 0 11 0 0 0 0 0 11 0 0 11 0 11 
11 0 0 0 0 0 0 0 0 0 0 0 11 0 0 0 0 0 0 0 0 11 0 0 0 0 0 0 11 11 0 0 0 11 11 0 0 0 11 
11 0 0 0 0 0 0 0 0 0 0 0 0 0 0 0 0 0 0 0 0 0 11 0 0 0 11 0 0 0 0 0 11 0 0 11 0 0 11 
11 0 0 0 0 0 0 11 0 0 0 0 0 0 11 0 11 0 0 0 0 0 0 11 0 0 0 0 0 0 0 0 0 0 0 0 0 0 11 
11 11 0 0 0 11 11 0 0 0 11 0 0 0 0 0 0 11 0 0 11 11 11 11 0 0 11 11 11 0 11 0 0 11 0 0 11 0 11 
11 0 0 0 0 11 11 0 0 11 0 0 11 0 0 0 0 0 0 0 0 0 11 0 0 0 0 11 11 0 0 0 0 0 0 11 11 0 11 
11 0 0 0 11 0 0 0 11 0 0 0 0 0 0 0 0 0 0 0 0 0 0 0 0 0 0 0 11 0 11 11 0 0 0 0 11 0 11 
11 0 0 11 0 11 11 0 0 11 0 0 0 0 11 0 0 0 0 0 15 0 0 11 0 0 11 0 0 0 0 0 11 0 11 0 11 11 11 
11 11 11 0 11 11 0 0 0 0 11 11 0 0 11 0 15 11 0 0 0 0 0 0 0 0 11 0 0 0 0 11 0 11 11 0 0 0 11 
11 0 0 0 0 0 0 0 0 0 0 11 11 0 0 0 0 11 0 0 0 0 0 0 0 11 0 0 0 11 11 11 0 0 0 0 0 11 11 
11 0 0 0 0 11 11 0 11 0 0 0 0 0 0 0 0 0 0 0 0 0 0 0 0 0 0 11 0 0 0 0 0 0 0 0 0 0 11 
11 11 0 0 0 0 11 0 0 0 0 11 0 11 11 0 11 0 0 0 0 0 11 0 0 0 0 0 0 0 0 0 0 0 0 0 0 11 11 
11 0 0 0 11 0 0 0 0 11 11 0 0 0 0 0 0 11 0 0 0 11 0 0 0 0 0 0 0 0 11 0 0 0 0 0 0 0 11 
11 0 0 11 0 11 0 0 15 0 0 0 0 0 0 0 0 0 0 0 0 0 0 0 0 0 0 0 0 0 0 11 0 0 0 0 11 0 11 
11 0 0 11 0 0 0 0 0 0 0 0 0 0 0 11 0 0 0 0 0 11 11 0 0 0 15 0 0 11 0 0 0 0 0 0 0 0 11 
11 0 0 11 0 0 11 0 15 0 11 0 0 11 11 0 11 0 0 0 0 0 0 0 0 0 0 0 0 0 0 11 0 0 0 0 0 11 11 
11 0 11 0 0 0 0 0 0 0 11 0 0 0 11 11 11 0 0 0 0 0 11 0 0 0 0 0 0 0 11 0 0 11 0 0 0 0 11 
11 0 0 0 11 0 0 0 0 11 0 0 0 0 0 11 0 0 0 0 0 0 0 0 0 0 0 15 0 0 0 0 0 0 0 0 0 0 11 
11 0 0 0 0 0 0 0 0 0 0 0 0 0 0 0 0 0 11 11 11 0 0 0 11 0 11 11 0 0 0 0 11 0 0 0 0 0 11 
11 11 0 11 0 0 0 0 11 0 0 11 0 0 0 0 0 11 0 0 0 0 0 11 0 0 0 0 0 0 11 0 11 0 0 0 0 0 11 
11 0 0 0 0 0 0 0 11 0 11 0 0 0 0 0 0 11 0 11 0 0 0 0 0 0 0 0 11 15 0 0 0 0 0 0 0 0 11 
11 0 0 0 0 0 11 0 0 0 0 11 0 11 11 11 0 0 0 11 0 0 11 0 11 0 0 11 0 0 0 11 11 0 11 0 11 0 11 
11 0 0 11 0 0 11 0 0 0 11 0 0 0 0 11 0 0 0 0 0 11 11 0 0 0 11 0 0 0 0 0 11 0 0 0 0 0 11 
11 0 0 0 0 0 0 0 0 0 0 0 0 0 0 0 0 0 0 0 0 0 0 0 0 0 0 0 0 11 0 0 0 0 0 0 11 0 11 
11 0 0 0 0 0 0 11 0 0 11 0 0 0 11 0 0 0 11 11 0 0 0 11 0 0 0 0 0 0 0 0 0 0 0 11 0 0 11 
11 0 0 0 0 0 0 0 0 0 0 0 0 0 0 0 0 0 0 0 0 11 0 0 0 11 0 0 11 0 0 0 0 0 11 0 0 0 11 
11 11 0 0 0 0 0 11 0 0 11 0 0 0 0 11 11 0 0 0 0 11 0 0 0 0 0 0 11 0 0 0 0 0 0 11 0 0 11 
11 11 0 0 0 0 0 0 0 0 11 0 0 0 0 11 0 0 0 0 11 0 0 0 0 0 11 0 0 0 0 0 0 0 0 0 0 0 11 
11 11 11 11 11 11 11 11 11 11 11 11 11 11 11 11 11 11 11 11 11 11 11 11 11 11 11 11 11 11 11 11 11 11 11 11 11 11 11 

15802
11 11 11 11 11 11 11 11 11 11 11 11 11 11 11 11 11 11 11 11 11 11 11 11 11 11 11 11 11 11 11 11 11 11 11 11 11 11 11 
11 0 0 0 0 11 0 0 0 0 0 0 0 0 0 0 0 0 0 0 0 11 0 0 0 0 0 11 0 0 0 0 0 11 0 0 11 0 11 
11 0 0 0 0 0 0 0 0 0 0 0 11 0 0 0 0 0 0 0 0 11 0 0 0 0 0 0 11 11 0 0 0 11 11 0 0 0 11 
11 0 0 0 0 0 0 0 0 0 0 0 0 0 0 0 0 0 0 0 0 0 11 0 0 0 11 0 0 0 0 0 11 0 0 11 0 0 11 
11 0 0 0 0 0 0 11 0 0 0 0 0 0 11 0 11 0 0 0 0 0 0 11 0 0 0 0 0 0 0 0 0 0 0 0 0 0 11 
11 11 0 0 0 11 11 0 0 0 11 0 0 0 0 0 0 11 0 0 11 11 11 11 0 0 11 11 11 0 11 0 0 11 0 0 11 0 11 
11 0 0 0 0 11 11 0 0 11 0 0 11 0 0 0 0 0 0 0 0 0 11 0 0 0 0 11 11 0 0 0 0 0 0 11 11 0 11 
11 0 0 0 11 0 0 0 11 0 0 0 0 0 0 0 0 0 0 0 0 0 0 0 0 0 0 0 11 0 11 11 0 0 0 0 11 0 11 
11 0 0 11 0 11 11 0 0 11 0 0 0 0 11 0 0 0 0 0 15 0 0 11 0 0 11 0 0 0 0 0 11 0 11 0 11 11 11 
11 11 11 0 11 11 0 0 0 0 11 11 0 0 11 0 15 11 0 0 0 0 0 0 0 0 11 0 0 0 0 11 0 11 11 0 0 0 11 
11 0 0 0 0 0 0 0 0 0 0 11 11 0 0 0 0 11 0 0 0 0 0 0 0 11 0 0 0 11 11 11 0 0 0 0 0 11 11 
11 0 0 0 0 11 11 0 11 0 0 0 0 0 0 0 0 0 0 0 0 0 0 0 0 0 0 11 0 0 0 0 0 0 0 0 0 0 11 
11 11 0 0 0 0 11 0 0 0 0 11 0 11 11 0 11 0 0 0 0 0 11 0 0 0 0 0 0 0 0 0 0 0 0 0 0 11 11 
11 0 0 0 11 0 0 0 0 11 11 0 0 0 0 0 0 11 0 0 0 11 0 0 0 0 0 0 0 0 11 0 0 0 0 0 0 0 11 
11 0 0 11 0 11 0 0 15 0 0 0 0 0 0 0 0 0 0 0 0 0 0 0 0 0 0 0 0 0 0 11 0 0 0 0 11 0 11 
11 0 0 11 0 0 0 0 0 0 0 0 0 0 0 11 0 0 0 0 0 11 11 0 0 0 15 0 0 11 0 0 0 0 0 0 0 0 11 
11 0 0 11 0 0 11 0 15 0 11 0 0 11 11 0 11 0 0 0 0 0 0 0 0 0 0 0 0 0 0 11 0 0 0 0 0 11 11 
11 0 11 0 0 0 0 0 0 0 11 0 0 0 11 11 11 0 0 0 0 0 11 0 0 0 0 0 0 0 11 0 0 11 0 0 0 0 11 
11 0 0 0 11 0 0 0 0 11 0 0 0 0 0 11 0 0 0 0 0 0 0 0 0 0 0 15 0 0 0 0 0 0 0 0 0 0 11 
11 0 0 0 0 0 0 0 0 0 0 0 0 0 0 0 0 0 11 11 11 0 0 0 11 0 11 11 0 0 0 0 11 0 0 0 0 0 11 
11 11 0 11 0 0 0 0 11 0 0 11 0 0 0 0 0 11 0 0 0 0 0 11 0 0 0 0 0 0 11 0 11 0 0 0 0 0 11 
11 0 0 0 0 0 0 0 11 0 11 0 0 0 0 0 0 11 0 11 0 0 0 0 0 0 0 0 11 15 0 0 0 0 0 0 0 0 11 
11 0 0 0 0 0 11 0 0 0 0 11 0 11 11 11 0 0 0 11 0 0 11 0 11 0 0 11 0 0 0 11 11 0 11 0 11 0 11 
11 0 0 11 0 0 11 0 0 0 11 0 0 0 0 11 0 0 0 0 0 11 11 0 0 0 11 0 0 0 0 0 11 0 0 0 0 0 11 
11 0 0 0 0 0 0 0 0 0 0 0 0 0 0 0 0 0 0 0 0 0 0 0 0 0 0 0 0 11 0 0 0 0 0 0 11 0 11 
11 0 0 0 0 0 0 11 0 0 11 0 0 0 11 0 0 0 11 11 0 0 0 11 0 0 0 0 0 0 0 0 0 0 0 11 0 0 11 
11 0 0 0 0 0 0 0 0 0 0 0 0 0 0 0 0 0 0 0 0 11 0 0 0 11 0 0 11 0 0 0 0 0 11 0 0 0 11 
11 11 0 0 0 0 0 11 0 0 11 0 0 0 0 11 11 0 0 0 0 11 0 0 0 0 0 0 11 0 0 0 0 0 0 11 0 0 11 
11 11 0 0 0 0 0 0 0 0 11 0 0 0 0 11 0 0 0 0 11 0 0 0 0 0 11 0 0 0 0 0 0 0 0 0 0 0 11 
11 11 11 11 11 11 11 11 11 11 11 11 11 11 11 11 11 11 11 11 11 11 11 11 11 11 11 11 11 11 11 11 11 11 11 11 11 11 11 

15802
11 11 11 11 11 11 11 11 11 11 11 11 11 11 11 11 11 11 11 11 11 11 11 11 11 11 11 11 11 11 11 11 11 11 11 11 11 11 11 
11 0 0 0 0 11 0 0 0 0 0 0 0 0 0 0 0 0 0 0 0 11 0 0 0 0 0 11 0 0 0 0 0 11 0 0 11 0 11 
11 0 0 0 0 0 0 0 0 0 0 0 11 0 0 0 0 0 0 0 0 11 0 0 0 0 0 0 11 11 0 0 0 11 11 0 0 0 11 
11 0 0 0 0 0 0 0 0 0 0 0 0 0 0 0 0 0 0 0 0 0 11 0 0 0 11 0 0 0 0 0 11 0 0 11 0 0 11 
11 0 0 0 0 0 0 11 0 0 0 0 0 0 11 0 11 0 0 0 0 0 0 11 0 0 0 0 0 0 0 0 0 0 0 0 0 0 11 
11 11 0 0 0 11 11 0 0 0 11 0 0 0 0 0 0 11 0 0 11 11 11 11 0 0 11 11 11 0 11 0 0 11 0 0 11 0 11 
11 0 0 0 0 11 11 0 0 11 0 0 11 0 0 0 0 0 0 0 0 0 11 0 0 0 0 11 11 0 0 0 0 0 0 11 11 0 11 
11 0 0 0 11 0 0 0 11 0 0 0 0 0 0 0 0 0 0 0 0 0 0 0 0 0 0 0 11 0 11 11 0 0 0 0 11 0 11 
11 0 0 11 0 11 11 0 0 11 0 0 0 0 11 0 0 0 0 0 15 0 0 11 0 0 11 0 0 0 0 0 11 0 11 0 11 11 11 
11 11 11 0 11 11 0 0 0 0 11 11 0 0 11 0 15 11 0 0 0 0 0 0 0 0 11 0 0 0 0 11 0 11 11 0 0 0 11 
11 0 0 0 0 0 0 0 0 0 0 11 11 0 0 0 0 11 0 0 0 0 0 0 0 11 0 0 0 11 11 11 0 0 0 0 0 11 11 
11 0 0 0 0 11 11 0 11 0 0 0 0 0 0 0 0 0 0 0 0 0 0 0 0 0 0 11 0 0 0 0 0 0 0 0 0 0 11 
11 11 0 0 0 0 11 0 0 0 0 11 0 11 11 0 11 0 0 0 0 0 11 0 0 0 0 0 0 0 0 0 0 0 0 0 0 11 11 
11 0 0 0 11 0 0 0 0 11 11 0 0 0 0 0 0 11 0 0 0 11 0 0 0 0 0 0 0 0 11 0 0 0 0 0 0 0 11 
11 0 0 11 0 11 0 0 15 0 0 0 0 0 0 0 0 0 0 0 0 0 0 0 0 0 0 0 0 0 0 11 0 0 0 0 11 0 11 
11 0 0 11 0 0 0 0 0 0 0 0 0 0 0 11 0 0 0 0 0 11 11 0 0 0 15 0 0 11 0 0 0 0 0 0 0 0 11 
11 0 0 11 0 0 11 0 15 0 11 0 0 11 11 0 11 0 0 0 0 0 0 0 0 0 0 0 0 0 0 11 0 0 0 0 0 11 11 
11 0 11 0 0 0 0 0 0 0 11 0 0 0 11 11 11 0 0 0 0 0 11 0 0 0 0 0 0 0 11 0 0 11 0 0 0 0 11 
11 0 0 0 11 0 0 0 0 11 0 0 0 0 0 11 0 0 0 0 0 0 0 0 0 0 0 15 0 0 0 0 0 0 0 0 0 0 11 
11 0 0 0 0 0 0 0 0 0 0 0 0 0 0 0 0 0 11 11 11 0 0 0 11 0 11 11 0 0 0 0 11 0 0 0 0 0 11 
11 11 0 11 0 0 0 0 11 0 0 11 0 0 0 0 0 11 0 0 0 0 0 11 0 0 0 0 0 0 11 0 11 0 0 0 0 0 11 
11 0 0 0 0 0 0 0 11 0 11 0 0 0 0 0 0 11 0 11 0 0 0 0 0 0 0 0 11 15 0 0 0 0 0 0 0 0 11 
11 0 0 0 0 0 11 0 0 0 0 11 0 11 11 11 0 0 0 11 0 0 11 0 11 0 0 11 0 0 0 11 11 0 11 0 11 0 11 
11 0 0 11 0 0 11 0 0 0 11 0 0 0 0 11 0 0 0 0 0 11 11 0 0 0 11 0 0 0 0 0 11 0 0 0 0 0 11 
11 0 0 0 0 0 0 0 0 0 0 0 0 0 0 0 0 0 0 0 0 0 0 0 0 0 0 0 0 11 0 0 0 0 0 0 11 0 11 
11 0 0 0 0 0 0 11 0 0 11 0 0 0 11 0 0 0 11 11 0 0 0 11 0 0 0 0 0 0 0 0 0 0 0 11 0 0 11 
11 0 0 0 0 0 0 0 0 0 0 0 0 0 0 0 0 0 0 0 0 11 0 0 0 11 0 0 11 0 0 0 0 0 11 0 0 0 11 
11 11 0 0 0 0 0 11 0 0 11 0 0 0 0 11 11 0 0 0 0 11 0 0 0 0 0 0 11 0 0 0 0 0 0 11 0 0 11 
11 11 0 0 0 0 0 0 0 0 11 0 0 0 0 11 0 0 0 0 11 0 0 0 0 0 11 0 0 0 0 0 0 0 0 0 0 0 11 
11 11 11 11 11 11 11 11 11 11 11 11 11 11 11 11 11 11 11 11 11 11 11 11 11 11 11 11 11 11 11 11 11 11 11 11 11 11 11 

15787
11 11 11 11 11 11 11 11 11 11 11 11 11 11 11 11 11 11 11 11 11 11 11 11 11 11 11 11 11 11 11 11 11 11 11 11 11 11 11 
11 0 0 0 0 11 0 0 0 0 0 0 0 0 0 0 0 0 0 0 0 11 0 0 0 0 0 11 0 0 0 0 0 11 0 0 11 0 11 
11 0 0 0 0 0 0 0 0 0 0 0 11 0 0 0 0 0 0 0 0 11 0 0 0 0 0 0 11 11 0 0 0 11 11 0 0 0 11 
11 0 0 0 0 0 0 0 0 0 0 0 0 0 0 0 0 0 0 0 0 0 11 0 0 0 11 0 0 0 0 0 11 0 0 11 0 0 11 
11 0 0 0 0 0 0 11 0 0 0 0 0 0 11 0 11 0 0 0 0 0 0 11 0 0 0 0 0 0 0 0 0 0 0 0 0 0 11 
11 11 0 0 0 11 11 0 0 0 11 0 0 0 0 0 0 11 0 0 11 11 11 11 0 0 11 11 11 0 11 0 0 11 0 0 11 0 11 
11 0 0 0 0 11 11 0 0 11 0 0 11 0 0 0 0 0 0 0 0 0 11 0 0 0 0 11 11 0 0 0 0 0 0 11 11 0 11 
11 0 0 0 11 0 0 0 11 0 0 0 0 0 0 0 0 0 0 0 0 0 0 0 0 0 0 0 11 0 11 11 0 0 0 0 11 0 11 
11 0 0 11 0 11 11 0 0 11 0 0 0 0 11 0 0 0 0 0 0 0 0 11 0 0 11 0 0 0 0 0 11 0 11 0 11 11 11 
11 11 11 0 11 11 0 0 0 0 11 11 0 0 11 0 15 11 0 15 0 0 0 0 0 0 11 0 0 0 0 11 0 11 11 0 0 0 11 
11 0 0 0 0 0 0 0 0 0 0 11 11 0 0 0 0 11 0 15 0 0 0 0 0 11 0 0 0 11 11 11 0 0 0 0 0 11 11 
11 0 0 0 0 11 11 0 11 0 0 0 0 0 0 0 0 0 0 0 0 0 0 0 0 0 0 11 0 0 0 0 0 0 0 0 0 0 11 
11 11 0 0 0 0 11 0 0 15 15 11 0 11 11 0 11 0 0 0 0 0 11 0 0 0 0 0 0 0 0 0 0 0 0 0 0 11 11 
11 0 0 0 11 0 0 0 0 11 11 0 0 0 0 0 0 11 0 0 0 11 0 0 0 0 0 0 0 0 11 0 0 0 0 0 0 0 11 
11 0 0 11 0 11 0 0 0 0 0 0 0 0 0 0 0 0 0 0 0 0 0 0 0 0 0 0 0 0 0 11 0 0 0 0 11 0 11 
11 0 0 11 0 0 0 0 0 0 0 0 0 0 0 11 0 0 0 0 0 11 11 0 0 0 0 0 0 11 0 0 0 0 0 0 0 0 11 
11 0 0 11 0 0 11 0 0 0 11 0 0 11 11 0 11 0 0 0 0 0 0 0 0 0 0 0 0 0 0 11 0 0 0 0 0 11 11 
11 0 11 0 0 0 0 0 0 0 11 0 0 0 11 11 11 0 0 0 0 0 11 0 0 0 0 0 0 0 11 0 0 11 0 0 0 0 11 
11 0 0 0 11 0 0 0 0 11 0 0 0 0 0 11 0 0 0 0 0 0 0 0 0 0 0 15 0 0 0 0 0 0 0 0 0 0 11 
11 0 0 0 0 0 0 0 0 0 0 0 0 0 0 0 0 0 11 11 11 0 0 0 11 0 11 11 0 0 0 0 11 0 0 0 0 0 11 
11 11 0 11 0 0 0 0 11 0 0 11 0 0 0 0 0 11 0 0 0 0 0 11 0 0 0 0 15 15 11 0 11 0 0 0 0 0 11 
11 0 0 0 0 0 0 0 11 0 11 0 0 0 0 0 0 11 0 11 0 0 0 0 0 0 0 0 11 0 0 0 0 0 0 0 0 0 11 
11 0 0 0 0 0 11 0 0 0 0 11 0 11 11 11 0 0 0 11 0 0 11 0 11 0 0 11 0 0 0 11 11 0 11 0 11 0 11 
11 0 0 11 0 0 11 0 0 0 11 0 0 0 0 11 0 0 0 0 0 11 11 0 0 0 11 0 0 0 0 0 11 0 0 0 0 0 11 
11 0 0 0 0 0 0 0 0 0 0 0 0 0 0 0 0 0 0 0 0 0 0 0 0 0 0 0 0 11 0 0 0 0 0 0 11 0 11 
11 0 0 0 0 0 0 11 0 0 11 0 0 0 11 0 0 0 11 11 0 0 0 11 0 0 0 0 0 0 0 0 0 0 0 11 0 0 11 
11 0 0 0 0 0 0 0 0 0 0 0 0 0 0 0 0 0 0 0 0 11 0 0 0 11 0 0 11 0 0 0 0 0 11 0 0 0 11 
11 11 0 0 0 0 0 11 0 0 11 0 0 0 0 11 11 0 0 0 0 11 0 0 0 0 0 0 11 0 0 0 0 0 0 11 0 0 11 
11 11 0 0 0 0 0 0 0 0 11 0 0 0 0 11 0 0 0 0 11 0 0 0 0 0 11 0 0 0 0 0 0 0 0 0 0 0 11 
11 11 11 11 11 11 11 11 11 11 11 11 11 11 11 11 11 11 11 11 11 11 11 11 11 11 11 11 11 11 11 11 11 11 11 11 11 11 11 

15789
11 11 11 11 11 11 11 11 11 11 11 11 11 11 11 11 11 11 11 11 11 11 11 11 11 11 11 11 11 11 11 11 11 11 11 11 11 11 11 
11 0 0 0 0 11 0 0 0 0 0 0 0 0 0 0 0 0 0 0 0 11 0 0 0 0 0 11 0 0 0 0 0 11 0 0 11 0 11 
11 0 0 0 0 0 0 0 11 0 0 0 11 0 0 0 0 0 0 0 0 11 0 0 0 0 0 0 11 11 0 0 0 11 11 0 0 0 11 
11 0 0 0 0 0 0 0 0 0 0 0 0 0 0 0 0 0 0 0 0 0 11 0 0 0 11 0 0 0 0 0 11 0 0 11 0 0 11 
11 0 0 0 0 0 0 11 0 0 0 0 0 15 11 0 11 0 0 0 0 0 0 11 0 0 0 0 0 0 0 0 0 0 0 0 0 0 11 
11 11 0 0 0 11 11 0 0 0 11 0 0 0 0 0 0 11 0 0 11 11 11 0 0 11 11 11 11 0 11 0 0 11 0 0 11 0 11 
11 0 0 0 0 11 11 0 0 11 0 0 11 0 0 0 0 0 0 0 0 0 11 0 0 0 0 11 11 0 0 0 0 0 0 11 11 0 11 
11 0 0 0 11 11 0 0 11 0 0 0 0 0 0 0 0 0 0 0 15 0 0 0 0 0 0 0 11 0 11 11 0 0 0 0 11 0 11 
11 0 0 11 0 11 11 0 0 11 0 0 0 11 11 0 0 0 0 0 0 0 0 11 0 0 11 0 0 0 0 0 11 0 11 0 11 11 11 
11 11 11 0 11 0 0 0 0 0 11 11 0 0 11 0 0 11 0 0 0 0 0 0 0 0 11 0 0 0 0 11 0 11 11 0 0 0 11 
11 0 0 0 0 0 0 0 0 0 0 11 11 0 0 0 0 11 0 0 0 0 0 0 0 11 0 0 0 11 11 11 0 0 0 0 0 11 11 
11 0 0 0 0 11 11 0 11 0 0 0 0 0 0 0 0 0 0 0 0 0 0 0 0 0 0 11 0 0 0 0 0 0 0 0 0 0 11 
11 11 0 0 0 0 11 0 0 0 0 11 0 11 11 0 11 0 0 0 0 0 11 11 0 0 0 0 0 0 0 0 0 0 0 0 0 11 11 
11 0 0 0 11 0 0 0 0 11 11 0 0 0 0 0 0 11 0 0 0 11 0 0 0 0 0 0 0 0 11 0 0 0 0 0 0 0 11 
11 0 0 11 0 11 0 0 0 0 0 0 0 0 0 0 0 0 0 0 0 0 0 0 0 0 0 0 0 0 0 0 0 0 0 0 0 0 11 
11 0 0 11 0 0 0 0 0 0 15 0 0 0 0 11 0 0 0 0 0 11 11 0 0 0 0 0 0 11 0 0 0 0 0 0 0 0 11 
11 0 0 11 0 0 11 0 15 0 11 0 0 11 11 0 11 0 0 0 0 0 0 0 0 0 0 0 0 0 0 11 0 0 0 0 0 11 11 
11 0 11 0 0 0 0 0 0 0 11 0 0 0 11 11 11 0 0 0 0 0 11 0 0 0 0 15 0 0 11 0 0 11 0 0 0 11 11 
11 0 0 0 11 0 0 0 0 11 0 0 0 0 0 11 0 0 0 0 0 0 0 0 0 0 0 15 0 0 0 0 0 0 0 0 0 0 11 
11 0 0 0 0 0 0 0 0 0 0 0 0 0 0 0 0 0 11 11 11 0 0 0 11 0 11 11 0 0 0 0 11 0 0 0 0 0 11 
11 11 0 11 0 0 0 0 11 0 0 11 0 0 0 0 0 11 0 0 0 0 0 11 0 0 0 0 0 11 11 0 11 0 0 0 0 0 11 
11 0 0 0 11 0 0 0 11 0 11 0 0 0 0 0 0 11 0 11 0 0 0 0 0 0 0 0 11 0 15 0 0 0 0 0 0 0 11 
11 0 0 0 0 0 11 0 0 0 0 11 0 11 11 11 0 0 0 0 0 0 11 0 0 0 0 11 0 0 0 0 11 0 11 0 11 0 11 
11 0 0 11 0 0 11 0 0 0 11 0 0 0 0 0 0 0 0 0 0 0 11 0 0 0 11 11 0 0 0 0 11 0 0 0 0 0 11 
11 0 0 0 0 0 0 0 0 0 0 0 0 0 0 0 0 0 0 0 0 0 0 0 0 0 0 0 0 11 0 0 0 0 0 0 11 0 11 
11 0 0 0 0 0 0 11 0 0 11 0 0 0 11 0 0 0 11 11 0 0 0 11 0 0 0 0 0 0 0 0 0 0 0 11 0 0 11 
11 0 0 0 0 0 0 0 0 0 0 0 0 0 0 0 0 0 0 0 0 11 0 0 0 11 0 0 11 0 0 0 0 0 11 0 0 0 11 
11 11 0 0 0 0 0 11 0 0 11 0 0 0 0 11 11 0 0 0 0 11 0 0 0 0 0 0 11 0 0 0 0 0 0 11 0 0 11 
11 11 0 0 0 0 0 0 0 0 11 0 0 0 0 11 0 0 0 0 11 0 0 0 0 0 11 0 0 0 0 0 0 0 0 0 0 0 11 
11 11 11 11 11 11 11 11 11 11 11 11 11 11 11 11 11 11 11 11 11 11 11 11 11 11 11 11 11 11 11 11 11 11 11 11 11 11 11 

15749
11 11 11 11 11 11 11 11 11 11 11 11 11 11 11 11 11 11 11 11 11 11 11 11 11 11 11 11 11 11 11 11 11 11 11 11 11 11 11 
11 0 0 0 0 11 0 0 0 0 0 0 0 0 0 0 0 0 0 0 0 11 0 0 0 0 0 11 0 0 0 0 0 11 0 0 11 0 11 
11 0 0 0 0 0 0 0 11 0 0 0 11 0 0 0 0 0 0 0 0 11 0 0 0 0 0 0 11 11 0 0 0 11 11 0 0 0 11 
11 0 0 0 0 0 0 0 0 0 0 0 0 0 0 0 0 0 0 0 0 0 11 0 0 0 11 0 0 0 0 0 11 0 0 11 0 0 11 
11 0 0 0 0 0 0 11 0 0 0 0 0 0 11 0 11 0 0 0 0 0 0 11 0 0 0 0 0 0 0 0 0 0 0 0 0 0 11 
11 11 0 0 0 11 11 0 0 0 11 0 0 0 0 0 0 11 0 0 11 11 11 0 14 11 11 11 11 0 11 0 0 11 0 0 11 0 11 
11 0 0 0 0 11 11 0 0 11 0 0 11 0 0 0 0 0 0 0 0 15 11 0 0 0 0 11 11 0 0 0 0 0 0 11 11 0 11 
11 0 0 0 11 11 0 0 11 0 0 0 0 0 0 0 0 0 0 0 0 0 0 0 0 0 0 0 11 0 11 11 0 0 0 0 11 0 11 
11 0 0 11 0 11 11 0 0 11 0 0 0 11 11 0 0 0 0 0 0 0 0 11 0 0 11 0 0 0 0 0 11 0 11 0 11 11 11 
11 11 11 0 11 0 0 0 0 0 11 11 0 0 11 0 0 11 0 0 0 0 0 0 0 0 11 0 0 0 0 11 0 11 11 0 0 0 11 
11 0 0 0 0 0 0 0 0 0 0 11 11 0 0 0 0 11 0 0 0 0 0 0 0 11 0 0 0 11 11 11 0 0 0 0 0 11 11 
11 0 0 0 0 11 11 0 11 0 0 0 0 0 15 0 0 0 0 0 0 0 0 0 0 0 0 11 0 0 0 0 0 0 0 0 0 0 11 
11 11 0 0 0 0 11 0 0 0 15 11 0 11 11 0 11 0 0 0 0 0 11 11 0 0 0 0 0 0 0 0 0 0 0 0 0 11 11 
11 0 0 0 11 0 0 0 0 11 11 0 0 0 0 0 0 11 0 0 0 11 0 0 0 0 0 0 0 0 11 0 0 0 0 0 0 0 11 
11 0 0 11 0 11 0 0 0 0 0 0 0 0 0 0 0 0 0 0 0 0 0 0 0 0 0 0 0 0 0 0 0 0 0 0 0 0 11 
11 0 0 11 0 0 0 0 0 0 0 0 0 0 0 11 0 0 0 0 0 11 11 0 0 0 0 0 0 11 0 0 0 0 0 0 0 0 11 
11 0 0 11 0 0 11 0 0 0 11 15 0 11 11 0 11 0 0 0 0 0 0 0 0 0 0 15 0 0 0 11 0 0 0 0 0 11 11 
11 0 11 0 0 0 0 0 0 0 11 0 0 0 11 11 11 0 0 0 0 0 11 0 0 0 0 0 0 0 11 0 0 11 0 0 0 11 11 
11 0 0 0 11 0 0 0 0 11 0 0 0 0 0 11 0 0 0 0 0 0 0 0 0 0 0 0 15 0 0 0 0 0 0 0 0 0 11 
11 0 0 0 0 0 0 0 0 0 0 0 0 0 0 0 0 0 11 11 11 0 0 0 11 0 11 11 0 0 0 0 11 0 0 0 0 0 11 
11 11 0 11 0 0 0 0 11 0 0 11 0 0 0 0 0 11 0 0 0 0 0 11 0 0 0 0 0 11 11 0 11 0 0 0 0 0 11 
11 0 0 0 11 0 0 0 11 0 11 0 0 0 0 0 0 11 0 11 0 0 0 0 0 0 0 0 11 0 15 0 0 0 0 0 0 0 11 
11 0 0 0 0 0 11 0 0 0 0 11 0 11 11 11 0 0 0 0 0 0 11 0 0 0 0 11 0 0 0 0 11 0 11 0 11 0 11 
11 0 0 11 0 0 11 0 0 0 11 0 0 0 0 0 0 0 0 0 0 0 11 0 0 0 11 11 0 0 0 0 11 0 0 0 0 0 11 
11 0 0 0 0 0 0 0 0 0 0 0 0 0 0 0 0 0 0 0 0 0 0 0 0 0 0 0 0 11 0 0 0 0 0 0 11 0 11 
11 0 0 0 0 0 0 11 0 0 11 0 0 0 11 0 0 0 11 11 0 0 0 11 0 0 0 0 0 0 0 0 0 0 0 11 0 0 11 
11 0 0 0 0 0 0 0 0 0 0 0 0 0 0 0 0 0 0 0 0 11 0 0 0 11 0 0 11 0 0 0 0 0 11 0 0 0 11 
11 11 0 0 0 0 0 11 0 0 11 0 0 0 0 11 11 0 0 0 0 11 0 0 0 0 0 0 11 0 0 0 0 0 0 11 0 0 11 
11 11 0 0 0 0 0 0 0 0 11 0 0 0 0 11 0 0 0 0 11 0 0 0 0 0 11 0 0 0 0 0 0 0 0 0 0 0 11 
11 11 11 11 11 11 11 11 11 11 11 11 11 11 11 11 11 11 11 11 11 11 11 11 11 11 11 11 11 11 11 11 11 11 11 11 11 11 11 

15749
11 11 11 11 11 11 11 11 11 11 11 11 11 11 11 11 11 11 11 11 11 11 11 11 11 11 11 11 11 11 11 11 11 11 11 11 11 11 11 
11 0 0 0 0 11 0 0 0 0 0 0 0 0 0 0 0 0 0 0 0 11 0 0 0 0 0 11 0 0 0 0 0 11 0 0 11 0 11 
11 0 0 0 0 0 0 0 11 0 0 0 11 0 0 0 0 0 0 0 0 11 0 0 0 0 0 0 11 11 0 0 0 11 11 0 0 0 11 
11 0 0 0 0 0 0 0 0 0 0 0 0 0 0 0 0 0 0 0 0 0 11 0 0 0 11 0 0 0 0 0 11 0 0 11 0 0 11 
11 0 0 0 0 0 0 11 0 0 0 0 0 0 11 0 11 0 0 0 0 0 0 11 0 0 0 0 0 0 0 0 0 0 0 0 0 0 11 
11 11 0 0 0 11 11 0 0 0 11 0 0 0 0 0 0 11 0 0 11 11 11 0 14 11 11 11 11 0 11 0 0 11 0 0 11 0 11 
11 0 0 0 0 11 11 0 0 11 0 0 11 0 0 0 0 0 0 0 0 15 11 0 0 0 0 11 11 0 0 0 0 0 0 11 11 0 11 
11 0 0 0 11 11 0 0 11 0 0 0 0 0 0 0 0 0 0 0 0 0 0 0 0 0 0 0 11 0 11 11 0 0 0 0 11 0 11 
11 0 0 11 0 11 11 0 0 11 0 0 0 11 11 0 0 0 0 0 0 0 0 11 0 0 11 0 0 0 0 0 11 0 11 0 11 11 11 
11 11 11 0 11 0 0 0 0 0 11 11 0 0 11 0 0 11 0 0 0 0 0 0 0 0 11 0 0 0 0 11 0 11 11 0 0 0 11 
11 0 0 0 0 0 0 0 0 0 0 11 11 0 0 0 0 11 0 0 0 0 0 0 0 11 0 0 0 11 11 11 0 0 0 0 0 11 11 
11 0 0 0 0 11 11 0 11 0 0 0 0 0 15 0 0 0 0 0 0 0 0 0 0 0 0 11 0 0 0 0 0 0 0 0 0 0 11 
11 11 0 0 0 0 11 0 0 0 15 11 0 11 11 0 11 0 0 0 0 0 11 11 0 0 0 0 0 0 0 0 0 0 0 0 0 11 11 
11 0 0 0 11 0 0 0 0 11 11 0 0 0 0 0 0 11 0 0 0 11 0 0 0 0 0 0 0 0 11 0 0 0 0 0 0 0 11 
11 0 0 11 0 11 0 0 0 0 0 0 0 0 0 0 0 0 0 0 0 0 0 0 0 0 0 0 0 0 0 0 0 0 0 0 0 0 11 
11 0 0 11 0 0 0 0 0 0 0 0 0 0 0 11 0 0 0 0 0 11 11 0 0 0 0 0 0 11 0 0 0 0 0 0 0 0 11 
11 0 0 11 0 0 11 0 0 0 11 15 0 11 11 0 11 0 0 0 0 0 0 0 0 0 0 15 0 0 0 11 0 0 0 0 0 11 11 
11 0 11 0 0 0 0 0 0 0 11 0 0 0 11 11 11 0 0 0 0 0 11 0 0 0 0 0 0 0 11 0 0 11 0 0 0 11 11 
11 0 0 0 11 0 0 0 0 11 0 0 0 0 0 11 0 0 0 0 0 0 0 0 0 0 0 0 15 0 0 0 0 0 0 0 0 0 11 
11 0 0 0 0 0 0 0 0 0 0 0 0 0 0 0 0 0 11 11 11 0 0 0 11 0 11 11 0 0 0 0 11 0 0 0 0 0 11 
11 11 0 11 0 0 0 0 11 0 0 11 0 0 0 0 0 11 0 0 0 0 0 11 0 0 0 0 0 11 11 0 11 0 0 0 0 0 11 
11 0 0 0 11 0 0 0 11 0 11 0 0 0 0 0 0 11 0 11 0 0 0 0 0 0 0 0 11 0 15 0 0 0 0 0 0 0 11 
11 0 0 0 0 0 11 0 0 0 0 11 0 11 11 11 0 0 0 0 0 0 11 0 0 0 0 11 0 0 0 0 11 0 11 0 11 0 11 
11 0 0 11 0 0 11 0 0 0 11 0 0 0 0 0 0 0 0 0 0 0 11 0 0 0 11 11 0 0 0 0 11 0 0 0 0 0 11 
11 0 0 0 0 0 0 0 0 0 0 0 0 0 0 0 0 0 0 0 0 0 0 0 0 0 0 0 0 11 0 0 0 0 0 0 11 0 11 
11 0 0 0 0 0 0 11 0 0 11 0 0 0 11 0 0 0 11 11 0 0 0 11 0 0 0 0 0 0 0 0 0 0 0 11 0 0 11 
11 0 0 0 0 0 0 0 0 0 0 0 0 0 0 0 0 0 0 0 0 11 0 0 0 11 0 0 11 0 0 0 0 0 11 0 0 0 11 
11 11 0 0 0 0 0 11 0 0 11 0 0 0 0 11 11 0 0 0 0 11 0 0 0 0 0 0 11 0 0 0 0 0 0 11 0 0 11 
11 11 0 0 0 0 0 0 0 0 11 0 0 0 0 11 0 0 0 0 11 0 0 0 0 0 11 0 0 0 0 0 0 0 0 0 0 0 11 
11 11 11 11 11 11 11 11 11 11 11 11 11 11 11 11 11 11 11 11 11 11 11 11 11 11 11 11 11 11 11 11 11 11 11 11 11 11 11 

15749
11 11 11 11 11 11 11 11 11 11 11 11 11 11 11 11 11 11 11 11 11 11 11 11 11 11 11 11 11 11 11 11 11 11 11 11 11 11 11 
11 0 0 0 0 11 0 0 0 0 0 0 0 0 0 0 0 0 0 0 0 11 0 0 0 0 0 11 0 0 0 0 0 11 0 0 11 0 11 
11 0 0 0 0 0 0 0 11 0 0 0 11 0 0 0 0 0 0 0 0 11 0 0 0 0 0 0 11 11 0 0 0 11 11 0 0 0 11 
11 0 0 0 0 0 0 0 0 0 0 0 0 0 0 0 0 0 0 0 0 0 11 0 0 0 11 0 0 0 0 0 11 0 0 11 0 0 11 
11 0 0 0 0 0 0 11 0 0 0 0 0 0 11 0 11 0 0 0 0 0 0 11 0 0 0 0 0 0 0 0 0 0 0 0 0 0 11 
11 11 0 0 0 11 11 0 0 0 11 0 0 0 0 0 0 11 0 0 11 11 11 0 14 11 11 11 11 0 11 0 0 11 0 0 11 0 11 
11 0 0 0 0 11 11 0 0 11 0 0 11 0 0 0 0 0 0 0 0 15 11 0 0 0 0 11 11 0 0 0 0 0 0 11 11 0 11 
11 0 0 0 11 11 0 0 11 0 0 0 0 0 0 0 0 0 0 0 0 0 0 0 0 0 0 0 11 0 11 11 0 0 0 0 11 0 11 
11 0 0 11 0 11 11 0 0 11 0 0 0 11 11 0 0 0 0 0 0 0 0 11 0 0 11 0 0 0 0 0 11 0 11 0 11 11 11 
11 11 11 0 11 0 0 0 0 0 11 11 0 0 11 0 0 11 0 0 0 0 0 0 0 0 11 0 0 0 0 11 0 11 11 0 0 0 11 
11 0 0 0 0 0 0 0 0 0 0 11 11 0 0 0 0 11 0 0 0 0 0 0 0 11 0 0 0 11 11 11 0 0 0 0 0 11 11 
11 0 0 0 0 11 11 0 11 0 0 0 0 0 15 0 0 0 0 0 0 0 0 0 0 0 0 11 0 0 0 0 0 0 0 0 0 0 11 
11 11 0 0 0 0 11 0 0 0 15 11 0 11 11 0 11 0 0 0 0 0 11 11 0 0 0 0 0 0 0 0 0 0 0 0 0 11 11 
11 0 0 0 11 0 0 0 0 11 11 0 0 0 0 0 0 11 0 0 0 11 0 0 0 0 0 0 0 0 11 0 0 0 0 0 0 0 11 
11 0 0 11 0 11 0 0 0 0 0 0 0 0 0 0 0 0 0 0 0 0 0 0 0 0 0 0 0 0 0 0 0 0 0 0 0 0 11 
11 0 0 11 0 0 0 0 0 0 0 0 0 0 0 11 0 0 0 0 0 11 11 0 0 0 0 0 0 11 0 0 0 0 0 0 0 0 11 
11 0 0 11 0 0 11 0 0 0 11 15 0 11 11 0 11 0 0 0 0 0 0 0 0 0 0 15 0 0 0 11 0 0 0 0 0 11 11 
11 0 11 0 0 0 0 0 0 0 11 0 0 0 11 11 11 0 0 0 0 0 11 0 0 0 0 0 0 0 11 0 0 11 0 0 0 11 11 
11 0 0 0 11 0 0 0 0 11 0 0 0 0 0 11 0 0 0 0 0 0 0 0 0 0 0 0 15 0 0 0 0 0 0 0 0 0 11 
11 0 0 0 0 0 0 0 0 0 0 0 0 0 0 0 0 0 11 11 11 0 0 0 11 0 11 11 0 0 0 0 11 0 0 0 0 0 11 
11 11 0 11 0 0 0 0 11 0 0 11 0 0 0 0 0 11 0 0 0 0 0 11 0 0 0 0 0 11 11 0 11 0 0 0 0 0 11 
11 0 0 0 11 0 0 0 11 0 11 0 0 0 0 0 0 11 0 11 0 0 0 0 0 0 0 0 11 0 15 0 0 0 0 0 0 0 11 
11 0 0 0 0 0 11 0 0 0 0 11 0 11 11 11 0 0 0 0 0 0 11 0 0 0 0 11 0 0 0 0 11 0 11 0 11 0 11 
11 0 0 11 0 0 11 0 0 0 11 0 0 0 0 0 0 0 0 0 0 0 11 0 0 0 11 11 0 0 0 0 11 0 0 0 0 0 11 
11 0 0 0 0 0 0 0 0 0 0 0 0 0 0 0 0 0 0 0 0 0 0 0 0 0 0 0 0 11 0 0 0 0 0 0 11 0 11 
11 0 0 0 0 0 0 11 0 0 11 0 0 0 11 0 0 0 11 11 0 0 0 11 0 0 0 0 0 0 0 0 0 0 0 11 0 0 11 
11 0 0 0 0 0 0 0 0 0 0 0 0 0 0 0 0 0 0 0 0 11 0 0 0 11 0 0 11 0 0 0 0 0 11 0 0 0 11 
11 11 0 0 0 0 0 11 0 0 11 0 0 0 0 11 11 0 0 0 0 11 0 0 0 0 0 0 11 0 0 0 0 0 0 11 0 0 11 
11 11 0 0 0 0 0 0 0 0 11 0 0 0 0 11 0 0 0 0 11 0 0 0 0 0 11 0 0 0 0 0 0 0 0 0 0 0 11 
11 11 11 11 11 11 11 11 11 11 11 11 11 11 11 11 11 11 11 11 11 11 11 11 11 11 11 11 11 11 11 11 11 11 11 11 11 11 11 

15732
11 11 11 11 11 11 11 11 11 11 11 11 11 11 11 11 11 11 11 11 11 11 11 11 11 11 11 11 11 11 11 11 11 11 11 11 11 11 11 
11 0 0 0 0 11 0 0 0 0 0 0 0 0 0 0 0 0 0 0 0 11 0 0 0 0 0 11 0 0 0 0 0 11 0 0 11 0 11 
11 0 0 0 0 0 0 0 11 0 0 0 11 0 0 0 0 0 0 0 0 11 0 0 0 0 0 0 11 11 0 0 0 11 11 0 0 0 11 
11 0 0 0 0 0 0 0 0 0 0 0 0 0 0 0 0 0 0 0 0 0 11 0 0 0 11 0 0 0 0 0 11 0 0 11 0 0 11 
11 0 0 0 0 0 0 11 0 0 0 0 0 0 11 0 11 0 0 0 0 0 0 11 0 0 0 0 0 0 0 0 0 0 0 0 0 0 11 
11 11 0 0 0 11 11 0 0 0 11 0 0 0 15 0 0 11 0 0 11 11 11 0 0 11 11 11 11 0 11 0 0 11 0 0 11 0 11 
11 0 0 0 0 11 11 0 0 11 0 0 11 0 0 0 0 0 0 0 0 0 11 0 0 0 0 11 11 0 0 0 0 0 0 11 11 0 11 
11 0 0 0 11 11 0 0 11 0 0 0 0 0 0 0 0 0 0 0 0 0 0 0 0 0 0 0 11 0 11 11 0 0 0 0 11 0 11 
11 0 0 11 0 11 11 0 0 11 0 0 0 11 11 0 0 0 0 0 15 0 0 11 0 0 11 0 0 0 0 0 11 0 11 0 11 11 11 
11 11 11 0 11 0 0 0 0 0 11 11 0 0 11 0 0 11 0 0 0 0 0 0 0 0 11 0 0 0 0 11 0 11 11 0 0 0 11 
11 0 0 0 0 0 0 0 0 0 0 11 11 0 0 0 0 11 0 0 0 0 0 0 0 11 0 0 0 11 11 11 0 0 0 0 0 11 11 
11 0 0 0 0 11 11 0 11 0 0 0 0 0 0 0 0 0 0 0 0 0 0 0 0 0 0 11 0 0 0 0 0 0 0 0 0 0 11 
11 11 0 0 0 0 11 0 0 0 0 11 0 11 11 0 11 0 0 0 0 0 11 11 0 0 0 0 0 0 0 0 0 0 0 0 0 11 11 
11 0 0 0 11 0 0 0 0 11 11 0 0 0 0 0 0 11 0 0 0 11 0 0 0 0 0 0 0 0 11 0 0 0 0 0 0 0 11 
11 0 0 11 0 11 0 0 0 0 0 0 0 0 0 0 0 0 0 0 0 0 0 0 0 0 0 0 0 0 0 0 0 0 0 0 0 0 11 
11 0 0 11 0 0 14 0 0 15 0 0 0 0 0 11 0 0 0 0 0 11 11 0 0 0 0 0 0 11 0 0 0 0 0 0 0 0 11 
11 0 0 11 0 0 11 0 0 0 11 0 0 11 11 0 11 0 0 0 0 0 0 0 0 0 0 15 0 0 0 11 0 0 0 0 0 11 11 
11 0 11 0 0 11 0 0 0 0 11 0 0 0 11 11 11 0 0 0 0 0 11 0 0 0 0 15 0 0 11 0 0 11 0 0 0 11 11 
11 0 0 0 11 0 0 0 0 11 0 0 0 0 0 11 0 0 0 0 0 0 0 0 0 0 0 0 0 0 0 0 0 0 0 0 0 0 11 
11 0 0 0 0 0 0 0 0 0 0 0 0 0 0 0 0 0 11 11 11 0 0 0 11 0 11 11 0 0 0 0 11 0 0 0 0 0 11 
11 11 0 11 0 0 0 0 11 0 0 11 0 0 0 0 0 11 0 0 0 0 0 11 0 0 0 0 0 11 11 0 11 0 0 0 0 0 11 
11 0 0 0 11 0 0 0 11 0 11 0 0 0 0 0 0 11 0 11 0 0 0 0 0 0 0 15 11 0 0 0 0 0 0 0 0 0 11 
11 0 0 0 0 0 11 0 0 0 0 11 0 11 11 11 0 0 0 0 0 0 11 0 0 0 0 11 0 0 0 0 11 0 11 0 11 0 11 
11 0 0 11 0 0 11 0 0 0 11 0 0 0 0 0 0 0 0 0 0 0 11 0 0 0 11 11 0 0 0 0 11 0 0 0 0 0 11 
11 0 0 0 0 0 0 0 0 0 0 0 0 0 0 0 0 0 0 0 0 0 0 0 0 0 0 0 0 11 0 0 0 0 0 0 11 0 11 
11 0 0 0 0 0 0 11 0 0 11 0 0 0 11 0 0 0 11 11 0 0 0 11 0 0 0 0 0 0 0 0 0 0 0 11 0 0 11 
11 0 0 0 0 0 0 0 0 0 0 0 0 0 0 0 0 0 0 0 0 11 0 0 0 11 0 0 11 0 0 0 0 0 11 0 0 0 11 
11 11 0 0 0 0 0 11 0 0 11 0 0 0 0 11 11 0 0 0 0 11 0 0 0 0 0 0 11 0 0 0 0 0 0 11 0 0 11 
11 11 0 0 0 0 0 0 0 0 11 0 0 0 0 11 0 0 0 0 11 0 0 0 0 0 11 0 0 0 0 0 0 0 0 0 0 0 11 
11 11 11 11 11 11 11 11 11 11 11 11 11 11 11 11 11 11 11 11 11 11 11 11 11 11 11 11 11 11 11 11 11 11 11 11 11 11 11 

15781
11 11 11 11 11 11 11 11 11 11 11 11 11 11 11 11 11 11 11 11 11 11 11 11 11 11 11 11 11 11 11 11 11 11 11 11 11 11 11 
11 0 0 0 0 11 0 0 0 0 0 0 0 0 0 0 0 0 0 0 0 11 0 0 0 0 0 11 0 11 0 0 0 11 0 0 11 0 11 
11 0 0 0 0 0 0 0 11 0 0 0 11 0 0 0 0 0 0 0 0 11 0 0 0 0 0 0 11 11 0 0 0 11 11 0 0 0 11 
11 0 0 0 0 0 0 0 0 0 0 0 0 0 0 0 0 0 0 0 0 0 11 0 0 0 11 0 0 0 0 0 11 0 0 11 0 0 11 
11 0 0 0 0 0 0 11 0 0 0 0 0 15 11 0 11 0 0 0 0 0 0 11 0 0 0 0 0 0 0 0 0 0 0 0 0 0 11 
11 11 0 0 0 11 11 0 0 0 11 0 0 0 0 0 0 11 0 0 11 11 11 0 0 11 11 11 11 0 11 0 0 11 0 0 11 0 11 
11 0 0 0 0 11 11 0 0 11 0 0 11 0 0 0 0 0 0 0 0 0 11 0 0 0 0 11 11 0 0 0 0 0 0 11 11 0 11 
11 0 0 0 11 0 0 0 11 0 0 0 0 0 0 0 0 0 0 0 15 0 0 0 0 0 0 0 11 0 11 11 0 0 0 0 11 0 11 
11 0 0 11 0 11 11 0 0 11 0 0 0 11 11 0 0 0 0 0 0 0 0 11 0 0 11 0 0 0 0 0 11 0 11 0 11 11 11 
11 11 11 0 11 11 0 0 0 0 11 11 0 0 11 0 0 11 0 0 0 0 0 0 0 0 11 0 0 0 0 11 0 11 11 0 0 0 11 
11 0 0 0 0 0 0 0 0 0 0 11 11 0 0 0 0 11 0 0 0 0 0 0 0 11 0 0 0 11 11 11 0 0 0 0 0 11 11 
11 0 0 0 0 11 11 0 11 0 0 0 0 0 0 0 0 0 0 0 0 0 0 0 0 0 0 11 0 0 0 0 0 0 0 0 0 0 11 
11 11 0 0 0 0 0 0 0 0 15 11 0 11 11 0 11 0 0 0 0 0 11 11 0 0 0 0 0 0 0 0 11 0 0 0 0 11 11 
11 0 0 0 11 0 0 0 0 11 11 0 0 0 0 0 0 11 0 0 0 11 0 0 0 0 0 0 0 0 11 0 0 0 0 0 0 0 11 
11 0 0 11 0 11 0 0 0 0 0 0 0 0 0 0 0 0 0 0 0 0 0 0 0 0 0 0 0 0 0 0 0 0 0 0 0 0 11 
11 0 0 11 0 0 0 0 0 15 0 0 0 0 0 11 0 0 0 0 0 11 11 0 15 0 0 0 0 11 0 0 0 0 0 0 0 0 11 
11 0 0 11 0 0 11 0 0 0 11 0 0 11 11 0 11 0 0 0 0 0 0 0 0 0 0 0 0 0 0 11 0 0 0 0 0 11 11 
11 0 11 0 0 0 0 0 0 0 11 0 0 0 11 11 11 0 0 0 0 0 11 0 0 0 0 0 0 0 11 0 0 11 0 0 0 11 11 
11 0 0 0 11 0 0 0 0 11 0 0 0 0 0 11 0 0 0 0 0 0 0 11 0 11 0 0 0 0 0 0 0 0 0 0 0 0 11 
11 0 0 0 0 0 0 0 0 0 0 0 0 0 0 0 0 0 11 11 11 0 0 0 11 0 11 11 0 0 0 0 11 0 0 0 0 0 11 
11 11 0 11 0 0 0 0 11 0 0 11 0 0 0 0 0 0 0 0 0 0 0 0 0 0 0 0 0 0 11 0 11 0 0 0 0 0 11 
11 0 0 0 11 0 0 0 11 0 11 0 0 0 0 0 0 11 0 11 0 0 0 0 0 0 0 0 11 15 0 15 0 0 0 0 0 0 11 
11 0 0 0 0 0 11 0 0 0 0 11 0 11 11 11 0 0 0 0 0 0 11 0 11 0 0 11 0 0 0 11 11 0 11 0 11 0 11 
11 0 0 11 0 0 11 0 0 0 11 0 0 0 0 0 0 0 0 0 0 11 0 0 0 0 11 0 0 0 0 0 11 0 0 0 0 0 11 
11 0 0 0 0 0 0 0 0 0 0 0 0 0 0 0 0 0 0 0 0 0 0 0 0 0 0 0 0 11 0 0 0 0 0 0 11 0 11 
11 0 0 0 0 0 0 11 0 0 11 0 0 0 11 0 0 0 0 11 0 11 0 11 0 0 0 0 0 0 0 0 0 0 0 0 0 0 11 
11 0 0 0 0 0 0 0 0 0 0 0 0 0 0 0 0 0 0 0 0 11 0 0 0 11 0 0 11 0 0 0 0 0 11 0 0 0 11 
11 11 0 0 0 0 0 11 0 0 11 0 0 0 0 11 11 0 0 0 0 11 0 0 0 0 0 0 11 0 0 0 0 0 0 11 0 0 11 
11 11 0 0 0 0 0 0 0 0 11 0 0 0 0 11 0 0 0 0 11 0 0 0 0 0 11 0 0 0 0 0 0 0 0 0 0 0 11 
11 11 11 11 11 11 11 11 11 11 11 11 11 11 11 11 11 11 11 11 11 11 11 11 11 11 11 11 11 11 11 11 11 11 11 11 11 11 11 

15775
11 11 11 11 11 11 11 11 11 11 11 11 11 11 11 11 11 11 11 11 11 11 11 11 11 11 11 11 11 11 11 11 11 11 11 11 11 11 11 
11 0 0 0 0 11 0 0 0 0 0 0 0 0 0 0 0 0 0 0 0 11 0 0 0 0 0 11 0 11 0 0 0 11 0 0 11 0 11 
11 0 0 0 0 0 0 0 11 0 0 0 11 0 0 0 0 0 0 0 0 11 0 0 0 0 0 0 11 11 0 0 0 11 11 0 0 0 11 
11 0 0 0 0 0 0 0 0 0 0 0 0 0 0 0 0 0 0 0 0 0 11 0 0 0 11 0 0 0 0 0 11 0 0 11 0 0 11 
11 0 0 0 0 0 0 11 0 0 0 0 0 0 11 0 11 0 0 0 0 0 0 11 0 0 0 0 0 0 0 0 0 0 0 0 0 0 11 
11 11 0 0 0 11 11 0 0 0 11 0 0 0 15 0 0 11 0 0 11 11 11 0 0 11 11 11 11 0 11 0 0 11 0 0 11 0 11 
11 0 0 0 0 11 11 0 0 11 0 0 11 0 0 0 0 0 0 0 0 0 11 0 0 0 0 11 11 0 0 0 0 0 0 11 11 0 11 
11 0 0 0 11 0 0 0 11 0 0 0 0 0 0 0 0 0 0 0 0 0 0 0 0 0 0 0 11 0 11 11 0 0 0 0 11 0 11 
11 0 0 11 0 11 11 0 0 11 0 0 0 11 11 0 0 0 0 0 0 0 0 11 0 0 11 0 0 0 0 0 11 0 11 0 11 11 11 
11 11 11 0 11 11 0 0 0 0 11 11 0 0 11 0 0 11 0 15 0 0 0 0 0 0 11 0 0 0 0 11 0 11 11 0 0 0 11 
11 0 0 0 0 0 0 0 0 0 0 11 11 0 0 0 0 11 0 0 0 15 0 0 0 11 0 0 0 11 11 11 0 0 0 0 0 11 11 
11 0 0 0 0 11 11 0 11 0 0 0 0 0 0 0 0 0 0 0 0 0 0 0 0 0 0 11 0 0 0 0 0 0 0 0 0 0 11 
11 11 0 0 0 0 0 0 0 0 15 11 0 11 11 0 11 0 0 0 0 0 11 11 0 0 0 0 0 0 0 0 11 0 0 0 0 11 11 
11 0 0 0 11 0 0 0 0 11 11 0 0 0 0 0 0 11 0 0 0 11 0 0 0 0 0 0 0 0 11 0 0 0 0 0 0 0 11 
11 0 0 11 0 11 0 0 0 0 0 0 0 0 0 0 0 0 0 0 0 0 0 0 0 0 0 0 0 0 0 0 0 0 0 0 0 0 11 
11 0 0 11 0 15 0 0 0 0 0 0 0 0 0 11 0 0 0 0 0 11 11 0 0 0 0 0 0 11 0 0 0 0 0 0 0 0 11 
11 0 0 11 0 0 11 0 0 0 11 0 0 11 11 0 11 0 0 0 0 0 0 0 0 0 0 0 0 0 0 11 0 0 0 0 0 11 11 
11 0 11 0 0 0 0 0 0 0 11 0 0 0 11 11 11 0 0 0 0 0 11 0 0 0 0 0 15 0 11 0 0 11 0 0 0 11 11 
11 0 0 0 11 0 0 0 0 11 0 0 0 0 0 11 0 0 0 0 0 0 0 11 0 11 0 0 0 0 0 0 0 0 0 0 0 0 11 
11 0 0 0 0 0 0 0 0 0 0 0 0 0 0 0 0 0 11 11 11 0 0 0 11 0 11 11 0 0 0 0 11 0 0 0 0 0 11 
11 11 0 11 0 0 0 0 11 0 0 11 0 0 0 0 0 0 0 0 0 0 0 0 0 0 0 0 15 0 11 0 11 0 0 0 0 0 11 
11 0 0 0 11 0 0 0 11 0 11 0 0 0 0 0 0 11 0 11 0 0 0 0 0 0 0 0 11 15 0 0 0 0 0 0 0 0 11 
11 0 0 0 0 0 11 0 0 0 0 11 0 11 11 11 0 0 0 0 0 0 11 0 11 0 0 11 0 0 0 11 11 0 11 0 11 0 11 
11 0 0 11 0 0 11 0 0 0 11 0 0 0 0 0 0 0 0 0 0 11 0 0 0 0 11 0 0 0 0 0 11 0 0 0 0 0 11 
11 0 0 0 0 0 0 0 0 0 0 0 0 0 0 0 0 0 0 0 0 0 0 0 0 0 0 0 0 11 0 0 0 0 0 0 11 0 11 
11 0 0 0 0 0 0 11 0 0 11 0 0 0 11 0 0 0 0 11 0 11 0 11 0 0 0 0 0 0 0 0 0 0 0 0 0 0 11 
11 0 0 0 0 0 0 0 0 0 0 0 0 0 0 0 0 0 0 0 0 11 0 0 0 11 0 0 11 0 0 0 0 0 11 0 0 0 11 
11 11 0 0 0 0 0 11 0 0 11 0 0 0 0 11 11 0 0 0 0 11 0 0 0 0 0 0 11 0 0 0 0 0 0 11 0 0 11 
11 11 0 0 0 0 0 0 0 0 11 0 0 0 0 11 0 0 0 0 11 0 0 0 0 0 11 0 0 0 0 0 0 0 0 0 0 0 11 
11 11 11 11 11 11 11 11 11 11 11 11 11 11 11 11 11 11 11 11 11 11 11 11 11 11 11 11 11 11 11 11 11 11 11 11 11 11 11 

15696
11 11 11 11 11 11 11 11 11 11 11 11 11 11 11 11 11 11 11 11 11 11 11 11 11 11 11 11 11 11 11 11 11 11 11 11 11 11 11 
11 0 0 0 0 11 0 0 0 0 0 0 0 0 0 0 0 0 0 0 0 11 0 0 0 0 0 11 0 11 0 0 0 11 0 0 11 0 11 
11 0 0 0 0 0 0 0 11 0 0 0 11 0 0 0 0 0 0 0 0 11 0 0 0 0 0 0 11 11 0 0 0 11 11 0 0 0 11 
11 0 0 0 0 0 0 0 0 0 0 0 0 0 0 0 0 0 0 0 0 0 11 0 0 0 11 0 0 0 0 0 11 0 0 11 0 0 11 
11 0 0 0 0 0 0 11 0 0 0 0 0 0 11 0 11 0 0 0 0 0 0 11 0 0 0 0 0 0 0 0 0 0 0 0 0 0 11 
11 11 0 0 0 11 11 0 0 0 11 0 0 0 0 0 0 11 0 0 11 11 11 0 0 11 11 11 11 0 11 0 0 11 0 0 11 0 11 
11 0 0 0 0 11 11 0 0 11 0 0 11 0 0 0 0 0 0 0 0 0 11 0 0 0 0 11 11 0 0 0 0 0 0 11 11 0 11 
11 0 0 0 11 0 0 0 11 0 0 0 0 0 0 0 0 0 0 0 15 0 0 0 0 0 0 0 11 0 11 11 0 0 0 0 11 0 11 
11 0 0 11 0 11 11 0 0 11 0 0 0 11 11 0 0 0 0 0 15 0 0 11 0 0 11 0 0 0 0 0 11 0 11 0 11 11 11 
11 11 11 0 11 11 0 0 0 0 11 11 0 0 11 0 0 11 0 0 0 0 0 0 0 0 11 0 0 0 0 11 0 11 11 0 0 0 11 
11 0 0 0 0 0 0 0 0 0 0 11 11 0 0 0 0 11 0 0 0 0 0 0 0 11 0 0 0 11 11 11 0 0 0 0 0 11 11 
11 0 0 0 0 11 11 0 11 0 0 0 0 0 0 0 0 0 0 0 0 0 0 0 0 0 0 11 0 0 0 0 0 0 0 0 0 0 11 
11 11 0 0 0 0 11 0 0 0 0 11 0 11 11 0 11 0 0 0 0 0 11 11 0 0 0 0 0 0 0 0 11 0 0 0 0 11 11 
11 0 0 0 11 0 0 0 0 11 11 0 0 0 0 0 0 11 0 0 0 11 0 0 0 0 0 0 0 0 11 0 0 0 0 0 0 0 11 
11 0 0 11 0 11 0 0 0 13 13 0 0 0 0 0 0 0 0 0 0 0 0 0 0 0 0 0 0 0 0 0 0 0 0 0 0 0 11 
11 0 0 11 0 0 0 0 0 15 0 0 0 0 0 11 0 0 0 0 0 11 11 0 0 0 0 0 0 11 0 0 11 0 0 0 0 0 11 
11 0 0 11 0 0 11 0 0 0 11 0 0 11 11 0 11 0 0 0 0 0 0 0 0 0 0 15 0 0 0 11 0 0 0 0 0 11 11 
11 0 11 0 0 0 0 0 0 0 11 0 0 0 11 11 11 0 0 0 0 0 11 0 0 0 0 0 0 0 11 0 0 11 0 0 0 11 11 
11 0 0 0 11 0 0 0 0 11 0 0 0 0 0 11 0 0 0 0 0 0 0 11 0 11 0 0 0 0 0 0 0 0 0 0 0 0 11 
11 0 0 0 0 0 0 0 0 0 0 0 0 0 0 0 15 0 11 11 11 0 0 0 11 0 11 11 0 0 0 0 11 0 0 0 0 0 11 
11 11 0 11 0 0 0 0 11 0 0 11 0 0 0 0 0 0 0 0 0 0 0 0 0 0 0 0 0 0 11 0 11 0 0 0 0 0 11 
11 0 0 0 11 0 0 0 11 0 11 0 0 0 0 0 0 11 0 11 0 0 0 0 0 0 0 15 11 0 0 0 0 0 0 0 0 0 11 
11 0 0 0 0 0 11 0 0 0 0 11 0 11 11 11 0 0 0 0 0 0 11 0 11 0 0 11 0 0 0 11 11 0 11 0 11 0 11 
11 0 0 11 0 0 11 0 0 0 11 0 0 0 0 0 0 0 0 0 0 11 0 0 0 0 11 0 0 0 0 0 11 0 0 0 0 0 11 
11 0 0 0 0 0 0 0 0 0 0 0 0 0 0 0 0 0 0 0 0 0 0 0 0 0 0 0 0 11 0 0 0 0 0 0 11 0 11 
11 0 0 0 0 0 0 11 0 0 11 0 0 0 11 0 0 0 0 11 0 11 0 11 0 0 0 0 0 0 0 11 0 0 0 0 0 0 11 
11 0 0 0 0 0 0 0 0 0 0 0 0 0 0 0 0 0 0 0 0 11 0 0 0 11 0 0 11 0 0 0 0 0 11 0 0 0 11 
11 11 0 0 0 0 0 11 0 0 11 0 0 0 0 11 11 0 0 0 0 11 0 0 0 0 0 0 11 0 0 0 0 0 0 11 0 0 11 
11 11 0 0 0 0 0 0 0 0 11 0 0 0 0 11 0 0 0 0 11 0 0 0 0 0 11 0 0 0 0 0 0 0 0 0 0 0 11 
11 11 11 11 11 11 11 11 11 11 11 11 11 11 11 11 11 11 11 11 11 11 11 11 11 11 11 11 11 11 11 11 11 11 11 11 11 11 11 

15696
11 11 11 11 11 11 11 11 11 11 11 11 11 11 11 11 11 11 11 11 11 11 11 11 11 11 11 11 11 11 11 11 11 11 11 11 11 11 11 
11 0 0 0 0 11 0 0 0 0 0 0 0 0 0 0 0 0 0 0 0 11 0 0 0 0 0 11 0 11 0 0 0 11 0 0 11 0 11 
11 0 0 0 0 0 0 0 11 0 0 0 11 0 0 0 0 0 0 0 0 11 0 0 0 0 0 0 11 11 0 0 0 11 11 0 0 0 11 
11 0 0 0 0 0 0 0 0 0 0 0 0 0 0 0 0 0 0 0 0 0 11 0 0 0 11 0 0 0 0 0 11 0 0 11 0 0 11 
11 0 0 0 0 0 0 11 0 0 0 0 0 0 11 0 11 0 0 0 0 0 0 11 0 0 0 0 0 0 0 0 0 0 0 0 0 0 11 
11 11 0 0 0 11 11 0 0 0 11 0 0 0 0 0 0 11 0 0 11 11 11 0 0 11 11 11 11 0 11 0 0 11 0 0 11 0 11 
11 0 0 0 0 11 11 0 0 11 0 0 11 0 0 0 0 0 0 0 0 0 11 0 0 0 0 11 11 0 0 0 0 0 0 11 11 0 11 
11 0 0 0 11 0 0 0 11 0 0 0 0 0 0 0 0 0 0 0 15 0 0 0 0 0 0 0 11 0 11 11 0 0 0 0 11 0 11 
11 0 0 11 0 11 11 0 0 11 0 0 0 11 11 0 0 0 0 0 15 0 0 11 0 0 11 0 0 0 0 0 11 0 11 0 11 11 11 
11 11 11 0 11 11 0 0 0 0 11 11 0 0 11 0 0 11 0 0 0 0 0 0 0 0 11 0 0 0 0 11 0 11 11 0 0 0 11 
11 0 0 0 0 0 0 0 0 0 0 11 11 0 0 0 0 11 0 0 0 0 0 0 0 11 0 0 0 11 11 11 0 0 0 0 0 11 11 
11 0 0 0 0 11 11 0 11 0 0 0 0 0 0 0 0 0 0 0 0 0 0 0 0 0 0 11 0 0 0 0 0 0 0 0 0 0 11 
11 11 0 0 0 0 11 0 0 0 0 11 0 11 11 0 11 0 0 0 0 0 11 11 0 0 0 0 0 0 0 0 11 0 0 0 0 11 11 
11 0 0 0 11 0 0 0 0 11 11 0 0 0 0 0 0 11 0 0 0 11 0 0 0 0 0 0 0 0 11 0 0 0 0 0 0 0 11 
11 0 0 11 0 11 0 0 0 13 13 0 0 0 0 0 0 0 0 0 0 0 0 0 0 0 0 0 0 0 0 0 0 0 0 0 0 0 11 
11 0 0 11 0 0 0 0 0 15 0 0 0 0 0 11 0 0 0 0 0 11 11 0 0 0 0 0 0 11 0 0 11 0 0 0 0 0 11 
11 0 0 11 0 0 11 0 0 0 11 0 0 11 11 0 11 0 0 0 0 0 0 0 0 0 0 15 0 0 0 11 0 0 0 0 0 11 11 
11 0 11 0 0 0 0 0 0 0 11 0 0 0 11 11 11 0 0 0 0 0 11 0 0 0 0 0 0 0 11 0 0 11 0 0 0 11 11 
11 0 0 0 11 0 0 0 0 11 0 0 0 0 0 11 0 0 0 0 0 0 0 11 0 11 0 0 0 0 0 0 0 0 0 0 0 0 11 
11 0 0 0 0 0 0 0 0 0 0 0 0 0 0 0 15 0 11 11 11 0 0 0 11 0 11 11 0 0 0 0 11 0 0 0 0 0 11 
11 11 0 11 0 0 0 0 11 0 0 11 0 0 0 0 0 0 0 0 0 0 0 0 0 0 0 0 0 0 11 0 11 0 0 0 0 0 11 
11 0 0 0 11 0 0 0 11 0 11 0 0 0 0 0 0 11 0 11 0 0 0 0 0 0 0 15 11 0 0 0 0 0 0 0 0 0 11 
11 0 0 0 0 0 11 0 0 0 0 11 0 11 11 11 0 0 0 0 0 0 11 0 11 0 0 11 0 0 0 11 11 0 11 0 11 0 11 
11 0 0 11 0 0 11 0 0 0 11 0 0 0 0 0 0 0 0 0 0 11 0 0 0 0 11 0 0 0 0 0 11 0 0 0 0 0 11 
11 0 0 0 0 0 0 0 0 0 0 0 0 0 0 0 0 0 0 0 0 0 0 0 0 0 0 0 0 11 0 0 0 0 0 0 11 0 11 
11 0 0 0 0 0 0 11 0 0 11 0 0 0 11 0 0 0 0 11 0 11 0 11 0 0 0 0 0 0 0 11 0 0 0 0 0 0 11 
11 0 0 0 0 0 0 0 0 0 0 0 0 0 0 0 0 0 0 0 0 11 0 0 0 11 0 0 11 0 0 0 0 0 11 0 0 0 11 
11 11 0 0 0 0 0 11 0 0 11 0 0 0 0 11 11 0 0 0 0 11 0 0 0 0 0 0 11 0 0 0 0 0 0 11 0 0 11 
11 11 0 0 0 0 0 0 0 0 11 0 0 0 0 11 0 0 0 0 11 0 0 0 0 0 11 0 0 0 0 0 0 0 0 0 0 0 11 
11 11 11 11 11 11 11 11 11 11 11 11 11 11 11 11 11 11 11 11 11 11 11 11 11 11 11 11 11 11 11 11 11 11 11 11 11 11 11 

15696
11 11 11 11 11 11 11 11 11 11 11 11 11 11 11 11 11 11 11 11 11 11 11 11 11 11 11 11 11 11 11 11 11 11 11 11 11 11 11 
11 0 0 0 0 11 0 0 0 0 0 0 0 0 0 0 0 0 0 0 0 11 0 0 0 0 0 11 0 11 0 0 0 11 0 0 11 0 11 
11 0 0 0 0 0 0 0 11 0 0 0 11 0 0 0 0 0 0 0 0 11 0 0 0 0 0 0 11 11 0 0 0 11 11 0 0 0 11 
11 0 0 0 0 0 0 0 0 0 0 0 0 0 0 0 0 0 0 0 0 0 11 0 0 0 11 0 0 0 0 0 11 0 0 11 0 0 11 
11 0 0 0 0 0 0 11 0 0 0 0 0 0 11 0 11 0 0 0 0 0 0 11 0 0 0 0 0 0 0 0 0 0 0 0 0 0 11 
11 11 0 0 0 11 11 0 0 0 11 0 0 0 0 0 0 11 0 0 11 11 11 0 0 11 11 11 11 0 11 0 0 11 0 0 11 0 11 
11 0 0 0 0 11 11 0 0 11 0 0 11 0 0 0 0 0 0 0 0 0 11 0 0 0 0 11 11 0 0 0 0 0 0 11 11 0 11 
11 0 0 0 11 0 0 0 11 0 0 0 0 0 0 0 0 0 0 0 15 0 0 0 0 0 0 0 11 0 11 11 0 0 0 0 11 0 11 
11 0 0 11 0 11 11 0 0 11 0 0 0 11 11 0 0 0 0 0 15 0 0 11 0 0 11 0 0 0 0 0 11 0 11 0 11 11 11 
11 11 11 0 11 11 0 0 0 0 11 11 0 0 11 0 0 11 0 0 0 0 0 0 0 0 11 0 0 0 0 11 0 11 11 0 0 0 11 
11 0 0 0 0 0 0 0 0 0 0 11 11 0 0 0 0 11 0 0 0 0 0 0 0 11 0 0 0 11 11 11 0 0 0 0 0 11 11 
11 0 0 0 0 11 11 0 11 0 0 0 0 0 0 0 0 0 0 0 0 0 0 0 0 0 0 11 0 0 0 0 0 0 0 0 0 0 11 
11 11 0 0 0 0 11 0 0 0 0 11 0 11 11 0 11 0 0 0 0 0 11 11 0 0 0 0 0 0 0 0 11 0 0 0 0 11 11 
11 0 0 0 11 0 0 0 0 11 11 0 0 0 0 0 0 11 0 0 0 11 0 0 0 0 0 0 0 0 11 0 0 0 0 0 0 0 11 
11 0 0 11 0 11 0 0 0 13 13 0 0 0 0 0 0 0 0 0 0 0 0 0 0 0 0 0 0 0 0 0 0 0 0 0 0 0 11 
11 0 0 11 0 0 0 0 0 15 0 0 0 0 0 11 0 0 0 0 0 11 11 0 0 0 0 0 0 11 0 0 11 0 0 0 0 0 11 
11 0 0 11 0 0 11 0 0 0 11 0 0 11 11 0 11 0 0 0 0 0 0 0 0 0 0 15 0 0 0 11 0 0 0 0 0 11 11 
11 0 11 0 0 0 0 0 0 0 11 0 0 0 11 11 11 0 0 0 0 0 11 0 0 0 0 0 0 0 11 0 0 11 0 0 0 11 11 
11 0 0 0 11 0 0 0 0 11 0 0 0 0 0 11 0 0 0 0 0 0 0 11 0 11 0 0 0 0 0 0 0 0 0 0 0 0 11 
11 0 0 0 0 0 0 0 0 0 0 0 0 0 0 0 15 0 11 11 11 0 0 0 11 0 11 11 0 0 0 0 11 0 0 0 0 0 11 
11 11 0 11 0 0 0 0 11 0 0 11 0 0 0 0 0 0 0 0 0 0 0 0 0 0 0 0 0 0 11 0 11 0 0 0 0 0 11 
11 0 0 0 11 0 0 0 11 0 11 0 0 0 0 0 0 11 0 11 0 0 0 0 0 0 0 15 11 0 0 0 0 0 0 0 0 0 11 
11 0 0 0 0 0 11 0 0 0 0 11 0 11 11 11 0 0 0 0 0 0 11 0 11 0 0 11 0 0 0 11 11 0 11 0 11 0 11 
11 0 0 11 0 0 11 0 0 0 11 0 0 0 0 0 0 0 0 0 0 11 0 0 0 0 11 0 0 0 0 0 11 0 0 0 0 0 11 
11 0 0 0 0 0 0 0 0 0 0 0 0 0 0 0 0 0 0 0 0 0 0 0 0 0 0 0 0 11 0 0 0 0 0 0 11 0 11 
11 0 0 0 0 0 0 11 0 0 11 0 0 0 11 0 0 0 0 11 0 11 0 11 0 0 0 0 0 0 0 11 0 0 0 0 0 0 11 
11 0 0 0 0 0 0 0 0 0 0 0 0 0 0 0 0 0 0 0 0 11 0 0 0 11 0 0 11 0 0 0 0 0 11 0 0 0 11 
11 11 0 0 0 0 0 11 0 0 11 0 0 0 0 11 11 0 0 0 0 11 0 0 0 0 0 0 11 0 0 0 0 0 0 11 0 0 11 
11 11 0 0 0 0 0 0 0 0 11 0 0 0 0 11 0 0 0 0 11 0 0 0 0 0 11 0 0 0 0 0 0 0 0 0 0 0 11 
11 11 11 11 11 11 11 11 11 11 11 11 11 11 11 11 11 11 11 11 11 11 11 11 11 11 11 11 11 11 11 11 11 11 11 11 11 11 11 

