16006
11 11 11 11 11 11 11 11 11 11 11 11 11 11 11 11 11 11 11 11 11 11 11 11 11 11 11 11 11 11 11 11 11 11 11 11 11 11 11 
11 0 11 0 0 0 0 0 0 11 0 11 0 0 0 11 0 0 0 0 0 0 0 0 0 0 0 0 14 11 0 0 0 0 0 0 0 0 11 
11 0 0 11 11 0 0 0 11 11 0 0 0 0 0 0 11 11 11 0 0 0 0 0 11 0 11 0 0 0 0 0 11 0 0 0 0 0 11 
11 0 0 0 0 11 0 11 0 11 0 0 0 11 11 0 0 0 0 0 0 0 0 11 0 0 0 11 0 0 0 0 11 0 11 0 0 0 11 
11 0 0 0 0 0 0 0 11 0 0 0 0 0 0 11 0 0 0 11 0 0 0 0 0 0 11 0 0 0 11 11 0 11 0 0 11 11 11 
11 11 11 0 11 0 0 0 0 0 11 0 0 11 0 0 0 0 0 0 0 0 0 0 0 0 0 0 0 11 0 11 0 11 0 0 0 0 11 
11 0 0 0 11 0 0 0 0 0 15 11 0 0 11 0 0 0 0 0 11 0 0 0 0 0 11 0 0 0 0 0 0 0 0 0 11 0 11 
11 0 0 0 11 0 0 0 0 0 11 0 0 0 0 0 0 0 0 0 15 11 0 0 0 11 11 0 0 0 0 0 11 0 0 11 0 0 11 
11 0 0 0 0 0 0 0 11 11 0 0 0 0 0 0 0 0 0 0 0 0 11 0 0 0 0 0 0 0 11 11 0 0 0 0 0 11 11 
11 0 0 0 11 0 0 0 0 0 0 0 0 0 0 0 0 0 0 0 0 0 0 0 0 0 0 0 0 0 0 0 0 0 0 0 0 0 11 
11 11 0 11 0 0 0 0 11 0 11 0 0 0 11 0 0 0 0 0 0 11 0 0 0 0 0 0 0 0 11 0 0 0 0 0 0 0 11 
11 0 0 0 0 11 0 0 0 0 0 0 11 0 0 0 0 0 11 0 0 11 0 0 11 11 11 0 0 0 0 0 0 0 0 11 11 0 11 
11 0 11 0 11 0 11 0 0 0 0 0 0 0 0 0 11 0 0 0 0 0 0 11 0 0 0 11 0 0 0 11 0 0 0 0 0 0 11 
11 11 0 11 0 11 11 11 11 0 0 0 0 0 0 11 11 11 0 0 0 11 0 0 0 0 11 11 11 0 0 0 0 0 0 0 0 0 11 
11 0 0 0 0 11 0 0 0 0 0 0 0 0 0 0 0 0 0 0 0 11 0 11 0 0 0 0 0 11 0 0 0 0 0 0 0 11 11 
11 0 0 0 0 0 11 11 11 0 0 0 0 11 0 0 0 0 0 0 0 0 0 0 0 0 0 0 0 0 0 11 0 0 0 11 0 0 11 
11 0 0 11 0 0 11 0 0 0 11 0 11 0 0 11 0 0 0 0 0 0 0 0 11 0 0 0 0 11 0 0 0 0 0 0 0 0 11 
11 0 0 11 0 11 0 11 0 0 11 0 11 11 11 0 0 0 0 0 0 0 0 0 0 11 0 0 0 0 0 0 0 0 0 0 0 0 11 
11 11 0 11 0 0 0 11 0 0 0 0 0 0 0 0 0 0 0 0 11 0 11 0 0 11 11 0 0 0 0 11 11 11 0 0 0 11 11 
11 0 0 0 0 0 0 0 0 0 0 15 15 0 0 11 11 0 0 0 0 0 11 0 0 0 0 0 0 0 0 0 0 0 0 0 0 0 11 
11 0 11 0 0 0 0 11 0 0 0 0 11 0 0 0 0 0 0 0 0 0 11 0 11 0 0 11 0 0 0 0 11 0 0 11 0 0 11 
11 0 0 0 0 11 0 0 0 11 11 15 11 0 0 11 0 0 0 0 0 0 0 0 11 0 0 0 0 0 0 11 11 0 0 0 0 0 11 
11 0 0 0 0 11 0 0 11 11 0 0 0 0 0 11 0 11 0 0 0 0 0 0 0 0 0 0 0 15 0 0 0 11 0 0 11 0 11 
11 0 0 0 0 0 0 0 0 0 11 0 0 0 0 0 0 0 0 0 11 0 0 11 0 11 0 0 0 0 0 0 0 0 0 0 0 0 11 
11 0 11 0 0 0 0 0 0 11 0 0 0 0 0 0 0 0 0 0 0 0 0 15 11 0 0 0 0 0 0 0 0 11 0 11 11 0 11 
11 11 0 0 0 0 0 0 0 0 0 0 0 0 11 0 0 0 0 0 0 11 0 0 0 0 0 11 0 11 0 0 0 0 0 0 0 0 11 
11 0 0 0 0 0 0 0 0 0 0 0 11 11 0 0 0 11 11 0 0 11 0 11 0 0 0 0 0 0 0 0 0 0 0 0 0 0 11 
11 0 0 0 0 0 0 0 0 0 0 0 0 0 0 0 0 0 0 0 11 0 11 0 0 0 15 0 0 0 0 0 11 0 0 0 0 0 11 
11 0 0 0 11 11 0 0 0 0 0 11 11 0 0 11 0 0 0 0 0 0 0 0 0 0 0 0 0 0 11 0 0 0 0 0 11 0 11 
11 0 0 0 11 0 11 0 0 0 0 0 11 11 11 0 0 0 0 0 0 0 0 0 0 0 0 0 0 0 0 0 11 0 11 11 0 0 11 
11 11 0 0 0 0 0 0 0 0 0 0 0 0 11 0 0 11 0 0 0 0 0 0 11 0 11 0 0 0 11 0 11 0 0 11 0 0 11 
11 0 0 0 0 0 0 0 0 0 11 0 11 0 11 0 11 0 0 11 0 0 0 0 0 0 0 0 0 11 0 11 0 0 0 0 0 0 11 
11 11 11 11 11 11 11 11 11 11 11 11 11 11 11 11 11 11 11 11 11 11 11 11 11 11 11 11 11 11 11 11 11 11 11 11 11 11 11 

15933
11 11 11 11 11 11 11 11 11 11 11 11 11 11 11 11 11 11 11 11 11 11 11 11 11 11 11 11 11 11 11 11 11 11 11 11 11 11 11 
11 0 11 0 0 0 0 0 0 11 0 11 0 0 0 11 0 0 0 0 0 0 0 0 0 0 0 0 14 11 0 0 0 0 0 0 0 0 11 
11 0 0 11 11 0 0 0 11 11 0 0 0 0 0 0 11 11 11 0 0 0 0 0 11 0 11 0 0 0 0 0 11 0 0 0 0 0 11 
11 0 0 0 0 11 0 11 0 11 0 0 0 11 11 0 0 0 0 0 0 0 0 11 0 0 0 11 0 0 0 0 11 0 11 0 0 0 11 
11 0 0 0 0 0 0 0 11 0 0 0 0 0 0 11 0 0 0 11 0 0 0 15 0 0 11 0 0 0 11 11 0 11 0 0 11 11 11 
11 11 11 0 11 0 0 0 0 0 11 0 0 11 0 0 0 0 0 0 0 0 0 0 0 0 0 0 0 11 0 11 0 11 0 0 0 0 11 
11 0 0 0 11 0 0 0 0 0 15 11 0 0 11 0 0 0 0 0 11 0 0 0 0 0 11 0 0 0 0 0 0 0 0 0 11 0 11 
11 0 0 0 11 0 0 0 0 0 11 0 0 0 0 0 0 0 0 0 0 11 0 0 0 11 11 0 0 0 0 0 11 0 0 11 0 0 11 
11 0 0 0 0 0 0 0 11 11 0 0 0 0 0 0 0 0 0 0 0 0 11 0 0 0 0 0 0 0 11 11 0 0 0 0 0 11 11 
11 0 0 0 11 0 0 0 0 0 0 0 0 0 0 0 0 0 0 0 0 0 0 0 0 0 0 0 0 0 0 0 0 0 0 0 0 0 11 
11 11 0 11 0 0 0 0 11 0 11 0 0 0 11 0 0 0 0 0 0 11 0 0 0 0 0 0 0 0 11 0 0 0 0 0 0 0 11 
11 0 0 0 0 11 0 0 0 0 0 0 11 0 0 0 0 0 11 0 0 11 0 0 11 11 11 0 0 0 0 0 0 0 0 11 11 0 11 
11 0 11 0 11 0 11 0 0 0 0 0 0 0 0 0 11 0 0 0 0 0 0 11 0 0 0 11 0 0 0 11 0 0 0 0 0 0 11 
11 11 0 11 0 11 11 11 11 0 0 0 0 0 0 11 11 11 0 0 0 11 0 0 0 0 11 11 11 0 0 0 0 0 0 0 0 0 11 
11 0 0 0 0 11 0 0 0 0 0 0 0 0 0 0 0 0 0 0 0 11 0 11 0 0 0 0 0 11 0 0 0 0 0 0 0 11 11 
11 0 0 0 0 0 11 11 11 0 0 0 0 11 0 0 0 0 0 0 15 0 0 0 0 0 0 0 0 0 0 11 0 0 0 11 0 0 11 
11 0 0 11 0 0 11 0 0 0 11 0 11 0 0 11 0 0 0 0 0 0 0 0 11 0 0 0 0 11 0 0 0 0 0 0 0 0 11 
11 0 0 11 0 11 0 11 0 0 11 0 11 11 11 0 0 0 0 0 0 0 0 0 0 11 0 0 0 0 0 0 0 0 0 0 0 0 11 
11 11 0 11 0 0 0 11 0 0 15 0 0 0 0 0 0 0 0 0 11 0 11 0 0 11 11 0 0 0 0 11 11 11 0 0 0 11 11 
11 0 0 0 0 0 0 0 0 0 0 0 0 0 15 11 11 0 0 0 0 0 11 0 0 0 0 0 0 0 0 0 0 0 0 0 0 0 11 
11 0 11 0 0 0 0 11 0 0 0 0 11 0 0 0 0 0 0 0 0 0 11 0 11 0 0 11 0 0 0 0 11 0 0 11 0 0 11 
11 0 0 0 0 11 0 0 0 11 11 0 11 0 0 11 0 0 11 0 0 0 0 0 11 0 0 0 0 0 0 11 11 0 0 0 0 0 11 
11 0 0 0 0 11 0 0 11 11 0 0 0 0 0 11 0 11 0 0 0 0 0 0 0 0 0 0 0 0 0 0 0 11 0 0 11 0 11 
11 0 0 0 0 0 0 0 0 0 11 0 0 0 0 0 0 0 0 0 11 0 0 11 0 11 0 0 0 0 0 15 0 0 0 0 0 0 11 
11 0 11 0 0 0 0 0 0 11 0 0 0 0 0 0 0 0 0 0 0 0 0 0 11 0 0 0 0 0 0 0 0 11 0 11 11 0 11 
11 11 0 0 0 0 0 0 0 0 0 0 0 0 11 0 0 0 0 0 0 11 0 0 0 0 0 11 0 11 0 0 0 0 0 0 0 0 11 
11 0 0 0 0 0 0 0 0 0 0 0 11 11 0 0 15 11 11 0 0 11 0 11 0 0 0 0 0 0 0 0 0 0 0 0 0 0 11 
11 0 0 0 0 0 0 0 0 0 0 0 0 0 0 0 0 0 0 0 11 0 11 0 0 0 0 0 0 0 0 0 11 0 0 0 0 0 11 
11 0 0 0 11 11 0 0 0 0 0 11 11 0 0 11 0 0 0 0 0 0 0 0 0 0 0 0 0 0 11 0 0 0 0 0 11 0 11 
11 0 0 0 11 0 11 0 0 0 0 0 11 11 11 0 0 0 0 0 0 0 0 0 0 0 0 0 0 0 0 0 11 0 11 11 0 0 11 
11 11 0 0 0 0 0 0 0 0 0 0 0 0 11 0 0 11 0 0 0 0 0 0 11 0 11 0 0 0 11 0 11 0 0 11 0 0 11 
11 0 0 0 0 0 0 0 0 0 11 0 11 0 11 0 11 0 0 11 0 0 0 0 0 0 0 0 0 11 0 11 0 0 0 0 0 0 11 
11 11 11 11 11 11 11 11 11 11 11 11 11 11 11 11 11 11 11 11 11 11 11 11 11 11 11 11 11 11 11 11 11 11 11 11 11 11 11 

15933
11 11 11 11 11 11 11 11 11 11 11 11 11 11 11 11 11 11 11 11 11 11 11 11 11 11 11 11 11 11 11 11 11 11 11 11 11 11 11 
11 0 11 0 0 0 0 0 0 11 0 11 0 0 0 11 0 0 0 0 0 0 0 0 0 0 0 0 14 11 0 0 0 0 0 0 0 0 11 
11 0 0 11 11 0 0 0 11 11 0 0 0 0 0 0 11 11 11 0 0 0 0 0 11 0 11 0 0 0 0 0 11 0 0 0 0 0 11 
11 0 0 0 0 11 0 11 0 11 0 0 0 11 11 0 0 0 0 0 0 0 0 11 0 0 0 11 0 0 0 0 11 0 11 0 0 0 11 
11 0 0 0 0 0 0 0 11 0 0 0 0 0 0 11 0 0 0 11 0 0 0 15 0 0 11 0 0 0 11 11 0 11 0 0 11 11 11 
11 11 11 0 11 0 0 0 0 0 11 0 0 11 0 0 0 0 0 0 0 0 0 0 0 0 0 0 0 11 0 11 0 11 0 0 0 0 11 
11 0 0 0 11 0 0 0 0 0 15 11 0 0 11 0 0 0 0 0 11 0 0 0 0 0 11 0 0 0 0 0 0 0 0 0 11 0 11 
11 0 0 0 11 0 0 0 0 0 11 0 0 0 0 0 0 0 0 0 0 11 0 0 0 11 11 0 0 0 0 0 11 0 0 11 0 0 11 
11 0 0 0 0 0 0 0 11 11 0 0 0 0 0 0 0 0 0 0 0 0 11 0 0 0 0 0 0 0 11 11 0 0 0 0 0 11 11 
11 0 0 0 11 0 0 0 0 0 0 0 0 0 0 0 0 0 0 0 0 0 0 0 0 0 0 0 0 0 0 0 0 0 0 0 0 0 11 
11 11 0 11 0 0 0 0 11 0 11 0 0 0 11 0 0 0 0 0 0 11 0 0 0 0 0 0 0 0 11 0 0 0 0 0 0 0 11 
11 0 0 0 0 11 0 0 0 0 0 0 11 0 0 0 0 0 11 0 0 11 0 0 11 11 11 0 0 0 0 0 0 0 0 11 11 0 11 
11 0 11 0 11 0 11 0 0 0 0 0 0 0 0 0 11 0 0 0 0 0 0 11 0 0 0 11 0 0 0 11 0 0 0 0 0 0 11 
11 11 0 11 0 11 11 11 11 0 0 0 0 0 0 11 11 11 0 0 0 11 0 0 0 0 11 11 11 0 0 0 0 0 0 0 0 0 11 
11 0 0 0 0 11 0 0 0 0 0 0 0 0 0 0 0 0 0 0 0 11 0 11 0 0 0 0 0 11 0 0 0 0 0 0 0 11 11 
11 0 0 0 0 0 11 11 11 0 0 0 0 11 0 0 0 0 0 0 15 0 0 0 0 0 0 0 0 0 0 11 0 0 0 11 0 0 11 
11 0 0 11 0 0 11 0 0 0 11 0 11 0 0 11 0 0 0 0 0 0 0 0 11 0 0 0 0 11 0 0 0 0 0 0 0 0 11 
11 0 0 11 0 11 0 11 0 0 11 0 11 11 11 0 0 0 0 0 0 0 0 0 0 11 0 0 0 0 0 0 0 0 0 0 0 0 11 
11 11 0 11 0 0 0 11 0 0 15 0 0 0 0 0 0 0 0 0 11 0 11 0 0 11 11 0 0 0 0 11 11 11 0 0 0 11 11 
11 0 0 0 0 0 0 0 0 0 0 0 0 0 15 11 11 0 0 0 0 0 11 0 0 0 0 0 0 0 0 0 0 0 0 0 0 0 11 
11 0 11 0 0 0 0 11 0 0 0 0 11 0 0 0 0 0 0 0 0 0 11 0 11 0 0 11 0 0 0 0 11 0 0 11 0 0 11 
11 0 0 0 0 11 0 0 0 11 11 0 11 0 0 11 0 0 11 0 0 0 0 0 11 0 0 0 0 0 0 11 11 0 0 0 0 0 11 
11 0 0 0 0 11 0 0 11 11 0 0 0 0 0 11 0 11 0 0 0 0 0 0 0 0 0 0 0 0 0 0 0 11 0 0 11 0 11 
11 0 0 0 0 0 0 0 0 0 11 0 0 0 0 0 0 0 0 0 11 0 0 11 0 11 0 0 0 0 0 15 0 0 0 0 0 0 11 
11 0 11 0 0 0 0 0 0 11 0 0 0 0 0 0 0 0 0 0 0 0 0 0 11 0 0 0 0 0 0 0 0 11 0 11 11 0 11 
11 11 0 0 0 0 0 0 0 0 0 0 0 0 11 0 0 0 0 0 0 11 0 0 0 0 0 11 0 11 0 0 0 0 0 0 0 0 11 
11 0 0 0 0 0 0 0 0 0 0 0 11 11 0 0 15 11 11 0 0 11 0 11 0 0 0 0 0 0 0 0 0 0 0 0 0 0 11 
11 0 0 0 0 0 0 0 0 0 0 0 0 0 0 0 0 0 0 0 11 0 11 0 0 0 0 0 0 0 0 0 11 0 0 0 0 0 11 
11 0 0 0 11 11 0 0 0 0 0 11 11 0 0 11 0 0 0 0 0 0 0 0 0 0 0 0 0 0 11 0 0 0 0 0 11 0 11 
11 0 0 0 11 0 11 0 0 0 0 0 11 11 11 0 0 0 0 0 0 0 0 0 0 0 0 0 0 0 0 0 11 0 11 11 0 0 11 
11 11 0 0 0 0 0 0 0 0 0 0 0 0 11 0 0 11 0 0 0 0 0 0 11 0 11 0 0 0 11 0 11 0 0 11 0 0 11 
11 0 0 0 0 0 0 0 0 0 11 0 11 0 11 0 11 0 0 11 0 0 0 0 0 0 0 0 0 11 0 11 0 0 0 0 0 0 11 
11 11 11 11 11 11 11 11 11 11 11 11 11 11 11 11 11 11 11 11 11 11 11 11 11 11 11 11 11 11 11 11 11 11 11 11 11 11 11 

15933
11 11 11 11 11 11 11 11 11 11 11 11 11 11 11 11 11 11 11 11 11 11 11 11 11 11 11 11 11 11 11 11 11 11 11 11 11 11 11 
11 0 11 0 0 0 0 0 0 11 0 11 0 0 0 11 0 0 0 0 0 0 0 0 0 0 0 0 14 11 0 0 0 0 0 0 0 0 11 
11 0 0 11 11 0 0 0 11 11 0 0 0 0 0 0 11 11 11 0 0 0 0 0 11 0 11 0 0 0 0 0 11 0 0 0 0 0 11 
11 0 0 0 0 11 0 11 0 11 0 0 0 11 11 0 0 0 0 0 0 0 0 11 0 0 0 11 0 0 0 0 11 0 11 0 0 0 11 
11 0 0 0 0 0 0 0 11 0 0 0 0 0 0 11 0 0 0 11 0 0 0 15 0 0 11 0 0 0 11 11 0 11 0 0 11 11 11 
11 11 11 0 11 0 0 0 0 0 11 0 0 11 0 0 0 0 0 0 0 0 0 0 0 0 0 0 0 11 0 11 0 11 0 0 0 0 11 
11 0 0 0 11 0 0 0 0 0 15 11 0 0 11 0 0 0 0 0 11 0 0 0 0 0 11 0 0 0 0 0 0 0 0 0 11 0 11 
11 0 0 0 11 0 0 0 0 0 11 0 0 0 0 0 0 0 0 0 0 11 0 0 0 11 11 0 0 0 0 0 11 0 0 11 0 0 11 
11 0 0 0 0 0 0 0 11 11 0 0 0 0 0 0 0 0 0 0 0 0 11 0 0 0 0 0 0 0 11 11 0 0 0 0 0 11 11 
11 0 0 0 11 0 0 0 0 0 0 0 0 0 0 0 0 0 0 0 0 0 0 0 0 0 0 0 0 0 0 0 0 0 0 0 0 0 11 
11 11 0 11 0 0 0 0 11 0 11 0 0 0 11 0 0 0 0 0 0 11 0 0 0 0 0 0 0 0 11 0 0 0 0 0 0 0 11 
11 0 0 0 0 11 0 0 0 0 0 0 11 0 0 0 0 0 11 0 0 11 0 0 11 11 11 0 0 0 0 0 0 0 0 11 11 0 11 
11 0 11 0 11 0 11 0 0 0 0 0 0 0 0 0 11 0 0 0 0 0 0 11 0 0 0 11 0 0 0 11 0 0 0 0 0 0 11 
11 11 0 11 0 11 11 11 11 0 0 0 0 0 0 11 11 11 0 0 0 11 0 0 0 0 11 11 11 0 0 0 0 0 0 0 0 0 11 
11 0 0 0 0 11 0 0 0 0 0 0 0 0 0 0 0 0 0 0 0 11 0 11 0 0 0 0 0 11 0 0 0 0 0 0 0 11 11 
11 0 0 0 0 0 11 11 11 0 0 0 0 11 0 0 0 0 0 0 15 0 0 0 0 0 0 0 0 0 0 11 0 0 0 11 0 0 11 
11 0 0 11 0 0 11 0 0 0 11 0 11 0 0 11 0 0 0 0 0 0 0 0 11 0 0 0 0 11 0 0 0 0 0 0 0 0 11 
11 0 0 11 0 11 0 11 0 0 11 0 11 11 11 0 0 0 0 0 0 0 0 0 0 11 0 0 0 0 0 0 0 0 0 0 0 0 11 
11 11 0 11 0 0 0 11 0 0 15 0 0 0 0 0 0 0 0 0 11 0 11 0 0 11 11 0 0 0 0 11 11 11 0 0 0 11 11 
11 0 0 0 0 0 0 0 0 0 0 0 0 0 15 11 11 0 0 0 0 0 11 0 0 0 0 0 0 0 0 0 0 0 0 0 0 0 11 
11 0 11 0 0 0 0 11 0 0 0 0 11 0 0 0 0 0 0 0 0 0 11 0 11 0 0 11 0 0 0 0 11 0 0 11 0 0 11 
11 0 0 0 0 11 0 0 0 11 11 0 11 0 0 11 0 0 11 0 0 0 0 0 11 0 0 0 0 0 0 11 11 0 0 0 0 0 11 
11 0 0 0 0 11 0 0 11 11 0 0 0 0 0 11 0 11 0 0 0 0 0 0 0 0 0 0 0 0 0 0 0 11 0 0 11 0 11 
11 0 0 0 0 0 0 0 0 0 11 0 0 0 0 0 0 0 0 0 11 0 0 11 0 11 0 0 0 0 0 15 0 0 0 0 0 0 11 
11 0 11 0 0 0 0 0 0 11 0 0 0 0 0 0 0 0 0 0 0 0 0 0 11 0 0 0 0 0 0 0 0 11 0 11 11 0 11 
11 11 0 0 0 0 0 0 0 0 0 0 0 0 11 0 0 0 0 0 0 11 0 0 0 0 0 11 0 11 0 0 0 0 0 0 0 0 11 
11 0 0 0 0 0 0 0 0 0 0 0 11 11 0 0 15 11 11 0 0 11 0 11 0 0 0 0 0 0 0 0 0 0 0 0 0 0 11 
11 0 0 0 0 0 0 0 0 0 0 0 0 0 0 0 0 0 0 0 11 0 11 0 0 0 0 0 0 0 0 0 11 0 0 0 0 0 11 
11 0 0 0 11 11 0 0 0 0 0 11 11 0 0 11 0 0 0 0 0 0 0 0 0 0 0 0 0 0 11 0 0 0 0 0 11 0 11 
11 0 0 0 11 0 11 0 0 0 0 0 11 11 11 0 0 0 0 0 0 0 0 0 0 0 0 0 0 0 0 0 11 0 11 11 0 0 11 
11 11 0 0 0 0 0 0 0 0 0 0 0 0 11 0 0 11 0 0 0 0 0 0 11 0 11 0 0 0 11 0 11 0 0 11 0 0 11 
11 0 0 0 0 0 0 0 0 0 11 0 11 0 11 0 11 0 0 11 0 0 0 0 0 0 0 0 0 11 0 11 0 0 0 0 0 0 11 
11 11 11 11 11 11 11 11 11 11 11 11 11 11 11 11 11 11 11 11 11 11 11 11 11 11 11 11 11 11 11 11 11 11 11 11 11 11 11 

15927
11 11 11 11 11 11 11 11 11 11 11 11 11 11 11 11 11 11 11 11 11 11 11 11 11 11 11 11 11 11 11 11 11 11 11 11 11 11 11 
11 0 11 0 0 0 0 0 0 11 0 11 0 0 0 11 0 0 0 0 0 0 0 0 0 0 0 0 0 11 0 0 0 0 0 0 0 0 11 
11 0 0 11 11 0 0 0 11 11 0 0 0 0 0 0 11 11 11 0 0 0 0 0 11 0 11 0 0 0 0 0 11 0 0 0 0 0 11 
11 0 0 0 0 11 0 11 0 11 0 0 0 11 11 0 0 0 0 0 0 0 0 11 0 0 0 11 0 0 0 14 11 0 11 0 0 0 11 
11 0 0 0 0 0 0 0 11 0 0 0 0 0 0 11 0 0 0 11 0 0 0 0 0 0 11 0 0 0 11 11 0 11 0 0 11 11 11 
11 11 11 0 11 0 0 0 0 0 11 0 0 11 0 0 0 0 0 0 0 0 0 0 0 0 0 0 0 11 0 11 0 11 0 0 0 0 11 
11 0 0 0 11 0 0 0 0 15 0 11 0 0 11 0 0 0 0 0 11 0 0 0 0 0 11 0 0 0 0 0 0 0 0 0 11 0 11 
11 0 0 0 11 0 0 0 0 0 11 0 0 0 0 0 0 0 15 0 0 11 0 0 0 11 11 0 0 0 0 0 11 0 0 11 0 0 11 
11 0 0 0 0 0 0 0 11 11 0 0 0 0 0 0 0 0 0 0 0 0 11 0 0 0 0 0 0 0 11 11 0 0 0 0 0 11 11 
11 0 0 0 11 0 0 0 0 0 0 0 0 0 0 0 0 0 0 0 15 0 0 0 0 0 0 0 0 0 0 0 0 0 0 0 0 0 11 
11 11 0 11 0 0 0 0 11 0 11 0 0 0 11 0 0 0 0 0 0 11 0 0 0 0 0 0 0 0 11 0 0 0 0 0 0 0 11 
11 0 0 0 0 11 0 0 0 0 0 0 11 0 0 0 0 0 11 0 0 11 0 0 11 11 11 0 0 0 0 0 0 0 0 11 11 0 11 
11 0 11 0 11 0 11 0 0 0 0 0 0 0 0 0 11 0 0 0 0 0 0 11 0 0 0 11 0 0 0 11 0 0 0 0 0 0 11 
11 11 0 11 0 11 11 11 11 0 0 0 0 0 0 11 11 11 0 0 0 11 0 0 0 0 11 11 11 0 0 0 0 0 0 0 0 0 11 
11 0 0 0 0 11 0 0 0 0 0 0 0 0 0 0 0 0 0 0 0 11 0 11 0 0 0 0 0 11 0 0 0 0 0 0 0 11 11 
11 0 0 0 0 0 11 11 11 0 0 0 0 11 0 0 0 0 0 0 0 0 0 0 0 0 0 0 0 0 0 11 0 0 0 11 0 0 11 
11 0 0 11 0 0 11 0 0 0 11 0 11 0 0 11 0 0 0 0 0 0 0 0 11 0 0 0 0 11 0 0 0 0 0 0 0 0 11 
11 0 0 11 0 11 0 11 0 0 11 0 11 11 11 0 0 0 0 0 0 0 0 0 0 11 0 0 0 0 0 0 0 0 0 0 0 0 11 
11 11 0 11 0 0 0 11 0 0 0 0 0 0 0 0 0 0 0 0 11 0 11 0 0 11 11 0 0 0 0 11 11 11 0 0 0 11 11 
11 0 0 0 0 0 0 0 0 0 15 0 0 0 0 11 11 0 0 0 0 0 11 0 0 0 0 0 0 0 0 0 0 0 0 0 0 0 11 
11 0 11 0 0 0 0 11 0 0 0 0 11 0 0 0 0 0 0 0 0 0 11 0 11 0 0 11 0 0 0 0 11 0 0 11 0 0 11 
11 0 0 0 0 11 0 0 0 11 11 0 11 0 0 11 0 0 15 0 0 0 0 0 11 0 0 0 0 0 0 11 11 0 0 0 0 0 11 
11 0 0 0 0 11 0 0 11 11 15 0 0 0 0 11 0 11 0 0 0 0 0 0 0 0 0 0 0 0 0 0 15 11 0 0 11 0 11 
11 0 0 0 0 0 0 0 0 0 11 0 0 0 0 0 0 0 0 0 11 0 0 11 0 11 0 0 0 0 0 0 0 0 0 0 0 0 11 
11 0 11 0 0 0 0 0 0 11 0 0 0 0 0 0 0 0 0 0 0 0 0 0 11 0 0 0 0 0 0 0 0 11 0 11 11 0 11 
11 11 0 0 0 0 0 0 0 0 0 0 0 0 11 0 15 0 0 0 0 11 0 0 0 0 0 11 0 11 0 0 0 0 0 0 0 0 11 
11 0 0 0 0 0 0 0 0 0 0 0 11 11 0 0 0 11 11 0 0 11 0 11 0 0 0 0 0 0 0 0 0 0 0 0 0 0 11 
11 0 0 0 0 0 0 0 0 0 0 0 0 0 0 0 0 0 0 0 11 0 11 0 0 0 15 0 0 0 0 0 11 0 0 0 0 0 11 
11 0 0 0 11 11 0 0 0 0 0 11 11 0 0 11 0 0 0 0 0 0 0 0 0 0 0 0 0 0 11 0 0 0 0 0 11 0 11 
11 0 0 0 11 0 11 0 0 0 0 0 11 11 11 0 0 0 0 0 0 0 0 0 0 0 0 0 0 0 0 0 11 0 11 11 0 0 11 
11 11 0 0 0 0 0 0 0 0 0 0 0 0 11 0 0 11 0 0 0 0 0 0 11 0 11 0 0 0 11 0 11 0 0 11 0 0 11 
11 0 0 0 0 0 0 0 0 0 11 0 11 0 11 0 11 0 0 11 0 0 0 0 0 0 0 0 0 11 0 11 0 0 0 0 0 0 11 
11 11 11 11 11 11 11 11 11 11 11 11 11 11 11 11 11 11 11 11 11 11 11 11 11 11 11 11 11 11 11 11 11 11 11 11 11 11 11 

15973
11 11 11 11 11 11 11 11 11 11 11 11 11 11 11 11 11 11 11 11 11 11 11 11 11 11 11 11 11 11 11 11 11 11 11 11 11 11 11 
11 0 0 0 0 0 0 0 0 11 0 11 0 0 0 11 0 0 0 0 0 0 0 0 0 0 0 0 0 11 0 0 0 0 0 0 0 0 11 
11 0 0 11 11 0 0 0 11 11 0 15 0 0 0 0 11 0 11 0 0 0 0 0 11 0 11 0 0 0 0 0 11 0 0 0 0 0 11 
11 0 0 0 0 11 0 11 0 11 0 0 0 11 11 0 0 0 0 0 0 0 0 11 0 0 0 11 0 0 0 0 11 0 11 0 0 0 11 
11 0 0 0 0 0 0 0 11 0 0 0 0 0 0 11 0 0 0 11 0 0 0 0 11 0 11 0 0 0 11 11 0 11 0 0 11 11 11 
11 0 11 0 0 0 0 0 0 0 11 0 0 0 0 0 0 0 0 0 0 0 0 11 0 0 0 0 0 11 0 11 0 11 0 0 0 0 11 
11 0 0 0 11 0 0 0 0 0 0 11 0 0 11 0 0 0 0 0 11 0 0 0 0 0 11 0 0 15 0 0 0 0 0 0 11 0 11 
11 0 0 0 11 0 0 0 0 0 11 0 0 0 0 0 0 0 0 15 0 11 0 0 0 11 11 0 0 0 0 0 11 0 0 11 0 0 11 
11 0 0 0 0 0 0 0 11 11 0 0 0 0 0 0 0 0 0 0 0 0 11 0 0 0 0 0 0 0 11 11 0 0 0 0 0 11 11 
11 0 0 0 11 0 0 0 0 0 0 0 0 0 0 0 0 0 0 0 0 0 0 0 0 0 0 0 0 0 0 0 0 0 0 0 0 0 11 
11 11 0 11 0 0 0 0 11 0 11 0 0 0 11 0 0 0 0 0 0 11 0 0 0 0 0 0 0 0 11 0 0 0 0 0 0 0 11 
11 0 0 0 0 11 0 11 0 0 0 0 11 0 0 0 0 0 11 0 0 11 0 0 0 11 11 0 0 0 0 0 0 0 0 11 11 0 11 
11 0 11 0 0 0 11 0 0 0 0 0 0 0 0 0 11 0 0 0 0 0 0 11 0 0 0 11 0 0 0 11 0 0 0 0 0 0 11 
11 11 0 11 0 11 11 11 11 0 0 0 0 0 0 11 11 11 0 0 0 11 0 0 0 0 0 11 11 0 0 0 0 0 0 0 0 0 11 
11 0 0 0 0 11 0 0 0 0 0 0 0 0 0 0 0 0 0 0 0 11 0 11 0 0 0 0 0 11 0 0 0 0 0 0 0 11 11 
11 0 0 0 0 0 11 11 11 0 0 0 0 11 0 0 0 0 0 0 0 0 0 0 0 0 0 0 0 0 0 11 0 0 0 11 11 0 11 
11 0 0 11 0 0 11 0 0 11 11 0 11 0 0 11 0 0 0 0 0 0 0 0 11 0 0 0 0 11 0 0 0 0 0 0 0 0 11 
11 0 0 11 0 11 0 11 0 11 11 0 0 11 11 0 0 0 0 0 0 0 0 0 0 11 0 0 0 0 0 0 0 0 0 0 0 0 11 
11 11 0 11 0 0 0 11 0 0 15 0 0 0 0 0 0 0 0 0 11 0 11 0 0 11 11 0 0 0 0 11 11 11 0 0 0 11 11 
11 0 0 0 0 0 0 0 0 0 0 0 0 0 0 11 11 0 0 0 0 0 11 0 0 0 0 0 0 0 0 0 0 0 0 0 0 0 11 
11 0 11 0 0 0 0 11 0 0 0 11 11 0 0 0 0 0 0 0 0 0 11 0 11 0 0 11 0 0 0 0 11 0 0 11 0 0 11 
11 0 0 0 0 11 0 0 0 11 11 0 11 0 0 0 0 0 0 0 0 0 0 0 0 0 0 0 0 15 0 11 11 0 0 14 0 0 11 
11 0 0 0 14 11 11 0 11 11 0 0 0 0 0 11 0 0 0 0 0 0 0 0 0 0 0 0 0 0 0 0 0 11 0 0 11 0 11 
11 0 0 0 0 0 0 0 0 0 11 0 0 0 0 0 0 0 0 0 11 0 0 11 0 11 0 0 0 0 0 0 0 0 0 0 0 0 11 
11 11 11 0 0 0 0 0 0 11 0 0 0 0 0 0 0 0 0 0 0 0 0 0 11 0 0 0 0 0 0 0 0 11 0 11 11 11 11 
11 11 0 0 0 0 0 0 0 0 0 0 0 0 11 0 15 0 0 0 0 11 0 0 0 0 0 0 0 11 0 0 0 0 0 0 0 0 11 
11 0 0 0 0 0 0 0 0 0 0 0 11 11 0 0 0 11 11 0 0 11 15 11 0 0 0 0 0 0 0 0 0 0 0 0 0 0 11 
11 0 0 0 0 0 0 0 0 0 0 0 0 0 0 0 15 0 11 0 11 0 11 0 0 0 0 0 0 0 0 0 11 0 0 0 0 0 11 
11 11 0 0 11 11 0 11 0 0 0 0 11 0 0 11 0 0 0 0 0 0 0 0 0 0 0 0 0 0 11 0 0 0 0 0 11 0 11 
11 0 0 0 11 0 11 0 0 0 0 0 11 11 11 0 0 0 0 0 0 0 0 11 0 0 0 0 0 0 0 0 11 0 11 11 0 0 11 
11 11 0 0 0 0 0 0 0 0 0 0 0 0 11 0 0 11 0 0 0 0 0 0 11 0 11 0 0 0 11 0 11 0 0 11 0 0 11 
11 0 0 0 0 0 0 0 0 0 11 0 11 0 11 0 11 0 0 11 0 0 0 0 0 0 0 0 0 11 0 11 0 0 0 0 0 0 11 
11 11 11 11 11 11 11 11 11 11 11 11 11 11 11 11 11 11 11 11 11 11 11 11 11 11 11 11 11 11 11 11 11 11 11 11 11 11 11 

15910
11 11 11 11 11 11 11 11 11 11 11 11 11 11 11 11 11 11 11 11 11 11 11 11 11 11 11 11 11 11 11 11 11 11 11 11 11 11 11 
11 0 0 0 0 0 0 12 0 11 0 11 0 0 0 11 0 0 0 0 0 0 0 0 0 0 0 15 0 11 0 0 0 0 0 0 0 0 11 
11 0 0 11 11 0 0 0 11 11 0 0 0 0 0 0 11 0 11 0 0 0 0 0 11 0 11 0 0 0 0 0 11 0 0 0 0 0 11 
11 0 0 0 0 11 0 11 0 11 0 0 0 11 11 0 0 0 0 0 0 0 0 11 0 0 0 11 0 0 0 0 11 0 11 0 0 0 11 
11 0 0 0 0 0 0 0 11 13 14 0 0 0 0 11 0 0 0 11 0 0 0 0 11 0 11 0 0 0 11 11 0 11 0 0 11 11 11 
11 0 11 0 0 0 0 0 0 0 11 0 0 0 0 0 0 0 0 0 0 0 0 11 0 0 0 0 0 11 0 11 0 11 0 0 0 0 11 
11 0 0 0 11 0 0 0 0 0 0 11 0 0 11 0 0 0 0 0 11 0 0 0 0 0 11 0 0 0 0 0 0 0 0 0 11 0 11 
11 0 0 0 11 0 0 0 0 0 11 0 0 0 0 0 0 0 0 0 0 11 0 0 0 11 11 0 0 0 0 0 11 0 0 11 0 0 11 
11 0 0 0 0 0 0 0 11 11 0 0 0 0 0 0 0 0 15 0 0 0 11 0 0 0 0 0 0 0 11 11 0 0 0 0 0 11 11 
11 0 0 0 11 0 0 0 0 0 0 0 0 0 0 0 0 0 0 0 0 0 0 0 0 0 0 0 0 0 0 0 0 0 0 0 0 0 11 
11 11 0 11 0 0 0 0 11 0 11 0 0 0 11 0 0 0 0 0 0 11 0 0 0 0 0 0 0 0 11 0 0 0 0 0 0 0 11 
11 0 0 0 0 11 0 11 0 0 0 0 11 0 0 0 0 0 11 0 0 11 0 0 0 11 11 0 0 0 0 0 0 0 0 11 11 0 11 
11 0 11 0 0 0 11 0 0 0 0 0 0 0 0 0 11 0 0 0 0 0 0 11 0 0 0 11 0 0 0 11 0 0 0 0 0 0 11 
11 11 0 11 0 11 11 11 11 0 0 0 0 0 0 11 11 11 0 0 0 11 0 0 0 0 0 11 11 0 0 0 0 0 0 0 0 0 11 
11 0 0 0 0 11 0 0 0 0 0 0 0 0 0 0 0 0 0 0 0 11 0 11 0 0 0 0 0 11 0 0 0 0 0 0 0 11 11 
11 0 0 0 0 0 11 11 11 0 0 0 0 11 0 0 0 0 0 0 0 0 0 0 0 0 0 0 0 0 0 11 0 0 0 11 11 0 11 
11 0 0 11 0 0 11 0 0 11 11 0 11 0 0 11 0 0 0 0 0 0 0 0 11 0 0 0 0 11 0 0 0 0 11 0 0 0 11 
11 0 0 11 0 11 0 11 0 11 11 0 0 11 11 0 0 0 15 0 0 0 0 0 0 11 0 0 0 0 0 0 0 0 0 0 0 0 11 
11 11 0 11 0 0 0 11 0 0 0 0 15 0 0 0 0 0 0 0 11 0 11 0 0 11 11 0 0 0 0 11 11 11 0 0 0 11 11 
11 0 0 0 0 0 0 0 0 0 0 15 0 0 0 11 11 0 0 0 0 0 11 0 0 0 0 0 0 0 0 0 0 0 0 0 0 0 11 
11 0 11 0 0 0 0 11 0 0 0 11 11 0 0 0 0 0 0 0 0 0 11 0 11 0 0 11 0 0 0 0 11 0 0 11 0 0 11 
11 0 0 0 0 11 0 0 12 11 11 0 11 0 0 0 0 0 0 0 0 0 0 0 0 0 0 0 0 0 0 11 11 0 0 0 0 0 11 
11 0 0 0 0 11 11 0 11 11 0 0 0 0 0 11 0 0 0 0 0 0 0 0 0 0 0 0 15 0 0 0 0 11 0 0 11 0 11 
11 0 0 0 0 0 0 0 0 0 11 0 0 0 0 0 0 0 0 0 11 0 0 11 0 11 0 0 0 0 0 0 0 0 0 0 0 0 11 
11 11 11 0 0 0 0 0 0 11 0 0 0 0 0 0 0 0 0 0 0 0 0 0 11 0 0 0 0 0 0 0 0 11 0 11 11 11 11 
11 11 0 0 0 0 0 0 0 0 0 0 0 0 11 0 0 15 0 0 0 11 0 0 0 0 0 0 0 11 0 0 0 0 0 0 0 0 11 
11 0 0 0 0 0 0 0 0 0 0 0 11 11 0 0 0 11 11 0 0 11 0 11 0 0 0 0 0 0 0 0 0 0 0 0 0 0 11 
11 0 0 0 0 0 0 0 0 0 0 0 0 0 0 0 0 0 11 0 11 0 11 0 0 0 0 0 15 0 0 0 11 0 0 0 0 0 11 
11 11 0 0 11 11 0 11 0 0 0 0 11 0 0 11 0 0 0 0 0 0 0 0 0 0 0 0 0 0 11 0 0 0 0 0 11 0 11 
11 0 0 0 11 0 11 0 0 0 0 0 11 11 11 0 0 0 0 0 0 0 0 11 0 0 0 0 0 0 0 0 11 0 11 11 0 0 11 
11 11 0 0 0 0 0 0 0 0 0 0 0 0 11 0 0 11 0 0 0 0 0 0 11 0 11 0 0 0 11 0 11 0 0 11 0 0 11 
11 0 0 0 0 0 0 0 0 0 11 0 11 0 11 0 11 0 0 11 0 0 0 0 0 0 0 0 0 11 0 11 0 0 0 0 0 0 11 
11 11 11 11 11 11 11 11 11 11 11 11 11 11 11 11 11 11 11 11 11 11 11 11 11 11 11 11 11 11 11 11 11 11 11 11 11 11 11 

15910
11 11 11 11 11 11 11 11 11 11 11 11 11 11 11 11 11 11 11 11 11 11 11 11 11 11 11 11 11 11 11 11 11 11 11 11 11 11 11 
11 0 0 0 0 0 0 12 0 11 0 11 0 0 0 11 0 0 0 0 0 0 0 0 0 0 0 15 0 11 0 0 0 0 0 0 0 0 11 
11 0 0 11 11 0 0 0 11 11 0 0 0 0 0 0 11 0 11 0 0 0 0 0 11 0 11 0 0 0 0 0 11 0 0 0 0 0 11 
11 0 0 0 0 11 0 11 0 11 0 0 0 11 11 0 0 0 0 0 0 0 0 11 0 0 0 11 0 0 0 0 11 0 11 0 0 0 11 
11 0 0 0 0 0 0 0 11 13 14 0 0 0 0 11 0 0 0 11 0 0 0 0 11 0 11 0 0 0 11 11 0 11 0 0 11 11 11 
11 0 11 0 0 0 0 0 0 0 11 0 0 0 0 0 0 0 0 0 0 0 0 11 0 0 0 0 0 11 0 11 0 11 0 0 0 0 11 
11 0 0 0 11 0 0 0 0 0 0 11 0 0 11 0 0 0 0 0 11 0 0 0 0 0 11 0 0 0 0 0 0 0 0 0 11 0 11 
11 0 0 0 11 0 0 0 0 0 11 0 0 0 0 0 0 0 0 0 0 11 0 0 0 11 11 0 0 0 0 0 11 0 0 11 0 0 11 
11 0 0 0 0 0 0 0 11 11 0 0 0 0 0 0 0 0 15 0 0 0 11 0 0 0 0 0 0 0 11 11 0 0 0 0 0 11 11 
11 0 0 0 11 0 0 0 0 0 0 0 0 0 0 0 0 0 0 0 0 0 0 0 0 0 0 0 0 0 0 0 0 0 0 0 0 0 11 
11 11 0 11 0 0 0 0 11 0 11 0 0 0 11 0 0 0 0 0 0 11 0 0 0 0 0 0 0 0 11 0 0 0 0 0 0 0 11 
11 0 0 0 0 11 0 11 0 0 0 0 11 0 0 0 0 0 11 0 0 11 0 0 0 11 11 0 0 0 0 0 0 0 0 11 11 0 11 
11 0 11 0 0 0 11 0 0 0 0 0 0 0 0 0 11 0 0 0 0 0 0 11 0 0 0 11 0 0 0 11 0 0 0 0 0 0 11 
11 11 0 11 0 11 11 11 11 0 0 0 0 0 0 11 11 11 0 0 0 11 0 0 0 0 0 11 11 0 0 0 0 0 0 0 0 0 11 
11 0 0 0 0 11 0 0 0 0 0 0 0 0 0 0 0 0 0 0 0 11 0 11 0 0 0 0 0 11 0 0 0 0 0 0 0 11 11 
11 0 0 0 0 0 11 11 11 0 0 0 0 11 0 0 0 0 0 0 0 0 0 0 0 0 0 0 0 0 0 11 0 0 0 11 11 0 11 
11 0 0 11 0 0 11 0 0 11 11 0 11 0 0 11 0 0 0 0 0 0 0 0 11 0 0 0 0 11 0 0 0 0 11 0 0 0 11 
11 0 0 11 0 11 0 11 0 11 11 0 0 11 11 0 0 0 15 0 0 0 0 0 0 11 0 0 0 0 0 0 0 0 0 0 0 0 11 
11 11 0 11 0 0 0 11 0 0 0 0 15 0 0 0 0 0 0 0 11 0 11 0 0 11 11 0 0 0 0 11 11 11 0 0 0 11 11 
11 0 0 0 0 0 0 0 0 0 0 15 0 0 0 11 11 0 0 0 0 0 11 0 0 0 0 0 0 0 0 0 0 0 0 0 0 0 11 
11 0 11 0 0 0 0 11 0 0 0 11 11 0 0 0 0 0 0 0 0 0 11 0 11 0 0 11 0 0 0 0 11 0 0 11 0 0 11 
11 0 0 0 0 11 0 0 12 11 11 0 11 0 0 0 0 0 0 0 0 0 0 0 0 0 0 0 0 0 0 11 11 0 0 0 0 0 11 
11 0 0 0 0 11 11 0 11 11 0 0 0 0 0 11 0 0 0 0 0 0 0 0 0 0 0 0 15 0 0 0 0 11 0 0 11 0 11 
11 0 0 0 0 0 0 0 0 0 11 0 0 0 0 0 0 0 0 0 11 0 0 11 0 11 0 0 0 0 0 0 0 0 0 0 0 0 11 
11 11 11 0 0 0 0 0 0 11 0 0 0 0 0 0 0 0 0 0 0 0 0 0 11 0 0 0 0 0 0 0 0 11 0 11 11 11 11 
11 11 0 0 0 0 0 0 0 0 0 0 0 0 11 0 0 15 0 0 0 11 0 0 0 0 0 0 0 11 0 0 0 0 0 0 0 0 11 
11 0 0 0 0 0 0 0 0 0 0 0 11 11 0 0 0 11 11 0 0 11 0 11 0 0 0 0 0 0 0 0 0 0 0 0 0 0 11 
11 0 0 0 0 0 0 0 0 0 0 0 0 0 0 0 0 0 11 0 11 0 11 0 0 0 0 0 15 0 0 0 11 0 0 0 0 0 11 
11 11 0 0 11 11 0 11 0 0 0 0 11 0 0 11 0 0 0 0 0 0 0 0 0 0 0 0 0 0 11 0 0 0 0 0 11 0 11 
11 0 0 0 11 0 11 0 0 0 0 0 11 11 11 0 0 0 0 0 0 0 0 11 0 0 0 0 0 0 0 0 11 0 11 11 0 0 11 
11 11 0 0 0 0 0 0 0 0 0 0 0 0 11 0 0 11 0 0 0 0 0 0 11 0 11 0 0 0 11 0 11 0 0 11 0 0 11 
11 0 0 0 0 0 0 0 0 0 11 0 11 0 11 0 11 0 0 11 0 0 0 0 0 0 0 0 0 11 0 11 0 0 0 0 0 0 11 
11 11 11 11 11 11 11 11 11 11 11 11 11 11 11 11 11 11 11 11 11 11 11 11 11 11 11 11 11 11 11 11 11 11 11 11 11 11 11 

15910
11 11 11 11 11 11 11 11 11 11 11 11 11 11 11 11 11 11 11 11 11 11 11 11 11 11 11 11 11 11 11 11 11 11 11 11 11 11 11 
11 0 0 0 0 0 0 12 0 11 0 11 0 0 0 11 0 0 0 0 0 0 0 0 0 0 0 15 0 11 0 0 0 0 0 0 0 0 11 
11 0 0 11 11 0 0 0 11 11 0 0 0 0 0 0 11 0 11 0 0 0 0 0 11 0 11 0 0 0 0 0 11 0 0 0 0 0 11 
11 0 0 0 0 11 0 11 0 11 0 0 0 11 11 0 0 0 0 0 0 0 0 11 0 0 0 11 0 0 0 0 11 0 11 0 0 0 11 
11 0 0 0 0 0 0 0 11 13 14 0 0 0 0 11 0 0 0 11 0 0 0 0 11 0 11 0 0 0 11 11 0 11 0 0 11 11 11 
11 0 11 0 0 0 0 0 0 0 11 0 0 0 0 0 0 0 0 0 0 0 0 11 0 0 0 0 0 11 0 11 0 11 0 0 0 0 11 
11 0 0 0 11 0 0 0 0 0 0 11 0 0 11 0 0 0 0 0 11 0 0 0 0 0 11 0 0 0 0 0 0 0 0 0 11 0 11 
11 0 0 0 11 0 0 0 0 0 11 0 0 0 0 0 0 0 0 0 0 11 0 0 0 11 11 0 0 0 0 0 11 0 0 11 0 0 11 
11 0 0 0 0 0 0 0 11 11 0 0 0 0 0 0 0 0 15 0 0 0 11 0 0 0 0 0 0 0 11 11 0 0 0 0 0 11 11 
11 0 0 0 11 0 0 0 0 0 0 0 0 0 0 0 0 0 0 0 0 0 0 0 0 0 0 0 0 0 0 0 0 0 0 0 0 0 11 
11 11 0 11 0 0 0 0 11 0 11 0 0 0 11 0 0 0 0 0 0 11 0 0 0 0 0 0 0 0 11 0 0 0 0 0 0 0 11 
11 0 0 0 0 11 0 11 0 0 0 0 11 0 0 0 0 0 11 0 0 11 0 0 0 11 11 0 0 0 0 0 0 0 0 11 11 0 11 
11 0 11 0 0 0 11 0 0 0 0 0 0 0 0 0 11 0 0 0 0 0 0 11 0 0 0 11 0 0 0 11 0 0 0 0 0 0 11 
11 11 0 11 0 11 11 11 11 0 0 0 0 0 0 11 11 11 0 0 0 11 0 0 0 0 0 11 11 0 0 0 0 0 0 0 0 0 11 
11 0 0 0 0 11 0 0 0 0 0 0 0 0 0 0 0 0 0 0 0 11 0 11 0 0 0 0 0 11 0 0 0 0 0 0 0 11 11 
11 0 0 0 0 0 11 11 11 0 0 0 0 11 0 0 0 0 0 0 0 0 0 0 0 0 0 0 0 0 0 11 0 0 0 11 11 0 11 
11 0 0 11 0 0 11 0 0 11 11 0 11 0 0 11 0 0 0 0 0 0 0 0 11 0 0 0 0 11 0 0 0 0 11 0 0 0 11 
11 0 0 11 0 11 0 11 0 11 11 0 0 11 11 0 0 0 15 0 0 0 0 0 0 11 0 0 0 0 0 0 0 0 0 0 0 0 11 
11 11 0 11 0 0 0 11 0 0 0 0 15 0 0 0 0 0 0 0 11 0 11 0 0 11 11 0 0 0 0 11 11 11 0 0 0 11 11 
11 0 0 0 0 0 0 0 0 0 0 15 0 0 0 11 11 0 0 0 0 0 11 0 0 0 0 0 0 0 0 0 0 0 0 0 0 0 11 
11 0 11 0 0 0 0 11 0 0 0 11 11 0 0 0 0 0 0 0 0 0 11 0 11 0 0 11 0 0 0 0 11 0 0 11 0 0 11 
11 0 0 0 0 11 0 0 12 11 11 0 11 0 0 0 0 0 0 0 0 0 0 0 0 0 0 0 0 0 0 11 11 0 0 0 0 0 11 
11 0 0 0 0 11 11 0 11 11 0 0 0 0 0 11 0 0 0 0 0 0 0 0 0 0 0 0 15 0 0 0 0 11 0 0 11 0 11 
11 0 0 0 0 0 0 0 0 0 11 0 0 0 0 0 0 0 0 0 11 0 0 11 0 11 0 0 0 0 0 0 0 0 0 0 0 0 11 
11 11 11 0 0 0 0 0 0 11 0 0 0 0 0 0 0 0 0 0 0 0 0 0 11 0 0 0 0 0 0 0 0 11 0 11 11 11 11 
11 11 0 0 0 0 0 0 0 0 0 0 0 0 11 0 0 15 0 0 0 11 0 0 0 0 0 0 0 11 0 0 0 0 0 0 0 0 11 
11 0 0 0 0 0 0 0 0 0 0 0 11 11 0 0 0 11 11 0 0 11 0 11 0 0 0 0 0 0 0 0 0 0 0 0 0 0 11 
11 0 0 0 0 0 0 0 0 0 0 0 0 0 0 0 0 0 11 0 11 0 11 0 0 0 0 0 15 0 0 0 11 0 0 0 0 0 11 
11 11 0 0 11 11 0 11 0 0 0 0 11 0 0 11 0 0 0 0 0 0 0 0 0 0 0 0 0 0 11 0 0 0 0 0 11 0 11 
11 0 0 0 11 0 11 0 0 0 0 0 11 11 11 0 0 0 0 0 0 0 0 11 0 0 0 0 0 0 0 0 11 0 11 11 0 0 11 
11 11 0 0 0 0 0 0 0 0 0 0 0 0 11 0 0 11 0 0 0 0 0 0 11 0 11 0 0 0 11 0 11 0 0 11 0 0 11 
11 0 0 0 0 0 0 0 0 0 11 0 11 0 11 0 11 0 0 11 0 0 0 0 0 0 0 0 0 11 0 11 0 0 0 0 0 0 11 
11 11 11 11 11 11 11 11 11 11 11 11 11 11 11 11 11 11 11 11 11 11 11 11 11 11 11 11 11 11 11 11 11 11 11 11 11 11 11 

15892
11 11 11 11 11 11 11 11 11 11 11 11 11 11 11 11 11 11 11 11 11 11 11 11 11 11 11 11 11 11 11 11 11 11 11 11 11 11 11 
11 0 0 0 0 0 0 0 0 11 0 11 0 0 0 11 0 0 0 0 0 0 0 0 0 0 0 0 14 11 0 0 0 0 0 0 0 0 11 
11 0 0 11 11 0 0 0 11 11 0 0 0 0 0 0 11 0 11 0 0 0 0 0 11 0 11 0 0 0 0 0 11 0 0 0 0 0 11 
11 0 0 0 0 11 0 11 0 11 0 0 0 11 11 0 0 0 0 0 0 0 0 11 0 0 0 11 0 0 0 0 11 0 11 0 0 0 11 
11 0 0 0 0 0 0 0 11 0 0 0 0 0 0 11 0 0 0 11 0 0 0 0 11 0 11 0 0 0 11 11 0 11 0 0 11 11 11 
11 0 11 0 0 0 0 0 0 0 11 0 0 0 0 12 0 0 0 0 0 0 0 11 0 0 0 0 0 11 0 11 0 11 0 0 0 0 11 
11 0 0 0 11 0 0 0 0 0 0 11 0 0 11 0 0 0 0 0 11 0 0 0 0 0 11 0 0 0 0 0 0 0 0 0 11 0 11 
11 0 0 0 11 0 0 15 0 0 11 0 0 0 0 0 0 0 0 0 0 11 0 0 0 11 11 0 0 0 0 0 11 0 0 11 0 0 11 
11 0 0 0 0 0 0 0 11 11 0 0 0 0 0 0 0 0 15 0 0 0 11 0 0 0 0 0 0 0 11 11 0 0 0 0 0 11 11 
11 0 0 0 11 0 0 0 0 0 0 0 0 0 0 0 0 0 0 0 0 0 0 0 0 0 0 0 0 15 0 0 0 0 0 0 0 0 11 
11 11 0 11 0 0 0 0 11 0 11 0 0 0 11 0 0 0 0 0 0 11 0 0 0 0 0 0 0 0 11 0 0 0 0 0 0 0 11 
11 0 0 0 0 11 0 11 0 0 0 0 11 0 0 0 0 0 11 0 0 11 0 0 0 11 11 0 0 0 0 0 0 0 0 11 11 0 11 
11 0 11 0 0 0 11 0 0 0 0 0 0 0 0 0 11 0 0 0 0 0 0 11 0 0 0 11 0 0 0 11 0 0 0 0 0 0 11 
11 11 0 11 0 11 11 11 11 0 0 0 0 0 0 11 11 11 0 0 0 11 0 0 0 0 0 11 11 0 0 0 0 0 0 0 0 0 11 
11 0 0 0 0 11 0 0 0 0 0 0 0 0 0 0 0 0 0 0 0 11 0 11 0 0 0 0 0 11 0 0 0 0 0 0 0 11 11 
11 0 0 0 0 0 11 11 11 0 0 0 0 11 0 0 0 0 0 0 0 0 0 0 0 0 0 0 0 0 0 11 0 0 0 11 11 0 11 
11 0 0 11 0 0 11 0 0 11 11 0 11 0 0 11 0 0 0 0 0 0 0 0 11 0 0 0 0 11 0 0 0 0 0 0 0 0 11 
11 0 0 11 0 11 0 11 0 11 11 0 0 11 11 0 0 0 0 0 0 0 0 0 0 11 0 0 0 0 0 0 0 0 0 0 0 0 11 
11 11 0 11 0 0 0 11 0 0 0 0 0 0 0 0 0 0 0 0 11 0 11 0 0 11 11 0 0 0 0 11 11 11 0 0 0 11 11 
11 0 0 0 0 0 0 0 0 0 0 0 0 15 0 11 11 0 0 0 0 0 11 0 0 0 0 0 0 0 0 0 0 0 0 0 0 0 11 
11 0 11 0 0 0 0 11 0 0 15 11 11 0 0 0 0 0 0 0 0 0 11 0 11 0 0 11 0 0 0 0 11 0 0 11 0 0 11 
11 0 0 0 0 11 0 0 0 11 11 0 11 0 0 0 0 0 0 0 0 0 0 0 0 0 0 0 0 0 0 11 11 0 0 0 0 0 11 
11 0 0 0 0 11 11 0 11 11 0 0 0 0 0 11 0 0 0 0 0 0 0 0 0 0 0 0 0 0 0 0 0 11 0 0 11 0 11 
11 0 0 0 0 0 0 0 0 0 11 0 0 0 0 0 0 0 0 0 11 13 0 11 0 11 0 0 0 0 15 0 0 0 0 0 0 0 11 
11 11 11 0 0 0 0 0 0 11 0 0 0 0 0 0 0 0 0 0 0 0 0 0 11 0 0 0 0 0 0 0 0 11 0 11 11 11 11 
11 11 0 0 0 0 0 0 0 0 0 0 0 0 11 0 0 0 0 0 0 11 0 0 0 0 0 0 0 11 0 0 0 0 0 0 0 0 11 
11 0 0 0 0 0 0 0 0 0 0 0 11 11 0 0 0 11 11 0 0 11 0 11 0 0 0 0 0 0 0 0 0 0 0 0 0 0 11 
11 0 0 0 0 0 0 0 0 0 0 0 0 0 0 0 15 0 11 0 11 0 11 0 0 0 0 0 15 0 0 0 11 0 0 0 0 0 11 
11 11 0 0 11 11 0 11 0 0 0 0 11 0 0 11 0 0 0 0 0 0 0 0 0 0 0 0 0 0 11 0 0 0 0 0 11 0 11 
11 0 0 0 11 0 11 0 0 0 0 0 11 11 11 0 0 0 0 0 0 0 0 11 0 0 0 0 0 0 0 0 11 0 11 11 0 0 11 
11 11 0 0 0 0 0 0 0 0 0 0 0 0 11 0 0 11 0 0 0 0 0 0 11 0 11 0 0 0 11 0 11 0 0 11 0 0 11 
11 0 0 0 0 0 0 0 0 0 11 0 11 0 11 0 11 0 0 11 0 0 0 0 0 0 0 0 0 11 0 11 0 0 0 0 0 0 11 
11 11 11 11 11 11 11 11 11 11 11 11 11 11 11 11 11 11 11 11 11 11 11 11 11 11 11 11 11 11 11 11 11 11 11 11 11 11 11 

15924
11 11 11 11 11 11 11 11 11 11 11 11 11 11 11 11 11 11 11 11 11 11 11 11 11 11 11 11 11 11 11 11 11 11 11 11 11 11 11 
11 0 0 0 0 0 0 0 0 11 0 11 0 0 0 11 0 0 0 0 0 0 0 0 0 0 0 0 0 11 0 0 0 0 0 0 0 0 11 
11 0 0 11 11 0 0 0 11 11 0 15 0 0 0 0 11 11 11 0 0 0 0 0 11 0 11 0 0 0 0 0 11 0 0 0 0 0 11 
11 0 0 0 0 11 0 11 0 11 0 0 0 11 11 0 0 0 0 0 0 0 0 11 0 0 0 11 0 0 0 0 11 0 11 0 0 0 11 
11 0 0 0 0 0 0 0 11 0 0 0 0 0 0 11 0 0 0 0 0 0 13 0 11 0 11 0 0 15 11 11 0 11 0 0 11 11 11 
11 11 11 0 0 0 0 0 0 0 11 0 0 11 0 0 0 0 0 0 0 0 0 11 0 0 0 0 0 11 0 11 0 11 0 0 0 0 11 
11 0 0 0 11 0 0 0 0 0 0 11 0 0 11 0 0 0 0 0 11 0 0 0 0 0 11 0 0 0 0 0 0 0 0 0 11 0 11 
11 0 0 0 11 0 0 0 0 0 11 0 0 0 0 0 0 0 0 0 0 11 0 0 0 11 11 0 0 0 0 0 11 0 0 11 0 0 11 
11 0 0 0 0 0 0 0 11 11 0 0 0 0 0 0 0 0 14 0 0 0 11 0 0 0 0 0 0 0 11 11 0 0 0 0 0 11 11 
11 0 0 0 11 0 0 0 0 0 0 0 0 0 0 0 0 0 0 0 0 0 0 0 0 0 0 0 0 0 0 0 0 0 0 0 0 0 11 
11 11 0 11 0 0 0 0 11 0 11 0 0 0 11 0 0 0 0 0 0 11 0 0 0 0 0 0 0 0 11 0 0 0 0 0 0 0 11 
11 0 0 0 0 11 0 11 0 0 0 0 11 0 0 0 0 0 11 0 0 11 0 0 0 11 11 0 0 0 0 0 0 0 0 11 11 0 11 
11 0 11 0 11 0 11 0 0 0 0 0 0 0 0 0 11 0 0 0 0 0 0 11 0 0 0 11 0 0 0 11 0 0 0 11 0 0 11 
11 11 0 11 0 11 11 11 11 0 0 0 0 0 0 11 11 11 0 0 0 11 0 0 0 0 11 11 11 0 0 0 0 0 0 0 0 0 11 
11 0 0 0 0 11 0 0 0 0 0 0 0 0 0 0 0 0 0 0 0 11 0 11 0 0 0 0 0 11 0 0 0 0 0 0 0 11 11 
11 0 0 0 0 0 11 11 11 0 0 0 0 11 0 0 0 0 0 0 0 0 0 0 0 0 0 0 0 0 0 11 0 0 0 11 0 0 11 
11 0 0 11 0 0 11 0 0 0 11 0 11 0 0 11 0 0 0 0 0 0 0 0 11 0 0 0 0 11 0 0 0 0 11 0 0 0 11 
11 0 0 11 0 11 0 11 0 0 11 0 0 11 11 0 0 0 0 0 0 0 0 0 0 11 0 0 0 0 0 0 0 0 0 0 0 0 11 
11 11 0 11 0 0 0 11 0 0 0 15 0 0 0 0 0 0 0 0 11 0 0 0 0 11 11 0 0 0 0 11 11 11 0 0 0 11 11 
11 0 0 0 0 0 0 0 0 0 0 0 0 0 0 11 11 0 0 0 0 0 11 0 0 0 0 11 0 0 0 0 0 0 0 0 0 0 11 
11 0 11 0 0 0 0 11 0 0 15 11 11 0 0 0 0 0 0 0 0 0 11 0 11 0 0 11 0 0 0 0 11 0 0 11 0 0 11 
11 0 0 0 0 11 0 0 0 11 11 0 11 0 0 0 0 0 0 0 0 0 0 0 0 0 0 0 0 0 0 11 11 0 0 0 0 0 11 
11 0 0 0 0 0 11 0 11 11 0 0 0 0 0 11 0 0 0 0 0 0 0 0 0 0 0 0 0 0 15 0 0 11 0 0 11 0 11 
11 0 0 0 0 0 0 0 0 0 11 0 0 0 0 0 0 0 0 0 11 0 0 11 0 11 0 0 0 0 0 0 0 0 0 0 0 0 11 
11 0 11 0 0 0 0 0 0 11 0 0 0 0 0 0 0 0 0 0 0 0 0 0 11 0 0 0 0 0 0 0 0 11 0 11 11 0 11 
11 11 0 0 0 0 0 0 0 0 0 0 0 0 11 0 14 0 0 0 0 11 0 15 0 0 0 11 0 11 0 0 0 0 11 0 0 0 11 
11 0 0 0 0 0 0 0 0 0 0 0 11 11 0 15 0 11 11 0 0 11 0 11 0 0 0 0 0 0 0 0 0 0 0 0 0 0 11 
11 0 0 0 0 0 0 0 0 0 0 0 0 0 0 0 0 0 0 0 11 0 11 0 0 0 0 0 0 0 0 0 11 0 0 0 0 0 11 
11 11 0 0 11 11 0 0 0 0 0 11 11 0 0 11 0 0 0 0 0 0 0 0 0 0 0 0 0 0 11 0 0 0 0 0 11 0 11 
11 0 0 0 11 0 11 0 0 0 0 0 11 11 11 0 0 0 0 0 0 0 0 0 0 0 0 0 0 0 0 0 11 0 11 11 0 0 11 
11 11 0 0 0 0 0 0 0 0 0 0 0 0 11 0 0 11 0 0 0 0 0 0 11 0 11 0 0 0 11 0 11 0 0 11 0 0 11 
11 0 0 0 0 0 0 0 0 0 11 0 11 0 11 0 11 0 0 11 0 0 0 0 0 0 0 0 0 11 0 11 0 0 0 0 0 0 11 
11 11 11 11 11 11 11 11 11 11 11 11 11 11 11 11 11 11 11 11 11 11 11 11 11 11 11 11 11 11 11 11 11 11 11 11 11 11 11 

15924
11 11 11 11 11 11 11 11 11 11 11 11 11 11 11 11 11 11 11 11 11 11 11 11 11 11 11 11 11 11 11 11 11 11 11 11 11 11 11 
11 0 0 0 0 0 0 0 0 11 0 11 0 0 0 11 0 0 0 0 0 0 0 0 0 0 0 0 0 11 0 0 0 0 0 0 0 0 11 
11 0 0 11 11 0 0 0 11 11 0 15 0 0 0 0 11 11 11 0 0 0 0 0 11 0 11 0 0 0 0 0 11 0 0 0 0 0 11 
11 0 0 0 0 11 0 11 0 11 0 0 0 11 11 0 0 0 0 0 0 0 0 11 0 0 0 11 0 0 0 0 11 0 11 0 0 0 11 
11 0 0 0 0 0 0 0 11 0 0 0 0 0 0 11 0 0 0 0 0 0 13 0 11 0 11 0 0 15 11 11 0 11 0 0 11 11 11 
11 11 11 0 0 0 0 0 0 0 11 0 0 11 0 0 0 0 0 0 0 0 0 11 0 0 0 0 0 11 0 11 0 11 0 0 0 0 11 
11 0 0 0 11 0 0 0 0 0 0 11 0 0 11 0 0 0 0 0 11 0 0 0 0 0 11 0 0 0 0 0 0 0 0 0 11 0 11 
11 0 0 0 11 0 0 0 0 0 11 0 0 0 0 0 0 0 0 0 0 11 0 0 0 11 11 0 0 0 0 0 11 0 0 11 0 0 11 
11 0 0 0 0 0 0 0 11 11 0 0 0 0 0 0 0 0 14 0 0 0 11 0 0 0 0 0 0 0 11 11 0 0 0 0 0 11 11 
11 0 0 0 11 0 0 0 0 0 0 0 0 0 0 0 0 0 0 0 0 0 0 0 0 0 0 0 0 0 0 0 0 0 0 0 0 0 11 
11 11 0 11 0 0 0 0 11 0 11 0 0 0 11 0 0 0 0 0 0 11 0 0 0 0 0 0 0 0 11 0 0 0 0 0 0 0 11 
11 0 0 0 0 11 0 11 0 0 0 0 11 0 0 0 0 0 11 0 0 11 0 0 0 11 11 0 0 0 0 0 0 0 0 11 11 0 11 
11 0 11 0 11 0 11 0 0 0 0 0 0 0 0 0 11 0 0 0 0 0 0 11 0 0 0 11 0 0 0 11 0 0 0 11 0 0 11 
11 11 0 11 0 11 11 11 11 0 0 0 0 0 0 11 11 11 0 0 0 11 0 0 0 0 11 11 11 0 0 0 0 0 0 0 0 0 11 
11 0 0 0 0 11 0 0 0 0 0 0 0 0 0 0 0 0 0 0 0 11 0 11 0 0 0 0 0 11 0 0 0 0 0 0 0 11 11 
11 0 0 0 0 0 11 11 11 0 0 0 0 11 0 0 0 0 0 0 0 0 0 0 0 0 0 0 0 0 0 11 0 0 0 11 0 0 11 
11 0 0 11 0 0 11 0 0 0 11 0 11 0 0 11 0 0 0 0 0 0 0 0 11 0 0 0 0 11 0 0 0 0 11 0 0 0 11 
11 0 0 11 0 11 0 11 0 0 11 0 0 11 11 0 0 0 0 0 0 0 0 0 0 11 0 0 0 0 0 0 0 0 0 0 0 0 11 
11 11 0 11 0 0 0 11 0 0 0 15 0 0 0 0 0 0 0 0 11 0 0 0 0 11 11 0 0 0 0 11 11 11 0 0 0 11 11 
11 0 0 0 0 0 0 0 0 0 0 0 0 0 0 11 11 0 0 0 0 0 11 0 0 0 0 11 0 0 0 0 0 0 0 0 0 0 11 
11 0 11 0 0 0 0 11 0 0 15 11 11 0 0 0 0 0 0 0 0 0 11 0 11 0 0 11 0 0 0 0 11 0 0 11 0 0 11 
11 0 0 0 0 11 0 0 0 11 11 0 11 0 0 0 0 0 0 0 0 0 0 0 0 0 0 0 0 0 0 11 11 0 0 0 0 0 11 
11 0 0 0 0 0 11 0 11 11 0 0 0 0 0 11 0 0 0 0 0 0 0 0 0 0 0 0 0 0 15 0 0 11 0 0 11 0 11 
11 0 0 0 0 0 0 0 0 0 11 0 0 0 0 0 0 0 0 0 11 0 0 11 0 11 0 0 0 0 0 0 0 0 0 0 0 0 11 
11 0 11 0 0 0 0 0 0 11 0 0 0 0 0 0 0 0 0 0 0 0 0 0 11 0 0 0 0 0 0 0 0 11 0 11 11 0 11 
11 11 0 0 0 0 0 0 0 0 0 0 0 0 11 0 14 0 0 0 0 11 0 15 0 0 0 11 0 11 0 0 0 0 11 0 0 0 11 
11 0 0 0 0 0 0 0 0 0 0 0 11 11 0 15 0 11 11 0 0 11 0 11 0 0 0 0 0 0 0 0 0 0 0 0 0 0 11 
11 0 0 0 0 0 0 0 0 0 0 0 0 0 0 0 0 0 0 0 11 0 11 0 0 0 0 0 0 0 0 0 11 0 0 0 0 0 11 
11 11 0 0 11 11 0 0 0 0 0 11 11 0 0 11 0 0 0 0 0 0 0 0 0 0 0 0 0 0 11 0 0 0 0 0 11 0 11 
11 0 0 0 11 0 11 0 0 0 0 0 11 11 11 0 0 0 0 0 0 0 0 0 0 0 0 0 0 0 0 0 11 0 11 11 0 0 11 
11 11 0 0 0 0 0 0 0 0 0 0 0 0 11 0 0 11 0 0 0 0 0 0 11 0 11 0 0 0 11 0 11 0 0 11 0 0 11 
11 0 0 0 0 0 0 0 0 0 11 0 11 0 11 0 11 0 0 11 0 0 0 0 0 0 0 0 0 11 0 11 0 0 0 0 0 0 11 
11 11 11 11 11 11 11 11 11 11 11 11 11 11 11 11 11 11 11 11 11 11 11 11 11 11 11 11 11 11 11 11 11 11 11 11 11 11 11 

15924
11 11 11 11 11 11 11 11 11 11 11 11 11 11 11 11 11 11 11 11 11 11 11 11 11 11 11 11 11 11 11 11 11 11 11 11 11 11 11 
11 0 0 0 0 0 0 0 0 11 0 11 0 0 0 11 0 0 0 0 0 0 0 0 0 0 0 0 0 11 0 0 0 0 0 0 0 0 11 
11 0 0 11 11 0 0 0 11 11 0 15 0 0 0 0 11 11 11 0 0 0 0 0 11 0 11 0 0 0 0 0 11 0 0 0 0 0 11 
11 0 0 0 0 11 0 11 0 11 0 0 0 11 11 0 0 0 0 0 0 0 0 11 0 0 0 11 0 0 0 0 11 0 11 0 0 0 11 
11 0 0 0 0 0 0 0 11 0 0 0 0 0 0 11 0 0 0 0 0 0 13 0 11 0 11 0 0 15 11 11 0 11 0 0 11 11 11 
11 11 11 0 0 0 0 0 0 0 11 0 0 11 0 0 0 0 0 0 0 0 0 11 0 0 0 0 0 11 0 11 0 11 0 0 0 0 11 
11 0 0 0 11 0 0 0 0 0 0 11 0 0 11 0 0 0 0 0 11 0 0 0 0 0 11 0 0 0 0 0 0 0 0 0 11 0 11 
11 0 0 0 11 0 0 0 0 0 11 0 0 0 0 0 0 0 0 0 0 11 0 0 0 11 11 0 0 0 0 0 11 0 0 11 0 0 11 
11 0 0 0 0 0 0 0 11 11 0 0 0 0 0 0 0 0 14 0 0 0 11 0 0 0 0 0 0 0 11 11 0 0 0 0 0 11 11 
11 0 0 0 11 0 0 0 0 0 0 0 0 0 0 0 0 0 0 0 0 0 0 0 0 0 0 0 0 0 0 0 0 0 0 0 0 0 11 
11 11 0 11 0 0 0 0 11 0 11 0 0 0 11 0 0 0 0 0 0 11 0 0 0 0 0 0 0 0 11 0 0 0 0 0 0 0 11 
11 0 0 0 0 11 0 11 0 0 0 0 11 0 0 0 0 0 11 0 0 11 0 0 0 11 11 0 0 0 0 0 0 0 0 11 11 0 11 
11 0 11 0 11 0 11 0 0 0 0 0 0 0 0 0 11 0 0 0 0 0 0 11 0 0 0 11 0 0 0 11 0 0 0 11 0 0 11 
11 11 0 11 0 11 11 11 11 0 0 0 0 0 0 11 11 11 0 0 0 11 0 0 0 0 11 11 11 0 0 0 0 0 0 0 0 0 11 
11 0 0 0 0 11 0 0 0 0 0 0 0 0 0 0 0 0 0 0 0 11 0 11 0 0 0 0 0 11 0 0 0 0 0 0 0 11 11 
11 0 0 0 0 0 11 11 11 0 0 0 0 11 0 0 0 0 0 0 0 0 0 0 0 0 0 0 0 0 0 11 0 0 0 11 0 0 11 
11 0 0 11 0 0 11 0 0 0 11 0 11 0 0 11 0 0 0 0 0 0 0 0 11 0 0 0 0 11 0 0 0 0 11 0 0 0 11 
11 0 0 11 0 11 0 11 0 0 11 0 0 11 11 0 0 0 0 0 0 0 0 0 0 11 0 0 0 0 0 0 0 0 0 0 0 0 11 
11 11 0 11 0 0 0 11 0 0 0 15 0 0 0 0 0 0 0 0 11 0 0 0 0 11 11 0 0 0 0 11 11 11 0 0 0 11 11 
11 0 0 0 0 0 0 0 0 0 0 0 0 0 0 11 11 0 0 0 0 0 11 0 0 0 0 11 0 0 0 0 0 0 0 0 0 0 11 
11 0 11 0 0 0 0 11 0 0 15 11 11 0 0 0 0 0 0 0 0 0 11 0 11 0 0 11 0 0 0 0 11 0 0 11 0 0 11 
11 0 0 0 0 11 0 0 0 11 11 0 11 0 0 0 0 0 0 0 0 0 0 0 0 0 0 0 0 0 0 11 11 0 0 0 0 0 11 
11 0 0 0 0 0 11 0 11 11 0 0 0 0 0 11 0 0 0 0 0 0 0 0 0 0 0 0 0 0 15 0 0 11 0 0 11 0 11 
11 0 0 0 0 0 0 0 0 0 11 0 0 0 0 0 0 0 0 0 11 0 0 11 0 11 0 0 0 0 0 0 0 0 0 0 0 0 11 
11 0 11 0 0 0 0 0 0 11 0 0 0 0 0 0 0 0 0 0 0 0 0 0 11 0 0 0 0 0 0 0 0 11 0 11 11 0 11 
11 11 0 0 0 0 0 0 0 0 0 0 0 0 11 0 14 0 0 0 0 11 0 15 0 0 0 11 0 11 0 0 0 0 11 0 0 0 11 
11 0 0 0 0 0 0 0 0 0 0 0 11 11 0 15 0 11 11 0 0 11 0 11 0 0 0 0 0 0 0 0 0 0 0 0 0 0 11 
11 0 0 0 0 0 0 0 0 0 0 0 0 0 0 0 0 0 0 0 11 0 11 0 0 0 0 0 0 0 0 0 11 0 0 0 0 0 11 
11 11 0 0 11 11 0 0 0 0 0 11 11 0 0 11 0 0 0 0 0 0 0 0 0 0 0 0 0 0 11 0 0 0 0 0 11 0 11 
11 0 0 0 11 0 11 0 0 0 0 0 11 11 11 0 0 0 0 0 0 0 0 0 0 0 0 0 0 0 0 0 11 0 11 11 0 0 11 
11 11 0 0 0 0 0 0 0 0 0 0 0 0 11 0 0 11 0 0 0 0 0 0 11 0 11 0 0 0 11 0 11 0 0 11 0 0 11 
11 0 0 0 0 0 0 0 0 0 11 0 11 0 11 0 11 0 0 11 0 0 0 0 0 0 0 0 0 11 0 11 0 0 0 0 0 0 11 
11 11 11 11 11 11 11 11 11 11 11 11 11 11 11 11 11 11 11 11 11 11 11 11 11 11 11 11 11 11 11 11 11 11 11 11 11 11 11 

15903
11 11 11 11 11 11 11 11 11 11 11 11 11 11 11 11 11 11 11 11 11 11 11 11 11 11 11 11 11 11 11 11 11 11 11 11 11 11 11 
11 0 0 0 0 0 0 0 0 11 0 11 0 0 0 11 0 0 0 0 0 0 0 0 0 0 0 0 14 11 0 0 0 0 0 0 0 0 11 
11 0 0 11 11 0 0 0 11 11 0 15 0 0 0 0 11 11 11 0 0 0 0 0 11 0 11 0 0 0 0 0 11 0 0 0 0 0 11 
11 0 0 0 0 11 0 11 0 11 0 0 0 11 11 0 0 0 0 0 0 0 0 11 0 0 0 11 0 0 0 0 11 0 11 0 0 0 11 
11 0 0 0 0 0 0 0 11 0 0 0 0 0 0 11 0 0 0 0 0 0 0 0 11 0 11 0 0 0 11 11 0 11 0 0 11 11 11 
11 11 11 0 0 0 0 0 0 0 11 0 0 11 0 0 0 0 0 15 0 0 0 11 0 0 0 0 0 11 0 11 0 11 0 0 0 0 11 
11 0 0 0 11 0 0 0 0 0 0 11 0 0 11 0 0 0 0 0 11 0 0 0 0 0 11 0 0 0 0 0 0 0 0 0 11 0 11 
11 0 0 0 11 0 0 0 0 0 11 0 0 0 0 0 0 0 0 0 0 11 0 0 0 11 11 0 0 0 0 0 11 0 0 11 0 0 11 
11 0 0 0 0 0 0 0 11 11 0 0 0 0 0 0 0 0 0 0 0 0 11 0 0 0 0 0 0 0 11 11 0 0 0 0 0 11 11 
11 0 0 0 11 0 0 0 0 0 0 0 0 0 0 0 0 0 0 0 0 0 0 0 0 0 0 0 0 0 0 0 0 0 0 0 0 0 11 
11 11 0 11 0 0 0 0 11 0 11 0 0 0 11 0 0 0 0 0 0 11 0 0 0 0 0 0 0 0 11 0 0 0 0 0 0 0 11 
11 0 0 0 0 11 0 11 0 0 0 0 11 0 0 0 0 0 11 0 0 11 0 0 0 11 11 0 0 0 0 0 0 0 0 11 11 0 11 
11 0 11 0 11 0 11 0 0 0 0 0 0 0 0 0 11 0 0 0 0 0 0 11 0 0 0 11 0 0 0 11 0 0 0 11 0 0 11 
11 11 0 11 0 11 11 11 11 0 0 0 0 0 0 11 11 11 0 0 0 11 0 0 0 0 11 11 11 0 0 0 0 0 0 0 0 0 11 
11 0 0 0 0 11 0 0 0 0 0 0 0 0 0 0 0 0 0 0 0 11 0 11 0 0 0 0 0 11 0 0 0 0 0 0 0 11 11 
11 0 0 0 0 0 11 11 11 0 0 0 0 11 0 0 0 0 0 0 0 0 0 0 0 0 0 0 0 0 0 11 0 0 0 11 0 0 11 
11 0 0 11 0 0 11 0 0 0 11 0 11 0 0 11 0 0 0 0 0 0 0 0 11 0 0 0 0 11 0 0 0 0 11 0 0 0 11 
11 0 0 11 0 11 0 11 0 0 11 0 0 11 11 0 0 0 0 0 0 0 15 0 0 11 0 0 0 0 0 0 0 0 0 0 0 0 11 
11 11 0 11 0 0 0 11 0 0 15 15 0 0 0 0 0 0 0 0 11 0 0 0 0 11 11 0 0 0 0 11 11 11 0 0 0 11 11 
11 0 0 0 0 0 0 0 0 0 0 0 0 0 0 11 11 0 0 0 0 0 11 0 0 0 0 11 0 0 0 0 0 0 0 0 0 0 11 
11 0 11 0 0 0 0 11 0 0 0 11 11 0 0 0 0 0 0 0 0 0 11 0 11 0 0 11 0 0 0 0 11 0 0 11 0 0 11 
11 0 0 0 0 11 0 0 0 11 11 0 11 0 0 0 0 0 0 0 0 0 0 0 0 0 0 0 0 0 0 11 11 0 0 0 0 0 11 
11 0 0 0 0 0 11 0 11 11 0 0 0 0 0 11 0 0 0 0 0 0 0 0 0 0 0 0 0 0 0 0 0 11 0 0 11 15 11 
11 0 0 0 0 0 0 0 0 0 11 0 0 0 0 0 0 0 0 0 11 15 0 11 0 11 0 0 0 0 0 0 0 0 0 0 0 0 11 
11 0 11 0 0 0 0 0 0 11 0 0 0 0 0 0 0 0 0 0 0 0 0 0 11 0 0 0 0 0 0 0 0 11 0 11 11 0 11 
11 11 0 0 0 0 0 0 0 0 0 0 0 0 11 0 14 0 0 0 0 11 0 0 0 0 0 11 0 11 0 0 0 0 11 0 0 0 11 
11 0 0 0 0 0 0 0 0 0 0 0 11 11 0 0 0 11 11 0 0 11 0 11 0 0 0 0 0 0 0 0 0 0 0 0 0 0 11 
11 0 0 0 0 0 0 0 0 0 0 0 0 0 0 0 0 0 0 0 11 0 11 0 0 0 0 0 0 0 0 0 11 0 0 0 11 0 11 
11 11 0 0 11 11 0 0 0 0 0 11 11 0 0 11 0 0 0 0 0 0 0 0 0 0 0 0 0 0 11 0 0 0 0 0 11 0 11 
11 0 0 0 11 0 11 0 0 0 0 0 11 11 11 0 0 0 0 0 0 0 0 0 0 0 0 0 0 0 0 0 11 0 11 11 0 0 11 
11 11 0 0 0 0 0 0 0 0 0 0 0 0 11 0 0 11 0 0 0 0 0 0 11 0 11 0 0 0 11 0 11 0 0 11 0 0 11 
11 0 0 0 0 0 0 0 0 0 11 0 11 0 11 0 11 0 0 11 0 0 0 0 0 0 0 0 0 11 0 11 0 0 0 0 0 0 11 
11 11 11 11 11 11 11 11 11 11 11 11 11 11 11 11 11 11 11 11 11 11 11 11 11 11 11 11 11 11 11 11 11 11 11 11 11 11 11 

15818
11 11 11 11 11 11 11 11 11 11 11 11 11 11 11 11 11 11 11 11 11 11 11 11 11 11 11 11 11 11 11 11 11 11 11 11 11 11 11 
11 0 0 0 0 0 0 0 0 11 0 11 0 0 0 11 0 0 0 0 0 0 0 0 0 0 0 0 14 11 0 0 0 0 0 0 0 0 11 
11 0 0 11 11 0 0 0 11 11 0 0 0 0 0 0 11 11 11 0 0 0 0 0 11 0 11 0 0 0 0 0 11 0 0 0 0 0 11 
11 0 0 0 0 11 0 11 0 11 0 0 0 11 11 0 0 0 0 0 0 0 0 11 0 0 0 11 0 0 0 0 11 0 11 0 0 0 11 
11 0 0 0 0 0 0 0 11 0 0 0 0 0 0 11 0 0 0 0 0 0 0 0 11 0 11 0 0 0 11 11 0 11 0 0 11 11 11 
11 11 11 0 0 0 0 0 0 0 11 0 0 11 0 0 0 0 0 0 0 0 0 11 0 0 0 0 0 11 0 11 0 11 0 0 0 0 11 
11 0 0 0 11 0 0 0 0 0 0 11 0 0 11 0 0 0 15 0 11 0 0 0 14 0 11 0 0 0 0 0 0 0 0 0 11 0 11 
11 0 0 0 11 0 0 0 0 15 11 0 0 0 0 0 0 0 0 0 0 11 0 0 0 11 11 0 0 0 0 0 11 0 0 11 0 0 11 
11 0 0 0 0 0 0 0 11 11 0 0 0 0 0 0 0 0 0 0 0 0 11 0 0 0 0 0 0 0 11 11 0 0 0 0 0 11 11 
11 0 0 0 11 0 0 0 0 0 0 0 0 0 0 0 0 0 0 0 0 0 0 0 0 0 0 0 0 0 0 0 0 0 0 0 0 0 11 
11 11 0 11 0 0 0 0 11 0 11 0 0 0 11 0 0 0 0 0 0 11 0 0 0 0 0 0 0 0 11 0 0 0 0 0 0 0 11 
11 0 0 0 0 11 0 11 0 0 0 0 11 0 0 0 0 0 11 0 0 11 0 0 0 11 11 0 0 0 0 0 0 0 0 11 11 0 11 
11 0 11 0 11 0 11 0 0 0 0 0 0 0 0 0 11 0 0 0 0 0 0 11 0 0 0 11 0 0 0 11 0 0 0 11 0 0 11 
11 11 0 11 0 11 11 11 11 0 0 0 0 0 0 11 11 11 0 0 0 11 0 0 0 0 11 11 11 0 0 0 0 0 0 0 0 0 11 
11 0 0 0 0 11 0 0 0 0 0 0 0 0 0 0 0 0 0 0 0 11 0 11 0 0 0 0 0 11 0 0 0 0 0 0 0 11 11 
11 0 0 0 0 0 11 11 11 0 0 0 0 11 14 0 0 0 0 0 0 0 0 0 0 0 0 0 0 0 0 11 0 0 0 11 0 0 11 
11 0 0 11 0 0 11 0 0 0 11 0 11 0 0 11 0 0 0 0 0 0 0 0 11 0 0 0 0 11 0 0 0 0 11 0 0 0 11 
11 0 0 11 0 11 0 11 0 0 11 0 0 11 11 0 0 0 0 0 0 0 0 0 0 11 0 0 0 0 0 0 0 0 0 0 0 0 11 
11 11 0 11 0 0 0 11 0 0 0 0 0 0 0 0 0 0 0 0 11 0 0 0 0 11 11 0 0 0 0 11 11 11 0 0 0 11 11 
11 0 0 0 0 0 0 0 0 0 0 0 0 0 0 11 11 0 0 0 0 0 11 0 0 0 0 11 0 0 0 0 0 0 0 0 0 0 11 
11 0 11 0 0 0 0 11 0 0 15 11 11 0 0 0 0 0 0 0 0 0 11 0 11 0 0 11 0 0 0 0 11 15 0 11 0 0 11 
11 0 0 0 0 11 0 0 0 11 11 0 11 0 0 0 0 0 0 0 0 0 0 0 0 0 0 0 0 0 0 11 11 0 0 0 0 0 11 
11 0 0 0 0 0 11 0 11 11 0 0 0 0 0 11 0 0 0 0 0 0 0 0 0 0 0 0 0 0 0 0 0 11 0 0 11 0 11 
11 0 0 0 0 0 0 0 14 0 11 0 0 0 0 0 0 0 0 0 11 0 0 11 0 11 0 0 0 0 0 0 0 0 0 0 0 0 11 
11 0 11 0 0 0 0 0 0 11 0 0 0 0 0 0 0 0 0 0 0 15 0 0 11 0 0 0 0 0 0 0 0 11 0 11 11 0 11 
11 11 0 0 0 0 0 0 0 0 0 0 0 0 11 0 14 14 0 0 0 11 0 0 0 0 0 11 0 11 0 0 0 0 11 0 0 0 11 
11 0 0 0 0 0 0 0 0 0 0 0 11 11 0 0 0 11 11 0 0 11 0 11 0 0 0 0 0 0 0 0 0 0 0 0 0 0 11 
11 0 0 0 0 0 0 0 0 0 0 0 0 0 0 0 0 0 0 0 11 0 11 0 0 0 15 0 0 0 0 0 11 0 0 0 0 0 11 
11 11 0 0 11 11 0 0 0 0 0 11 11 0 0 11 0 0 0 0 0 0 0 0 0 0 0 0 0 0 11 0 0 0 0 0 11 0 11 
11 0 0 0 11 0 11 0 0 0 0 0 11 11 11 0 0 0 0 0 0 0 0 0 0 0 0 0 0 0 0 0 11 0 11 11 0 0 11 
11 11 0 0 0 0 0 0 0 0 0 0 0 0 11 0 0 11 0 0 0 0 0 0 11 0 11 0 0 0 11 0 11 0 0 11 0 0 11 
11 0 0 0 0 0 0 0 0 0 11 0 11 0 11 0 11 0 0 11 0 0 0 0 0 0 0 0 0 11 0 11 0 0 0 0 0 0 11 
11 11 11 11 11 11 11 11 11 11 11 11 11 11 11 11 11 11 11 11 11 11 11 11 11 11 11 11 11 11 11 11 11 11 11 11 11 11 11 

15963
11 11 11 11 11 11 11 11 11 11 11 11 11 11 11 11 11 11 11 11 11 11 11 11 11 11 11 11 11 11 11 11 11 11 11 11 11 11 11 
11 0 11 0 0 0 0 0 0 11 0 11 0 0 0 11 0 0 0 0 0 0 0 0 0 0 0 0 14 11 0 0 0 0 0 0 0 0 11 
11 0 0 11 11 0 0 0 11 11 0 0 0 0 0 0 11 11 11 0 0 0 0 0 11 0 11 0 0 0 0 0 11 0 0 0 0 0 11 
11 0 0 0 0 11 0 11 0 11 0 0 0 11 11 0 0 0 0 0 0 0 0 11 0 0 0 11 0 0 0 0 11 0 11 0 0 0 11 
11 0 0 0 0 0 0 0 11 0 0 0 0 0 0 11 0 0 0 0 0 0 0 0 11 0 11 0 0 0 11 11 0 11 0 0 11 11 11 
11 11 11 0 11 0 0 0 0 0 11 0 0 11 0 0 0 0 0 0 0 0 0 11 0 0 0 0 0 11 0 11 0 11 0 0 0 0 11 
11 0 0 0 11 0 0 0 0 0 0 11 0 0 11 0 0 0 0 0 11 0 0 0 11 0 11 0 0 0 0 0 0 0 0 0 11 0 11 
11 0 0 0 11 0 0 0 0 0 11 0 0 0 0 0 0 0 0 14 0 11 0 0 0 11 11 0 0 0 0 0 11 0 0 11 0 0 11 
11 0 0 0 0 0 0 15 11 11 0 0 0 0 0 0 0 0 0 0 0 0 11 0 0 0 0 0 0 0 11 11 0 0 0 0 0 11 11 
11 0 0 0 11 0 0 0 0 0 0 0 0 0 0 0 0 0 0 0 0 0 0 15 0 0 0 0 0 0 0 0 0 0 0 0 0 0 11 
11 11 0 11 0 0 0 0 11 0 11 0 0 0 11 0 0 0 0 0 0 11 0 0 0 0 0 0 0 0 11 0 0 0 0 0 0 0 11 
11 0 0 0 0 11 0 0 0 0 0 0 0 0 0 0 0 0 11 0 0 11 0 0 0 11 11 0 0 0 0 0 0 0 0 11 11 0 11 
11 0 11 0 0 0 11 0 0 0 0 0 0 0 0 0 11 0 0 0 0 0 0 11 0 0 0 11 0 0 0 11 0 0 0 11 0 0 11 
11 11 0 11 0 11 11 11 11 0 0 0 0 0 0 11 11 11 0 0 0 11 0 0 0 0 11 11 11 0 0 0 0 0 0 0 0 0 11 
11 0 0 0 0 11 0 0 0 0 0 0 0 0 0 0 0 0 0 0 0 11 0 11 0 0 0 0 0 11 0 0 0 0 0 0 0 11 11 
11 0 0 0 0 0 11 11 11 0 0 0 0 11 0 0 0 0 0 0 0 0 0 0 0 0 0 0 0 0 0 11 0 0 0 11 11 0 11 
11 0 0 11 0 0 11 0 0 0 11 0 11 0 0 11 0 0 0 0 0 0 0 0 11 0 0 0 0 11 0 0 0 0 11 0 0 0 11 
11 0 0 11 0 11 0 11 0 0 11 0 11 11 0 0 0 0 0 0 0 0 0 0 0 11 0 0 0 0 0 0 0 0 0 0 0 0 11 
11 11 0 11 0 0 0 11 0 0 0 0 0 0 0 0 0 0 0 0 11 0 0 0 0 11 11 0 0 0 0 11 11 11 0 0 0 11 11 
11 0 0 0 0 0 0 0 0 0 15 0 0 0 0 11 11 0 0 0 0 0 11 0 0 0 0 0 0 0 0 0 0 0 0 0 0 0 11 
11 0 11 0 0 0 0 11 0 0 0 0 11 0 15 0 0 0 0 0 0 0 11 0 11 0 0 11 0 0 0 0 11 0 0 11 0 0 11 
11 0 0 0 0 11 0 0 0 11 11 0 11 0 0 0 0 0 11 0 0 0 0 0 0 0 0 0 0 0 0 11 11 0 0 0 0 0 11 
11 0 0 0 0 0 11 0 11 11 0 0 0 0 0 11 0 11 0 0 0 0 0 0 0 0 0 0 0 0 0 0 0 11 0 0 11 0 11 
11 0 0 0 0 0 11 0 0 0 11 0 0 0 0 0 0 0 0 0 11 0 0 11 0 0 0 0 0 15 0 0 0 0 0 0 0 0 11 
11 11 11 0 0 0 0 0 0 11 0 0 0 0 0 0 0 0 0 0 0 0 0 0 11 0 0 0 0 0 0 0 0 11 0 11 11 11 11 
11 11 0 0 0 0 0 0 0 0 0 0 0 0 11 0 15 0 0 0 0 11 0 0 0 0 0 0 0 11 0 0 0 0 0 0 0 0 11 
11 0 0 0 0 0 0 0 0 0 0 0 11 11 0 0 0 11 11 0 0 11 0 11 0 0 0 15 0 0 0 0 0 0 0 0 0 0 11 
11 0 0 0 0 0 0 0 0 0 0 0 0 0 0 0 0 0 0 0 11 0 11 0 0 0 0 0 0 0 0 0 0 0 0 0 0 0 11 
11 11 0 0 11 11 0 0 0 0 0 0 11 0 0 11 0 0 0 0 0 0 0 0 0 0 0 0 0 0 11 0 0 0 0 0 11 0 11 
11 0 0 0 11 0 11 0 0 0 0 0 11 11 11 0 0 0 0 0 0 0 0 11 0 0 0 0 0 0 0 0 11 0 11 11 0 0 11 
11 11 0 0 0 0 0 0 0 0 0 0 0 0 11 0 0 11 0 0 0 0 0 0 11 0 11 0 0 0 11 11 11 0 0 11 0 0 11 
11 0 0 0 0 0 0 0 0 0 11 0 11 0 11 0 11 0 0 11 0 0 0 0 0 0 0 0 0 11 0 11 0 0 0 0 0 0 11 
11 11 11 11 11 11 11 11 11 11 11 11 11 11 11 11 11 11 11 11 11 11 11 11 11 11 11 11 11 11 11 11 11 11 11 11 11 11 11 

15930
11 11 11 11 11 11 11 11 11 11 11 11 11 11 11 11 11 11 11 11 11 11 11 11 11 11 11 11 11 11 11 11 11 11 11 11 11 11 11 
11 0 11 0 0 0 0 0 0 11 0 11 0 0 0 11 0 0 0 0 0 0 0 0 0 0 0 0 0 11 0 0 0 0 0 0 0 0 11 
11 0 0 11 11 0 0 0 11 11 0 0 0 0 0 0 11 11 11 0 0 0 0 0 11 0 11 0 0 0 0 0 11 0 0 0 0 0 11 
11 0 0 0 0 11 0 11 0 11 0 15 0 11 11 0 0 0 0 0 0 0 0 11 0 0 0 11 0 0 0 0 11 0 11 0 0 0 11 
11 0 0 0 0 0 0 0 11 0 0 0 0 0 0 11 0 0 0 0 0 0 0 0 11 0 11 0 0 0 11 11 0 11 14 0 11 11 11 
11 11 11 0 11 0 0 0 0 0 11 0 0 11 0 0 0 0 0 0 0 0 0 11 0 0 0 0 0 11 0 11 0 11 0 0 0 0 11 
11 0 0 0 11 0 0 0 0 0 0 11 0 0 11 0 0 0 0 0 11 0 0 0 11 0 11 0 0 0 0 0 0 0 0 0 11 0 11 
11 0 0 0 11 0 0 0 0 0 11 0 0 0 0 0 0 0 0 0 0 11 0 0 15 11 11 0 0 0 0 0 11 0 0 11 0 0 11 
11 0 0 0 0 0 0 0 11 11 0 0 0 0 0 0 0 0 0 0 0 0 11 0 0 0 0 0 0 0 11 11 0 0 0 0 0 11 11 
11 0 0 0 11 0 0 0 0 0 0 0 0 0 0 0 0 0 0 0 0 0 0 0 0 0 0 0 0 0 0 0 0 0 0 0 0 0 11 
11 11 0 11 0 0 0 0 11 0 11 0 0 0 11 0 0 0 0 0 0 11 0 0 0 0 0 0 0 0 11 0 0 0 0 0 0 0 11 
11 0 0 0 0 11 0 0 0 0 0 0 0 0 0 0 0 0 11 0 0 11 0 0 0 11 11 0 0 0 0 0 0 0 0 11 11 0 11 
11 0 11 0 0 0 11 0 0 0 0 0 0 0 0 0 11 0 0 0 0 0 0 11 0 0 0 11 0 0 0 11 0 0 0 11 0 0 11 
11 11 0 11 0 11 11 11 11 0 0 0 0 0 0 11 11 11 0 0 0 11 0 0 0 0 11 11 11 0 0 0 0 0 0 0 0 0 11 
11 0 0 0 0 11 0 0 0 0 0 0 0 0 0 0 0 0 0 0 0 11 0 11 0 0 0 0 0 11 0 0 0 0 0 0 0 11 11 
11 0 0 0 0 0 11 11 11 0 0 0 0 11 0 0 0 0 0 0 0 0 0 0 0 0 0 0 0 0 0 11 0 0 0 11 11 0 11 
11 0 0 11 0 0 11 0 0 13 11 0 11 0 0 11 0 0 0 0 0 0 0 0 11 0 0 0 0 11 0 0 0 0 11 0 0 0 11 
11 0 0 11 0 11 0 11 0 0 11 0 11 11 0 0 0 0 0 0 0 0 0 0 0 11 0 0 0 0 0 0 0 0 0 0 0 0 11 
11 11 0 11 0 0 0 11 0 0 0 0 15 0 0 0 0 0 0 0 11 0 0 0 0 11 11 0 0 0 0 11 11 11 0 0 0 11 11 
11 0 0 0 0 0 0 0 0 0 0 0 0 15 0 11 11 0 0 0 0 0 11 0 0 0 0 0 0 0 0 0 0 0 0 0 0 0 11 
11 0 11 0 0 0 0 11 0 0 15 0 11 0 0 0 0 0 0 0 0 0 11 0 11 0 0 11 0 0 0 0 11 0 0 11 0 0 11 
11 0 0 0 0 11 0 0 0 11 11 0 11 0 0 0 0 0 0 0 0 0 0 0 0 0 0 0 0 0 0 11 11 0 0 0 0 0 11 
11 0 0 0 0 0 11 0 11 11 0 0 0 0 0 11 0 11 0 0 0 0 0 0 0 0 0 0 0 0 0 0 0 11 0 0 11 0 11 
11 0 0 0 0 0 11 0 0 0 11 0 0 0 0 0 0 0 0 0 11 0 0 11 0 0 0 0 0 0 0 15 0 0 0 0 0 0 11 
11 11 11 0 0 0 0 0 0 11 0 0 0 0 0 0 0 0 0 0 0 0 0 0 11 0 0 0 0 0 0 0 0 11 0 11 11 11 11 
11 11 0 0 0 0 0 0 0 0 0 0 0 0 11 0 0 15 0 0 0 11 0 0 0 0 0 0 0 11 0 0 0 0 0 0 0 0 11 
11 0 0 0 0 0 0 0 0 0 0 0 11 11 0 0 0 11 11 0 0 11 0 11 0 0 0 15 0 0 0 0 0 0 0 0 0 0 11 
11 0 0 0 0 0 0 0 0 0 0 0 0 0 0 0 0 0 0 0 11 0 11 0 0 0 0 0 0 0 0 0 0 0 0 0 0 0 11 
11 11 0 0 11 11 0 0 0 0 0 0 11 0 0 11 0 0 0 0 0 0 0 0 0 0 0 0 0 0 11 0 0 0 0 0 11 0 11 
11 0 0 0 11 0 11 0 0 0 0 0 11 11 11 0 0 0 0 0 0 0 0 11 0 0 0 0 0 0 0 0 11 0 11 11 0 0 11 
11 11 0 0 0 0 0 0 0 0 0 0 0 0 11 0 0 11 0 0 0 0 0 0 11 0 11 0 0 0 11 11 11 0 0 11 0 0 11 
11 0 0 0 0 0 0 0 0 0 11 0 11 0 11 0 11 0 0 11 0 0 0 0 0 0 0 0 0 11 0 11 0 0 0 0 0 0 11 
11 11 11 11 11 11 11 11 11 11 11 11 11 11 11 11 11 11 11 11 11 11 11 11 11 11 11 11 11 11 11 11 11 11 11 11 11 11 11 

15930
11 11 11 11 11 11 11 11 11 11 11 11 11 11 11 11 11 11 11 11 11 11 11 11 11 11 11 11 11 11 11 11 11 11 11 11 11 11 11 
11 0 11 0 0 0 0 0 0 11 0 11 0 0 0 11 0 0 0 0 0 0 0 0 0 0 0 0 0 11 0 0 0 0 0 0 0 0 11 
11 0 0 11 11 0 0 0 11 11 0 0 0 0 0 0 11 11 11 0 0 0 0 0 11 0 11 0 0 0 0 0 11 0 0 0 0 0 11 
11 0 0 0 0 11 0 11 0 11 0 15 0 11 11 0 0 0 0 0 0 0 0 11 0 0 0 11 0 0 0 0 11 0 11 0 0 0 11 
11 0 0 0 0 0 0 0 11 0 0 0 0 0 0 11 0 0 0 0 0 0 0 0 11 0 11 0 0 0 11 11 0 11 14 0 11 11 11 
11 11 11 0 11 0 0 0 0 0 11 0 0 11 0 0 0 0 0 0 0 0 0 11 0 0 0 0 0 11 0 11 0 11 0 0 0 0 11 
11 0 0 0 11 0 0 0 0 0 0 11 0 0 11 0 0 0 0 0 11 0 0 0 11 0 11 0 0 0 0 0 0 0 0 0 11 0 11 
11 0 0 0 11 0 0 0 0 0 11 0 0 0 0 0 0 0 0 0 0 11 0 0 15 11 11 0 0 0 0 0 11 0 0 11 0 0 11 
11 0 0 0 0 0 0 0 11 11 0 0 0 0 0 0 0 0 0 0 0 0 11 0 0 0 0 0 0 0 11 11 0 0 0 0 0 11 11 
11 0 0 0 11 0 0 0 0 0 0 0 0 0 0 0 0 0 0 0 0 0 0 0 0 0 0 0 0 0 0 0 0 0 0 0 0 0 11 
11 11 0 11 0 0 0 0 11 0 11 0 0 0 11 0 0 0 0 0 0 11 0 0 0 0 0 0 0 0 11 0 0 0 0 0 0 0 11 
11 0 0 0 0 11 0 0 0 0 0 0 0 0 0 0 0 0 11 0 0 11 0 0 0 11 11 0 0 0 0 0 0 0 0 11 11 0 11 
11 0 11 0 0 0 11 0 0 0 0 0 0 0 0 0 11 0 0 0 0 0 0 11 0 0 0 11 0 0 0 11 0 0 0 11 0 0 11 
11 11 0 11 0 11 11 11 11 0 0 0 0 0 0 11 11 11 0 0 0 11 0 0 0 0 11 11 11 0 0 0 0 0 0 0 0 0 11 
11 0 0 0 0 11 0 0 0 0 0 0 0 0 0 0 0 0 0 0 0 11 0 11 0 0 0 0 0 11 0 0 0 0 0 0 0 11 11 
11 0 0 0 0 0 11 11 11 0 0 0 0 11 0 0 0 0 0 0 0 0 0 0 0 0 0 0 0 0 0 11 0 0 0 11 11 0 11 
11 0 0 11 0 0 11 0 0 13 11 0 11 0 0 11 0 0 0 0 0 0 0 0 11 0 0 0 0 11 0 0 0 0 11 0 0 0 11 
11 0 0 11 0 11 0 11 0 0 11 0 11 11 0 0 0 0 0 0 0 0 0 0 0 11 0 0 0 0 0 0 0 0 0 0 0 0 11 
11 11 0 11 0 0 0 11 0 0 0 0 15 0 0 0 0 0 0 0 11 0 0 0 0 11 11 0 0 0 0 11 11 11 0 0 0 11 11 
11 0 0 0 0 0 0 0 0 0 0 0 0 15 0 11 11 0 0 0 0 0 11 0 0 0 0 0 0 0 0 0 0 0 0 0 0 0 11 
11 0 11 0 0 0 0 11 0 0 15 0 11 0 0 0 0 0 0 0 0 0 11 0 11 0 0 11 0 0 0 0 11 0 0 11 0 0 11 
11 0 0 0 0 11 0 0 0 11 11 0 11 0 0 0 0 0 0 0 0 0 0 0 0 0 0 0 0 0 0 11 11 0 0 0 0 0 11 
11 0 0 0 0 0 11 0 11 11 0 0 0 0 0 11 0 11 0 0 0 0 0 0 0 0 0 0 0 0 0 0 0 11 0 0 11 0 11 
11 0 0 0 0 0 11 0 0 0 11 0 0 0 0 0 0 0 0 0 11 0 0 11 0 0 0 0 0 0 0 15 0 0 0 0 0 0 11 
11 11 11 0 0 0 0 0 0 11 0 0 0 0 0 0 0 0 0 0 0 0 0 0 11 0 0 0 0 0 0 0 0 11 0 11 11 11 11 
11 11 0 0 0 0 0 0 0 0 0 0 0 0 11 0 0 15 0 0 0 11 0 0 0 0 0 0 0 11 0 0 0 0 0 0 0 0 11 
11 0 0 0 0 0 0 0 0 0 0 0 11 11 0 0 0 11 11 0 0 11 0 11 0 0 0 15 0 0 0 0 0 0 0 0 0 0 11 
11 0 0 0 0 0 0 0 0 0 0 0 0 0 0 0 0 0 0 0 11 0 11 0 0 0 0 0 0 0 0 0 0 0 0 0 0 0 11 
11 11 0 0 11 11 0 0 0 0 0 0 11 0 0 11 0 0 0 0 0 0 0 0 0 0 0 0 0 0 11 0 0 0 0 0 11 0 11 
11 0 0 0 11 0 11 0 0 0 0 0 11 11 11 0 0 0 0 0 0 0 0 11 0 0 0 0 0 0 0 0 11 0 11 11 0 0 11 
11 11 0 0 0 0 0 0 0 0 0 0 0 0 11 0 0 11 0 0 0 0 0 0 11 0 11 0 0 0 11 11 11 0 0 11 0 0 11 
11 0 0 0 0 0 0 0 0 0 11 0 11 0 11 0 11 0 0 11 0 0 0 0 0 0 0 0 0 11 0 11 0 0 0 0 0 0 11 
11 11 11 11 11 11 11 11 11 11 11 11 11 11 11 11 11 11 11 11 11 11 11 11 11 11 11 11 11 11 11 11 11 11 11 11 11 11 11 

15930
11 11 11 11 11 11 11 11 11 11 11 11 11 11 11 11 11 11 11 11 11 11 11 11 11 11 11 11 11 11 11 11 11 11 11 11 11 11 11 
11 0 11 0 0 0 0 0 0 11 0 11 0 0 0 11 0 0 0 0 0 0 0 0 0 0 0 0 0 11 0 0 0 0 0 0 0 0 11 
11 0 0 11 11 0 0 0 11 11 0 0 0 0 0 0 11 11 11 0 0 0 0 0 11 0 11 0 0 0 0 0 11 0 0 0 0 0 11 
11 0 0 0 0 11 0 11 0 11 0 15 0 11 11 0 0 0 0 0 0 0 0 11 0 0 0 11 0 0 0 0 11 0 11 0 0 0 11 
11 0 0 0 0 0 0 0 11 0 0 0 0 0 0 11 0 0 0 0 0 0 0 0 11 0 11 0 0 0 11 11 0 11 14 0 11 11 11 
11 11 11 0 11 0 0 0 0 0 11 0 0 11 0 0 0 0 0 0 0 0 0 11 0 0 0 0 0 11 0 11 0 11 0 0 0 0 11 
11 0 0 0 11 0 0 0 0 0 0 11 0 0 11 0 0 0 0 0 11 0 0 0 11 0 11 0 0 0 0 0 0 0 0 0 11 0 11 
11 0 0 0 11 0 0 0 0 0 11 0 0 0 0 0 0 0 0 0 0 11 0 0 15 11 11 0 0 0 0 0 11 0 0 11 0 0 11 
11 0 0 0 0 0 0 0 11 11 0 0 0 0 0 0 0 0 0 0 0 0 11 0 0 0 0 0 0 0 11 11 0 0 0 0 0 11 11 
11 0 0 0 11 0 0 0 0 0 0 0 0 0 0 0 0 0 0 0 0 0 0 0 0 0 0 0 0 0 0 0 0 0 0 0 0 0 11 
11 11 0 11 0 0 0 0 11 0 11 0 0 0 11 0 0 0 0 0 0 11 0 0 0 0 0 0 0 0 11 0 0 0 0 0 0 0 11 
11 0 0 0 0 11 0 0 0 0 0 0 0 0 0 0 0 0 11 0 0 11 0 0 0 11 11 0 0 0 0 0 0 0 0 11 11 0 11 
11 0 11 0 0 0 11 0 0 0 0 0 0 0 0 0 11 0 0 0 0 0 0 11 0 0 0 11 0 0 0 11 0 0 0 11 0 0 11 
11 11 0 11 0 11 11 11 11 0 0 0 0 0 0 11 11 11 0 0 0 11 0 0 0 0 11 11 11 0 0 0 0 0 0 0 0 0 11 
11 0 0 0 0 11 0 0 0 0 0 0 0 0 0 0 0 0 0 0 0 11 0 11 0 0 0 0 0 11 0 0 0 0 0 0 0 11 11 
11 0 0 0 0 0 11 11 11 0 0 0 0 11 0 0 0 0 0 0 0 0 0 0 0 0 0 0 0 0 0 11 0 0 0 11 11 0 11 
11 0 0 11 0 0 11 0 0 13 11 0 11 0 0 11 0 0 0 0 0 0 0 0 11 0 0 0 0 11 0 0 0 0 11 0 0 0 11 
11 0 0 11 0 11 0 11 0 0 11 0 11 11 0 0 0 0 0 0 0 0 0 0 0 11 0 0 0 0 0 0 0 0 0 0 0 0 11 
11 11 0 11 0 0 0 11 0 0 0 0 15 0 0 0 0 0 0 0 11 0 0 0 0 11 11 0 0 0 0 11 11 11 0 0 0 11 11 
11 0 0 0 0 0 0 0 0 0 0 0 0 15 0 11 11 0 0 0 0 0 11 0 0 0 0 0 0 0 0 0 0 0 0 0 0 0 11 
11 0 11 0 0 0 0 11 0 0 15 0 11 0 0 0 0 0 0 0 0 0 11 0 11 0 0 11 0 0 0 0 11 0 0 11 0 0 11 
11 0 0 0 0 11 0 0 0 11 11 0 11 0 0 0 0 0 0 0 0 0 0 0 0 0 0 0 0 0 0 11 11 0 0 0 0 0 11 
11 0 0 0 0 0 11 0 11 11 0 0 0 0 0 11 0 11 0 0 0 0 0 0 0 0 0 0 0 0 0 0 0 11 0 0 11 0 11 
11 0 0 0 0 0 11 0 0 0 11 0 0 0 0 0 0 0 0 0 11 0 0 11 0 0 0 0 0 0 0 15 0 0 0 0 0 0 11 
11 11 11 0 0 0 0 0 0 11 0 0 0 0 0 0 0 0 0 0 0 0 0 0 11 0 0 0 0 0 0 0 0 11 0 11 11 11 11 
11 11 0 0 0 0 0 0 0 0 0 0 0 0 11 0 0 15 0 0 0 11 0 0 0 0 0 0 0 11 0 0 0 0 0 0 0 0 11 
11 0 0 0 0 0 0 0 0 0 0 0 11 11 0 0 0 11 11 0 0 11 0 11 0 0 0 15 0 0 0 0 0 0 0 0 0 0 11 
11 0 0 0 0 0 0 0 0 0 0 0 0 0 0 0 0 0 0 0 11 0 11 0 0 0 0 0 0 0 0 0 0 0 0 0 0 0 11 
11 11 0 0 11 11 0 0 0 0 0 0 11 0 0 11 0 0 0 0 0 0 0 0 0 0 0 0 0 0 11 0 0 0 0 0 11 0 11 
11 0 0 0 11 0 11 0 0 0 0 0 11 11 11 0 0 0 0 0 0 0 0 11 0 0 0 0 0 0 0 0 11 0 11 11 0 0 11 
11 11 0 0 0 0 0 0 0 0 0 0 0 0 11 0 0 11 0 0 0 0 0 0 11 0 11 0 0 0 11 11 11 0 0 11 0 0 11 
11 0 0 0 0 0 0 0 0 0 11 0 11 0 11 0 11 0 0 11 0 0 0 0 0 0 0 0 0 11 0 11 0 0 0 0 0 0 11 
11 11 11 11 11 11 11 11 11 11 11 11 11 11 11 11 11 11 11 11 11 11 11 11 11 11 11 11 11 11 11 11 11 11 11 11 11 11 11 

15850
11 11 11 11 11 11 11 11 11 11 11 11 11 11 11 11 11 11 11 11 11 11 11 11 11 11 11 11 11 11 11 11 11 11 11 11 11 11 11 
11 0 11 0 0 0 0 0 0 11 0 11 0 0 0 11 0 0 0 0 0 0 0 0 0 0 0 0 0 11 0 0 0 0 0 0 0 0 11 
11 0 0 11 11 0 0 0 11 11 0 0 0 0 0 0 11 11 11 0 0 0 0 0 11 0 11 0 11 0 0 0 11 0 0 0 0 0 11 
11 0 0 0 0 11 0 11 0 11 0 15 0 11 11 0 0 0 0 0 0 0 0 11 0 0 0 11 0 0 0 0 11 0 11 0 0 0 11 
11 0 0 0 0 0 0 0 11 0 0 0 0 0 0 11 0 0 0 0 0 0 0 0 11 0 11 0 0 15 11 11 0 11 0 0 11 11 11 
11 11 11 0 11 0 0 0 0 0 11 0 0 11 0 0 0 0 0 0 0 0 0 11 0 0 0 0 0 11 0 11 0 11 0 0 0 0 11 
11 0 0 0 11 0 0 0 0 0 0 11 0 0 11 0 0 0 0 0 11 0 0 0 11 0 11 0 0 0 0 0 0 0 0 0 11 0 11 
11 0 0 0 11 0 0 0 0 0 11 0 0 0 0 0 0 0 0 0 0 11 0 0 0 11 11 0 0 0 0 0 11 0 0 11 0 0 11 
11 0 0 0 0 0 0 0 11 11 0 0 0 0 0 12 0 0 0 0 0 0 11 0 0 0 0 0 0 0 11 11 0 0 0 0 0 11 11 
11 0 0 0 11 0 0 0 0 0 0 0 0 0 0 0 0 0 0 0 15 0 0 0 0 0 0 0 0 0 0 0 0 0 0 0 0 0 11 
11 11 0 11 0 0 0 0 11 0 11 0 0 0 11 0 0 0 0 0 0 11 0 0 0 0 0 0 0 0 11 0 0 0 0 0 0 0 11 
11 0 0 0 0 11 0 0 0 0 0 0 0 0 0 0 0 0 11 0 0 11 0 0 0 11 11 0 0 0 0 0 0 0 0 11 11 0 11 
11 0 11 0 0 0 11 0 0 0 0 0 0 0 0 0 11 0 0 0 0 0 0 11 0 0 0 11 0 0 0 11 0 0 0 11 0 0 11 
11 11 0 11 0 11 11 11 11 0 0 0 0 0 0 11 11 11 0 0 0 11 0 0 0 0 11 11 11 0 0 0 0 0 0 0 0 0 11 
11 0 0 0 0 11 0 0 0 0 0 0 0 0 0 0 0 0 0 0 0 11 0 11 0 0 0 0 0 11 0 0 0 0 0 0 0 11 11 
11 0 0 0 0 0 11 11 11 0 0 0 0 11 0 0 0 0 0 0 0 0 0 0 0 0 0 0 0 0 0 11 0 0 0 11 11 0 11 
11 0 0 11 0 0 11 0 0 0 11 0 11 0 0 11 0 0 0 0 0 0 0 0 11 0 0 0 0 11 0 0 0 0 11 0 0 0 11 
11 0 0 11 11 11 0 11 0 0 11 0 11 11 0 0 0 0 0 0 0 0 0 0 0 11 0 0 0 0 0 0 0 0 0 0 0 0 11 
11 11 0 11 0 0 0 11 0 0 0 0 0 0 0 0 0 0 0 0 11 0 0 0 0 11 11 0 0 0 0 11 11 11 0 0 0 11 11 
11 0 0 0 0 0 0 0 0 0 0 0 0 0 0 11 11 0 0 0 0 0 11 0 0 0 0 0 0 0 0 0 0 0 0 0 0 0 11 
11 0 11 0 0 0 0 11 0 0 0 15 11 14 0 0 0 0 0 0 0 0 11 14 11 0 0 11 0 0 0 0 11 0 0 11 0 0 11 
11 0 0 0 0 11 0 0 0 11 11 0 11 0 0 0 0 0 0 0 0 0 0 0 0 0 0 0 0 0 0 11 11 0 0 0 0 0 11 
11 0 0 0 0 0 11 12 11 11 0 0 0 0 0 11 0 11 0 0 0 0 0 0 0 0 0 0 0 0 0 0 15 11 0 0 11 0 11 
11 0 0 0 0 0 11 0 0 0 11 0 0 0 0 0 0 0 0 0 11 0 0 11 0 0 0 0 0 14 0 0 0 0 0 0 0 0 11 
11 11 11 0 0 0 0 0 0 11 0 0 0 0 0 0 0 0 0 0 0 0 0 0 11 0 0 0 0 0 0 0 0 11 0 11 11 11 11 
11 11 0 0 0 0 0 0 0 0 0 0 0 0 11 0 0 15 0 0 0 11 0 0 0 0 0 0 0 11 0 0 0 0 0 0 0 0 11 
11 0 0 0 0 0 0 0 0 0 0 0 11 11 0 14 0 11 11 0 0 11 0 11 0 0 0 0 0 0 0 0 0 0 0 0 0 0 11 
11 0 0 0 0 0 0 0 0 0 0 0 0 0 0 0 0 0 0 0 11 0 11 0 0 0 0 0 0 0 0 0 0 0 0 0 0 0 11 
11 11 0 0 11 11 0 0 0 0 0 0 11 0 0 11 0 0 0 0 0 0 0 0 0 0 0 0 0 0 11 0 0 0 0 0 11 0 11 
11 0 0 0 11 0 11 0 0 0 0 0 11 11 11 0 0 0 0 0 0 0 0 11 0 0 0 0 0 0 0 0 11 0 11 11 0 0 11 
11 11 0 0 0 0 0 0 0 0 0 0 0 0 11 0 0 11 0 0 0 0 0 0 11 0 11 0 0 0 11 11 11 0 0 11 0 0 11 
11 0 0 0 0 0 0 0 0 0 11 0 11 0 11 0 11 0 0 11 0 0 0 0 0 0 0 0 0 11 0 11 0 0 0 0 0 0 11 
11 11 11 11 11 11 11 11 11 11 11 11 11 11 11 11 11 11 11 11 11 11 11 11 11 11 11 11 11 11 11 11 11 11 11 11 11 11 11 

15975
11 11 11 11 11 11 11 11 11 11 11 11 11 11 11 11 11 11 11 11 11 11 11 11 11 11 11 11 11 11 11 11 11 11 11 11 11 11 11 
11 0 11 0 0 0 0 0 0 11 0 11 15 0 0 11 0 0 0 0 0 0 0 0 0 0 0 0 0 11 0 0 0 0 0 0 0 0 11 
11 0 0 11 11 0 0 0 11 11 0 0 0 0 0 0 11 0 11 0 0 0 0 0 11 0 11 0 0 0 0 0 11 0 0 0 0 0 11 
11 0 0 0 0 11 0 11 0 11 0 0 0 11 11 0 0 0 0 0 0 0 0 11 0 0 0 11 0 15 0 0 11 0 11 0 0 0 11 
11 0 0 0 0 0 0 0 11 0 0 0 0 0 0 11 0 0 0 0 0 0 0 0 11 0 11 0 0 0 11 11 0 11 0 0 11 11 11 
11 0 11 0 11 0 0 0 0 0 11 0 0 0 0 0 0 0 0 15 0 0 0 11 0 0 0 0 0 11 0 11 0 11 0 0 0 0 11 
11 0 0 0 11 0 0 0 0 0 0 11 0 0 11 0 0 0 0 0 11 0 0 0 11 0 11 0 0 0 0 0 0 0 0 0 11 0 11 
11 0 0 0 11 0 0 0 0 0 11 0 0 0 0 0 0 0 0 0 0 11 0 0 0 11 11 0 0 0 0 0 11 0 0 11 0 0 11 
11 0 0 0 0 0 0 0 11 11 0 0 0 0 0 0 0 0 0 0 0 0 11 0 0 0 0 0 0 0 11 11 0 0 0 0 0 11 11 
11 0 0 0 11 0 0 0 0 0 0 0 0 0 0 0 0 0 0 0 0 0 0 0 0 0 0 0 0 0 0 0 0 0 0 0 0 0 11 
11 11 0 11 0 0 0 0 11 0 11 0 0 0 11 0 0 0 0 0 0 11 0 0 0 0 0 0 0 0 11 0 0 0 0 0 0 0 11 
11 0 0 0 0 11 0 11 0 0 0 0 0 0 0 0 0 0 11 0 0 11 0 0 11 11 11 0 0 0 0 0 0 0 0 11 11 0 11 
11 0 11 0 11 0 11 0 0 0 0 0 0 0 0 0 11 0 0 0 0 0 0 11 0 0 0 11 0 0 0 11 0 0 0 0 0 0 11 
11 11 0 11 0 11 11 11 11 0 0 0 0 0 0 11 11 11 0 0 0 11 0 0 0 0 11 11 11 0 0 0 0 0 0 0 0 0 11 
11 0 0 0 0 11 0 0 0 0 0 0 0 0 0 0 0 0 0 0 0 11 0 11 0 0 0 0 0 11 0 0 0 0 0 0 0 11 11 
11 0 0 0 0 0 11 11 11 0 0 0 0 0 0 0 0 0 0 0 0 0 0 0 0 0 0 0 0 0 0 11 0 0 0 11 0 0 11 
11 0 0 11 0 0 11 0 0 0 11 0 11 0 0 11 0 0 0 0 0 0 0 0 11 0 0 0 0 11 0 0 0 0 0 0 0 0 11 
11 0 0 11 0 11 0 11 0 11 11 0 0 11 11 0 0 0 0 0 0 0 0 0 0 11 0 0 0 0 0 0 0 0 0 0 0 0 11 
11 11 0 11 0 0 0 11 0 15 0 15 0 0 0 0 0 0 0 0 11 0 11 0 0 11 11 0 0 0 0 11 11 11 0 0 0 11 11 
11 0 0 0 0 0 0 0 0 0 0 0 0 0 0 11 11 0 0 0 0 0 11 0 0 0 0 0 0 0 0 0 0 0 0 0 0 0 11 
11 0 11 0 0 0 0 11 0 0 0 0 11 0 15 0 0 0 0 0 0 0 11 0 11 0 0 11 0 0 0 0 11 0 0 11 0 0 11 
11 0 0 0 0 11 0 0 0 11 11 0 11 0 0 11 0 0 0 0 0 0 0 0 0 0 0 0 0 0 0 11 11 0 0 0 0 0 11 
11 0 0 0 0 11 11 0 11 11 0 0 0 0 0 11 0 11 0 0 0 0 0 0 0 0 0 0 0 0 0 0 0 11 0 0 11 0 11 
11 0 0 0 0 0 11 0 0 0 11 0 0 0 0 0 0 0 0 0 11 0 0 11 0 0 0 0 0 0 15 0 15 0 0 0 0 0 11 
11 11 11 0 0 0 0 0 0 11 0 0 0 0 0 0 0 0 0 0 0 0 15 0 11 0 0 0 0 0 0 0 0 11 0 11 11 0 11 
11 11 0 0 0 0 0 0 0 0 0 0 0 0 11 0 0 0 0 0 0 11 0 0 0 0 0 0 0 11 0 0 0 0 11 0 0 0 11 
11 0 0 0 0 0 0 0 0 0 0 0 11 11 0 0 0 11 11 0 0 11 0 11 0 0 0 0 0 0 0 0 0 0 0 0 0 0 11 
11 0 0 0 0 0 0 0 0 0 0 0 0 0 0 0 15 0 11 0 11 0 11 0 0 0 0 0 0 0 0 0 0 0 0 0 0 0 11 
11 0 0 0 11 11 0 0 0 0 0 0 11 0 0 11 0 0 0 0 0 0 0 0 0 0 0 0 0 0 11 0 0 0 0 0 11 0 11 
11 0 0 0 11 0 11 0 0 0 0 0 11 11 11 0 0 0 0 0 0 0 0 0 0 0 0 0 0 0 0 0 11 0 11 11 0 0 11 
11 11 0 0 0 0 0 0 0 0 0 0 0 0 11 0 0 11 0 0 0 0 0 0 11 0 11 0 0 0 11 11 11 0 0 11 0 0 11 
11 0 0 0 0 0 0 0 0 0 11 0 11 0 11 0 11 0 0 11 0 0 0 11 0 0 0 0 0 11 0 11 0 0 0 0 0 0 11 
11 11 11 11 11 11 11 11 11 11 11 11 11 11 11 11 11 11 11 11 11 11 11 11 11 11 11 11 11 11 11 11 11 11 11 11 11 11 11 

15900
11 11 11 11 11 11 11 11 11 11 11 11 11 11 11 11 11 11 11 11 11 11 11 11 11 11 11 11 11 11 11 11 11 11 11 11 11 11 11 
11 13 11 14 0 0 0 0 0 11 0 11 0 0 0 11 0 0 0 0 0 0 0 0 0 0 0 0 0 11 0 0 0 0 0 0 0 0 11 
11 0 0 11 11 0 0 0 11 11 0 0 0 0 0 0 11 0 11 0 0 0 0 0 11 0 11 0 0 0 0 0 11 0 0 0 0 0 11 
11 0 0 0 0 11 0 11 0 11 0 0 0 11 11 0 0 0 0 0 0 0 0 11 0 0 0 11 0 0 0 0 11 0 11 0 0 0 11 
11 0 0 0 0 0 0 0 11 0 0 0 0 0 0 11 0 0 0 0 0 0 0 0 11 0 11 0 0 15 11 11 0 11 0 0 11 11 11 
11 0 11 0 11 0 0 0 0 0 11 0 0 0 0 0 0 0 0 0 0 0 0 11 0 0 0 0 0 11 0 11 0 11 0 0 0 0 11 
11 0 0 0 11 0 0 0 0 0 0 11 15 0 11 0 0 0 0 0 11 0 0 0 11 0 11 0 0 0 0 0 0 0 0 0 11 0 11 
11 0 0 0 11 0 0 0 0 0 11 0 0 0 0 0 0 0 15 0 0 11 0 0 0 11 11 0 0 0 0 0 11 0 0 11 0 0 11 
11 0 0 0 0 0 0 0 11 11 0 0 0 0 0 0 0 0 0 0 0 0 11 0 0 0 0 0 0 0 11 11 0 0 0 0 0 11 11 
11 0 0 0 11 0 0 0 0 0 0 0 0 0 0 0 0 0 0 0 0 0 0 0 0 0 0 0 0 0 0 0 0 0 0 0 0 0 11 
11 11 0 11 0 0 0 0 11 0 11 0 0 0 11 0 0 0 0 0 0 11 0 0 0 0 0 0 0 0 11 0 0 0 0 0 0 0 11 
11 0 0 0 0 11 0 11 0 0 0 0 0 0 0 0 0 0 11 0 0 11 0 0 11 11 11 0 0 0 0 0 0 0 0 11 11 0 11 
11 0 11 0 11 0 11 0 0 0 0 0 0 0 0 0 11 0 0 0 0 0 0 11 0 0 0 11 0 0 0 11 0 0 0 0 0 0 11 
11 11 0 11 0 11 11 11 11 0 0 0 0 0 0 11 11 11 0 0 0 11 0 0 0 0 11 11 11 0 0 0 0 0 0 0 0 0 11 
11 0 0 0 0 11 0 0 0 0 0 0 0 0 0 0 0 0 0 0 0 11 0 11 0 0 0 0 0 11 0 0 0 0 0 0 0 11 11 
11 0 0 0 0 0 11 11 11 0 0 0 0 0 0 0 0 0 0 0 0 0 0 0 0 0 0 0 0 0 0 11 0 0 0 11 0 0 11 
11 0 0 11 0 0 11 0 0 0 11 0 11 0 0 11 0 0 0 0 0 0 0 0 11 0 0 0 0 11 0 0 0 0 0 0 0 0 11 
11 0 0 11 0 11 0 11 0 11 11 0 0 11 11 0 0 0 0 0 0 0 0 0 0 11 0 0 0 0 0 0 0 0 0 0 0 0 11 
11 11 0 11 0 0 0 11 0 0 0 0 0 0 0 0 0 0 0 0 11 0 11 0 0 11 11 0 0 0 0 11 11 11 0 0 0 11 11 
11 0 0 0 0 0 0 0 0 0 0 0 0 0 0 11 11 0 0 0 0 0 11 0 0 0 0 0 0 0 0 0 0 0 0 0 0 0 11 
11 0 11 0 0 0 0 11 0 0 0 15 11 0 15 0 0 0 0 0 0 0 11 0 11 0 0 11 0 0 0 0 11 0 0 11 0 0 11 
11 0 0 0 0 11 0 12 0 11 11 0 11 0 0 11 0 0 11 0 0 0 0 0 0 0 0 0 0 0 0 11 11 0 0 0 0 0 11 
11 0 0 0 0 11 11 0 11 11 0 0 0 0 0 11 0 11 0 0 0 0 0 0 0 0 0 0 0 15 0 0 0 11 0 0 11 11 11 
11 0 0 0 0 0 11 0 0 0 11 0 0 0 0 0 0 0 0 0 11 0 0 11 0 0 0 0 0 0 0 0 0 0 0 0 0 0 11 
11 11 11 0 0 0 0 0 0 11 0 0 0 0 0 0 0 0 0 0 0 0 0 0 11 0 0 0 0 0 0 0 0 11 0 11 11 0 11 
11 11 0 0 0 0 0 0 0 0 0 0 0 0 11 0 0 15 0 0 0 11 0 0 0 0 0 0 0 11 0 0 0 0 11 0 0 0 11 
11 0 0 0 0 0 0 0 0 0 0 0 11 11 0 0 0 11 11 0 0 11 0 11 0 0 0 0 0 0 0 0 0 0 0 0 0 0 11 
11 0 0 0 0 0 0 0 0 0 0 0 0 0 0 0 0 0 11 0 11 0 11 0 0 0 0 15 0 0 0 0 0 0 0 0 0 0 11 
11 0 0 0 11 11 0 0 0 0 0 0 11 0 0 11 0 0 0 0 0 0 0 0 0 0 0 0 0 0 11 0 0 0 0 0 11 0 11 
11 0 0 0 11 0 11 0 0 0 0 0 11 11 11 0 0 0 0 0 0 0 0 0 0 0 0 0 0 0 0 0 11 0 11 11 0 0 11 
11 11 0 0 0 0 0 0 0 0 0 0 0 0 11 0 0 11 0 0 0 0 0 0 11 0 11 0 0 0 11 11 11 0 0 11 0 0 11 
11 0 0 0 0 0 0 0 0 0 11 0 11 0 11 0 11 0 0 11 0 0 0 11 0 0 0 0 0 11 0 11 0 0 0 0 0 0 11 
11 11 11 11 11 11 11 11 11 11 11 11 11 11 11 11 11 11 11 11 11 11 11 11 11 11 11 11 11 11 11 11 11 11 11 11 11 11 11 

15900
11 11 11 11 11 11 11 11 11 11 11 11 11 11 11 11 11 11 11 11 11 11 11 11 11 11 11 11 11 11 11 11 11 11 11 11 11 11 11 
11 13 11 14 0 0 0 0 0 11 0 11 0 0 0 11 0 0 0 0 0 0 0 0 0 0 0 0 0 11 0 0 0 0 0 0 0 0 11 
11 0 0 11 11 0 0 0 11 11 0 0 0 0 0 0 11 0 11 0 0 0 0 0 11 0 11 0 0 0 0 0 11 0 0 0 0 0 11 
11 0 0 0 0 11 0 11 0 11 0 0 0 11 11 0 0 0 0 0 0 0 0 11 0 0 0 11 0 0 0 0 11 0 11 0 0 0 11 
11 0 0 0 0 0 0 0 11 0 0 0 0 0 0 11 0 0 0 0 0 0 0 0 11 0 11 0 0 15 11 11 0 11 0 0 11 11 11 
11 0 11 0 11 0 0 0 0 0 11 0 0 0 0 0 0 0 0 0 0 0 0 11 0 0 0 0 0 11 0 11 0 11 0 0 0 0 11 
11 0 0 0 11 0 0 0 0 0 0 11 15 0 11 0 0 0 0 0 11 0 0 0 11 0 11 0 0 0 0 0 0 0 0 0 11 0 11 
11 0 0 0 11 0 0 0 0 0 11 0 0 0 0 0 0 0 15 0 0 11 0 0 0 11 11 0 0 0 0 0 11 0 0 11 0 0 11 
11 0 0 0 0 0 0 0 11 11 0 0 0 0 0 0 0 0 0 0 0 0 11 0 0 0 0 0 0 0 11 11 0 0 0 0 0 11 11 
11 0 0 0 11 0 0 0 0 0 0 0 0 0 0 0 0 0 0 0 0 0 0 0 0 0 0 0 0 0 0 0 0 0 0 0 0 0 11 
11 11 0 11 0 0 0 0 11 0 11 0 0 0 11 0 0 0 0 0 0 11 0 0 0 0 0 0 0 0 11 0 0 0 0 0 0 0 11 
11 0 0 0 0 11 0 11 0 0 0 0 0 0 0 0 0 0 11 0 0 11 0 0 11 11 11 0 0 0 0 0 0 0 0 11 11 0 11 
11 0 11 0 11 0 11 0 0 0 0 0 0 0 0 0 11 0 0 0 0 0 0 11 0 0 0 11 0 0 0 11 0 0 0 0 0 0 11 
11 11 0 11 0 11 11 11 11 0 0 0 0 0 0 11 11 11 0 0 0 11 0 0 0 0 11 11 11 0 0 0 0 0 0 0 0 0 11 
11 0 0 0 0 11 0 0 0 0 0 0 0 0 0 0 0 0 0 0 0 11 0 11 0 0 0 0 0 11 0 0 0 0 0 0 0 11 11 
11 0 0 0 0 0 11 11 11 0 0 0 0 0 0 0 0 0 0 0 0 0 0 0 0 0 0 0 0 0 0 11 0 0 0 11 0 0 11 
11 0 0 11 0 0 11 0 0 0 11 0 11 0 0 11 0 0 0 0 0 0 0 0 11 0 0 0 0 11 0 0 0 0 0 0 0 0 11 
11 0 0 11 0 11 0 11 0 11 11 0 0 11 11 0 0 0 0 0 0 0 0 0 0 11 0 0 0 0 0 0 0 0 0 0 0 0 11 
11 11 0 11 0 0 0 11 0 0 0 0 0 0 0 0 0 0 0 0 11 0 11 0 0 11 11 0 0 0 0 11 11 11 0 0 0 11 11 
11 0 0 0 0 0 0 0 0 0 0 0 0 0 0 11 11 0 0 0 0 0 11 0 0 0 0 0 0 0 0 0 0 0 0 0 0 0 11 
11 0 11 0 0 0 0 11 0 0 0 15 11 0 15 0 0 0 0 0 0 0 11 0 11 0 0 11 0 0 0 0 11 0 0 11 0 0 11 
11 0 0 0 0 11 0 12 0 11 11 0 11 0 0 11 0 0 11 0 0 0 0 0 0 0 0 0 0 0 0 11 11 0 0 0 0 0 11 
11 0 0 0 0 11 11 0 11 11 0 0 0 0 0 11 0 11 0 0 0 0 0 0 0 0 0 0 0 15 0 0 0 11 0 0 11 11 11 
11 0 0 0 0 0 11 0 0 0 11 0 0 0 0 0 0 0 0 0 11 0 0 11 0 0 0 0 0 0 0 0 0 0 0 0 0 0 11 
11 11 11 0 0 0 0 0 0 11 0 0 0 0 0 0 0 0 0 0 0 0 0 0 11 0 0 0 0 0 0 0 0 11 0 11 11 0 11 
11 11 0 0 0 0 0 0 0 0 0 0 0 0 11 0 0 15 0 0 0 11 0 0 0 0 0 0 0 11 0 0 0 0 11 0 0 0 11 
11 0 0 0 0 0 0 0 0 0 0 0 11 11 0 0 0 11 11 0 0 11 0 11 0 0 0 0 0 0 0 0 0 0 0 0 0 0 11 
11 0 0 0 0 0 0 0 0 0 0 0 0 0 0 0 0 0 11 0 11 0 11 0 0 0 0 15 0 0 0 0 0 0 0 0 0 0 11 
11 0 0 0 11 11 0 0 0 0 0 0 11 0 0 11 0 0 0 0 0 0 0 0 0 0 0 0 0 0 11 0 0 0 0 0 11 0 11 
11 0 0 0 11 0 11 0 0 0 0 0 11 11 11 0 0 0 0 0 0 0 0 0 0 0 0 0 0 0 0 0 11 0 11 11 0 0 11 
11 11 0 0 0 0 0 0 0 0 0 0 0 0 11 0 0 11 0 0 0 0 0 0 11 0 11 0 0 0 11 11 11 0 0 11 0 0 11 
11 0 0 0 0 0 0 0 0 0 11 0 11 0 11 0 11 0 0 11 0 0 0 11 0 0 0 0 0 11 0 11 0 0 0 0 0 0 11 
11 11 11 11 11 11 11 11 11 11 11 11 11 11 11 11 11 11 11 11 11 11 11 11 11 11 11 11 11 11 11 11 11 11 11 11 11 11 11 

15900
11 11 11 11 11 11 11 11 11 11 11 11 11 11 11 11 11 11 11 11 11 11 11 11 11 11 11 11 11 11 11 11 11 11 11 11 11 11 11 
11 13 11 14 0 0 0 0 0 11 0 11 0 0 0 11 0 0 0 0 0 0 0 0 0 0 0 0 0 11 0 0 0 0 0 0 0 0 11 
11 0 0 11 11 0 0 0 11 11 0 0 0 0 0 0 11 0 11 0 0 0 0 0 11 0 11 0 0 0 0 0 11 0 0 0 0 0 11 
11 0 0 0 0 11 0 11 0 11 0 0 0 11 11 0 0 0 0 0 0 0 0 11 0 0 0 11 0 0 0 0 11 0 11 0 0 0 11 
11 0 0 0 0 0 0 0 11 0 0 0 0 0 0 11 0 0 0 0 0 0 0 0 11 0 11 0 0 15 11 11 0 11 0 0 11 11 11 
11 0 11 0 11 0 0 0 0 0 11 0 0 0 0 0 0 0 0 0 0 0 0 11 0 0 0 0 0 11 0 11 0 11 0 0 0 0 11 
11 0 0 0 11 0 0 0 0 0 0 11 15 0 11 0 0 0 0 0 11 0 0 0 11 0 11 0 0 0 0 0 0 0 0 0 11 0 11 
11 0 0 0 11 0 0 0 0 0 11 0 0 0 0 0 0 0 15 0 0 11 0 0 0 11 11 0 0 0 0 0 11 0 0 11 0 0 11 
11 0 0 0 0 0 0 0 11 11 0 0 0 0 0 0 0 0 0 0 0 0 11 0 0 0 0 0 0 0 11 11 0 0 0 0 0 11 11 
11 0 0 0 11 0 0 0 0 0 0 0 0 0 0 0 0 0 0 0 0 0 0 0 0 0 0 0 0 0 0 0 0 0 0 0 0 0 11 
11 11 0 11 0 0 0 0 11 0 11 0 0 0 11 0 0 0 0 0 0 11 0 0 0 0 0 0 0 0 11 0 0 0 0 0 0 0 11 
11 0 0 0 0 11 0 11 0 0 0 0 0 0 0 0 0 0 11 0 0 11 0 0 11 11 11 0 0 0 0 0 0 0 0 11 11 0 11 
11 0 11 0 11 0 11 0 0 0 0 0 0 0 0 0 11 0 0 0 0 0 0 11 0 0 0 11 0 0 0 11 0 0 0 0 0 0 11 
11 11 0 11 0 11 11 11 11 0 0 0 0 0 0 11 11 11 0 0 0 11 0 0 0 0 11 11 11 0 0 0 0 0 0 0 0 0 11 
11 0 0 0 0 11 0 0 0 0 0 0 0 0 0 0 0 0 0 0 0 11 0 11 0 0 0 0 0 11 0 0 0 0 0 0 0 11 11 
11 0 0 0 0 0 11 11 11 0 0 0 0 0 0 0 0 0 0 0 0 0 0 0 0 0 0 0 0 0 0 11 0 0 0 11 0 0 11 
11 0 0 11 0 0 11 0 0 0 11 0 11 0 0 11 0 0 0 0 0 0 0 0 11 0 0 0 0 11 0 0 0 0 0 0 0 0 11 
11 0 0 11 0 11 0 11 0 11 11 0 0 11 11 0 0 0 0 0 0 0 0 0 0 11 0 0 0 0 0 0 0 0 0 0 0 0 11 
11 11 0 11 0 0 0 11 0 0 0 0 0 0 0 0 0 0 0 0 11 0 11 0 0 11 11 0 0 0 0 11 11 11 0 0 0 11 11 
11 0 0 0 0 0 0 0 0 0 0 0 0 0 0 11 11 0 0 0 0 0 11 0 0 0 0 0 0 0 0 0 0 0 0 0 0 0 11 
11 0 11 0 0 0 0 11 0 0 0 15 11 0 15 0 0 0 0 0 0 0 11 0 11 0 0 11 0 0 0 0 11 0 0 11 0 0 11 
11 0 0 0 0 11 0 12 0 11 11 0 11 0 0 11 0 0 11 0 0 0 0 0 0 0 0 0 0 0 0 11 11 0 0 0 0 0 11 
11 0 0 0 0 11 11 0 11 11 0 0 0 0 0 11 0 11 0 0 0 0 0 0 0 0 0 0 0 15 0 0 0 11 0 0 11 11 11 
11 0 0 0 0 0 11 0 0 0 11 0 0 0 0 0 0 0 0 0 11 0 0 11 0 0 0 0 0 0 0 0 0 0 0 0 0 0 11 
11 11 11 0 0 0 0 0 0 11 0 0 0 0 0 0 0 0 0 0 0 0 0 0 11 0 0 0 0 0 0 0 0 11 0 11 11 0 11 
11 11 0 0 0 0 0 0 0 0 0 0 0 0 11 0 0 15 0 0 0 11 0 0 0 0 0 0 0 11 0 0 0 0 11 0 0 0 11 
11 0 0 0 0 0 0 0 0 0 0 0 11 11 0 0 0 11 11 0 0 11 0 11 0 0 0 0 0 0 0 0 0 0 0 0 0 0 11 
11 0 0 0 0 0 0 0 0 0 0 0 0 0 0 0 0 0 11 0 11 0 11 0 0 0 0 15 0 0 0 0 0 0 0 0 0 0 11 
11 0 0 0 11 11 0 0 0 0 0 0 11 0 0 11 0 0 0 0 0 0 0 0 0 0 0 0 0 0 11 0 0 0 0 0 11 0 11 
11 0 0 0 11 0 11 0 0 0 0 0 11 11 11 0 0 0 0 0 0 0 0 0 0 0 0 0 0 0 0 0 11 0 11 11 0 0 11 
11 11 0 0 0 0 0 0 0 0 0 0 0 0 11 0 0 11 0 0 0 0 0 0 11 0 11 0 0 0 11 11 11 0 0 11 0 0 11 
11 0 0 0 0 0 0 0 0 0 11 0 11 0 11 0 11 0 0 11 0 0 0 11 0 0 0 0 0 11 0 11 0 0 0 0 0 0 11 
11 11 11 11 11 11 11 11 11 11 11 11 11 11 11 11 11 11 11 11 11 11 11 11 11 11 11 11 11 11 11 11 11 11 11 11 11 11 11 

15892
11 11 11 11 11 11 11 11 11 11 11 11 11 11 11 11 11 11 11 11 11 11 11 11 11 11 11 11 11 11 11 11 11 11 11 11 11 11 11 
11 0 11 0 0 0 0 0 0 11 0 11 0 0 0 11 0 0 0 0 0 0 0 0 0 0 0 0 0 11 15 0 0 0 0 0 0 0 11 
11 0 0 11 11 0 0 0 11 11 0 0 0 0 0 0 11 0 11 0 0 0 0 0 11 0 11 0 0 0 0 0 11 0 0 0 0 0 11 
11 0 0 0 0 11 0 11 0 11 0 0 0 11 11 0 0 0 0 0 0 0 0 11 0 0 0 11 0 0 0 0 11 0 11 0 0 0 11 
11 0 0 0 0 0 0 0 11 0 0 0 0 0 0 11 0 0 0 0 0 0 0 0 11 0 11 0 0 0 11 11 0 11 0 0 11 11 11 
11 0 11 0 11 0 0 0 0 0 11 0 0 0 0 0 0 0 0 0 0 0 0 11 0 0 0 0 0 11 0 11 0 11 0 0 0 0 11 
11 0 0 0 11 0 0 0 0 0 0 11 0 0 11 0 0 0 0 0 11 0 0 0 11 0 11 0 0 0 0 0 0 0 0 0 11 0 11 
11 0 0 0 11 0 0 0 0 0 11 0 0 0 0 0 0 0 0 0 0 11 0 0 0 11 11 0 0 0 0 0 11 0 0 11 0 0 11 
11 0 0 0 0 0 0 15 11 11 0 0 0 0 0 0 0 0 0 0 0 0 11 0 0 0 0 0 0 0 11 11 0 0 0 0 0 11 11 
11 0 0 0 11 0 0 0 0 0 0 0 0 0 0 12 0 0 0 0 15 0 0 0 0 0 0 0 0 0 0 0 0 0 0 0 0 0 11 
11 11 0 11 0 0 0 0 11 0 11 0 0 0 11 0 0 0 0 0 0 11 0 0 0 0 0 0 0 0 11 0 0 0 0 0 0 0 11 
11 0 0 0 0 11 0 11 0 0 0 0 0 0 0 0 0 0 11 0 0 11 0 0 11 11 11 0 0 0 0 0 0 0 0 11 11 0 11 
11 0 11 0 11 0 11 0 0 0 0 0 0 0 0 0 11 0 0 0 0 0 0 11 0 0 0 11 0 0 0 11 0 0 0 0 0 0 11 
11 11 0 11 0 11 11 11 11 0 0 0 0 0 0 11 11 11 0 0 0 11 0 0 0 0 11 11 11 0 0 0 0 0 0 0 0 0 11 
11 0 0 0 0 11 0 0 0 0 0 0 0 0 0 0 0 0 0 0 0 11 0 11 0 0 0 0 0 11 0 0 0 0 0 0 0 11 11 
11 0 0 0 0 0 11 11 11 0 0 0 0 0 0 0 0 0 0 0 0 0 0 0 0 0 0 0 0 0 0 11 0 0 0 11 0 0 11 
11 0 0 11 0 0 11 0 0 0 11 0 11 0 0 11 0 0 0 0 0 0 0 0 11 0 0 0 0 11 0 0 0 0 0 0 0 0 11 
11 0 0 11 0 11 0 11 0 11 11 0 0 11 11 0 0 0 0 0 0 0 0 0 0 11 0 0 0 0 0 0 0 0 0 0 0 0 11 
11 11 0 11 0 0 0 11 15 0 0 0 0 0 0 0 0 0 0 0 11 14 11 0 0 11 11 0 0 0 0 11 11 11 0 0 0 11 11 
11 0 0 0 0 0 0 0 0 0 0 0 0 0 0 11 11 0 0 0 0 0 11 0 0 0 0 0 0 0 0 0 0 0 0 0 0 0 11 
11 0 11 0 0 0 0 11 0 0 0 0 11 15 0 13 0 0 0 0 0 0 11 0 11 0 0 11 0 0 0 0 11 0 0 11 0 0 11 
11 0 0 0 0 11 0 0 0 11 11 0 11 0 0 11 0 0 0 0 0 0 0 0 0 0 0 0 0 0 0 11 11 0 0 0 0 0 11 
11 0 0 0 0 11 11 0 11 11 0 0 0 0 0 11 0 11 0 0 0 0 0 0 0 0 0 0 0 0 0 15 0 11 0 0 11 0 11 
11 0 0 0 0 0 11 0 0 0 11 0 0 0 0 0 0 0 0 0 11 0 0 11 0 0 0 0 0 0 0 0 0 0 0 0 0 0 11 
11 11 11 0 0 0 0 0 0 11 0 0 0 0 0 0 0 0 0 0 0 0 0 0 11 0 0 0 0 0 0 0 0 11 0 11 11 0 11 
11 11 0 0 0 0 0 0 0 0 0 0 0 0 11 0 0 0 0 0 0 11 0 0 0 0 0 15 0 11 0 0 0 0 11 0 0 0 11 
11 0 0 0 0 0 0 0 0 0 0 0 11 11 0 0 0 11 11 0 0 11 0 11 0 0 0 0 0 0 0 0 0 0 0 0 0 0 11 
11 0 0 0 0 0 0 0 0 0 0 0 0 0 0 0 15 0 11 0 11 0 11 0 0 0 0 0 0 0 0 0 0 0 0 0 0 0 11 
11 0 0 0 11 11 0 0 0 0 0 0 11 0 0 11 0 0 0 0 0 0 0 0 0 0 0 0 0 0 11 0 0 0 0 0 11 0 11 
11 0 0 0 11 0 11 0 0 0 0 0 11 11 11 0 0 0 0 0 0 0 0 0 0 0 0 0 0 0 0 0 11 0 11 11 0 0 11 
11 11 0 0 0 0 0 0 0 0 0 0 0 0 11 0 0 11 0 0 0 0 0 0 11 0 11 0 0 0 11 11 11 0 0 11 0 0 11 
11 0 0 0 0 0 0 0 0 0 11 0 11 0 11 0 11 0 0 11 0 0 0 11 0 0 0 0 0 11 0 11 0 0 0 0 0 0 11 
11 11 11 11 11 11 11 11 11 11 11 11 11 11 11 11 11 11 11 11 11 11 11 11 11 11 11 11 11 11 11 11 11 11 11 11 11 11 11 

15927
11 11 11 11 11 11 11 11 11 11 11 11 11 11 11 11 11 11 11 11 11 11 11 11 11 11 11 11 11 11 11 11 11 11 11 11 11 11 11 
11 0 0 0 0 0 12 0 0 11 0 11 0 0 0 11 0 0 0 0 0 0 0 0 0 0 0 0 0 11 0 0 0 0 0 0 0 0 11 
11 0 0 11 0 0 0 0 11 11 0 0 0 0 0 0 11 11 11 0 0 0 0 0 11 0 11 0 0 0 0 0 11 0 0 0 0 0 11 
11 0 0 0 0 11 0 11 0 11 0 15 0 11 11 0 0 0 0 0 0 0 0 11 0 0 0 11 0 0 15 0 11 0 11 11 0 0 11 
11 0 0 0 0 0 0 0 11 0 0 0 0 0 0 11 0 0 0 11 0 0 0 0 11 0 11 0 0 0 11 11 0 11 0 0 11 11 11 
11 11 11 0 11 0 0 0 0 0 11 0 0 11 0 0 0 0 0 0 0 0 0 0 0 0 0 0 0 11 0 11 0 11 0 0 0 0 11 
11 0 0 0 11 0 0 0 0 0 0 11 0 0 11 0 0 0 0 0 11 0 0 0 11 0 11 0 0 0 0 0 0 0 0 0 11 0 11 
11 0 0 0 11 0 0 0 0 0 11 0 0 0 0 0 0 0 0 0 0 11 0 0 14 11 11 0 0 0 0 0 11 0 0 11 0 0 11 
11 0 0 0 0 0 0 0 11 11 0 0 0 0 0 0 0 0 0 0 0 0 11 0 0 0 0 0 0 0 11 11 0 0 0 0 0 11 11 
11 0 0 0 11 0 0 0 0 0 0 0 0 0 0 0 0 0 0 0 0 0 0 0 0 0 0 0 0 0 0 0 0 0 0 0 0 0 11 
11 11 0 11 0 0 0 0 11 0 11 0 0 0 11 0 0 0 0 0 0 11 0 0 0 0 0 0 0 0 11 0 0 0 0 0 0 0 11 
11 0 0 0 0 11 0 11 0 0 0 0 0 0 0 0 0 0 11 0 0 11 0 0 11 11 11 0 0 0 0 0 0 0 0 11 11 0 11 
11 0 11 0 0 0 11 0 0 0 0 0 0 0 0 0 11 0 0 0 0 0 0 11 0 0 0 11 0 0 0 11 0 0 0 11 0 0 11 
11 11 0 11 0 11 11 11 11 0 0 0 0 0 0 11 11 11 0 0 0 11 0 0 0 0 0 11 11 0 0 0 0 0 0 0 0 0 11 
11 0 0 0 0 11 0 0 0 0 0 0 0 0 0 0 0 0 0 0 15 11 0 11 0 0 0 0 0 11 0 0 0 0 0 0 0 11 11 
11 0 0 0 0 0 11 11 11 0 0 0 0 0 0 0 0 0 0 0 0 0 0 0 0 0 0 0 0 0 0 11 0 0 0 11 11 0 11 
11 0 0 11 0 0 11 0 0 0 11 0 11 0 0 11 0 0 0 0 0 0 0 0 11 0 0 0 0 11 0 0 0 0 0 0 0 0 11 
11 0 0 11 0 11 0 11 0 0 11 15 0 11 0 0 0 0 0 0 0 0 0 0 0 11 0 0 0 0 0 0 0 0 0 0 0 0 11 
11 11 0 11 0 0 0 11 0 0 0 0 0 0 0 0 0 0 0 0 11 0 0 0 0 11 11 0 0 0 0 11 11 11 0 0 0 11 11 
11 0 0 0 0 0 0 0 0 0 0 0 0 0 0 11 11 0 0 0 0 0 11 0 0 0 0 0 0 0 0 0 0 0 0 0 0 0 11 
11 0 11 0 0 0 0 11 0 0 0 11 11 0 0 15 11 0 0 0 11 0 11 0 11 0 0 11 0 0 0 0 11 0 0 11 0 0 11 
11 0 0 0 0 11 0 0 0 11 11 0 11 0 0 0 0 0 0 0 0 0 0 0 0 0 0 0 0 0 0 11 11 0 0 0 0 0 11 
11 0 0 0 0 0 0 0 11 11 0 0 0 0 0 11 0 11 0 0 11 0 0 0 0 0 0 0 0 0 0 0 0 11 0 0 11 0 11 
11 0 0 0 0 0 11 0 0 0 11 0 0 0 0 0 0 0 0 0 11 0 0 11 0 0 0 0 0 0 0 15 0 0 0 0 0 0 11 
11 11 11 0 0 0 0 0 0 11 0 0 0 0 0 0 0 0 0 0 0 0 0 0 11 0 0 0 0 0 0 0 0 11 0 11 11 11 11 
11 11 0 0 0 0 0 0 0 0 0 0 0 0 11 0 0 0 0 0 0 11 0 0 0 0 0 11 0 11 0 0 0 0 11 0 0 0 11 
11 0 0 0 0 0 0 0 0 0 0 0 11 11 0 15 0 11 11 0 0 11 0 11 0 0 0 0 0 0 0 0 0 0 0 0 0 0 11 
11 0 0 0 0 0 0 0 0 0 0 0 0 0 0 0 15 0 11 0 11 0 11 0 0 0 0 0 0 0 0 0 0 0 0 0 0 0 11 
11 0 0 0 11 11 0 0 0 0 0 11 11 0 0 11 0 0 0 0 0 0 0 0 0 0 0 0 0 0 11 0 0 0 0 0 11 0 11 
11 0 0 0 11 0 11 0 0 0 0 0 11 11 11 0 0 0 0 0 0 0 0 11 0 0 0 0 0 0 0 0 11 0 11 11 0 0 11 
11 11 0 0 0 0 0 0 0 0 0 0 0 0 11 0 0 11 0 0 0 0 0 0 11 0 11 0 0 0 11 0 11 0 0 11 0 0 11 
11 0 0 0 0 0 0 0 0 0 11 0 11 0 11 0 11 0 0 11 0 0 0 0 0 0 0 0 0 11 0 11 0 0 0 0 0 0 11 
11 11 11 11 11 11 11 11 11 11 11 11 11 11 11 11 11 11 11 11 11 11 11 11 11 11 11 11 11 11 11 11 11 11 11 11 11 11 11 

15916
11 11 11 11 11 11 11 11 11 11 11 11 11 11 11 11 11 11 11 11 11 11 11 11 11 11 11 11 11 11 11 11 11 11 11 11 11 11 11 
11 0 0 0 0 0 0 0 0 11 0 11 0 0 0 11 0 0 0 0 0 0 0 0 0 0 0 0 0 11 15 0 0 0 0 0 0 0 11 
11 0 0 11 0 0 0 0 11 11 0 0 0 0 0 0 11 11 11 0 0 0 0 0 11 0 11 0 0 0 0 0 11 0 0 0 0 0 11 
11 0 0 15 0 11 0 11 0 11 0 0 0 11 11 0 0 0 0 0 0 0 0 11 0 0 0 11 0 0 0 0 11 0 11 11 0 0 11 
11 0 0 0 0 0 0 0 11 0 0 0 0 0 0 11 0 0 0 11 0 0 0 0 11 0 11 0 0 0 11 11 0 11 0 0 11 11 11 
11 11 11 0 11 0 0 0 0 0 11 0 0 11 0 0 0 0 0 0 0 0 0 0 0 0 0 0 0 11 0 11 0 11 0 0 0 0 11 
11 0 0 0 11 0 0 0 0 0 0 11 0 0 11 0 0 0 0 0 11 0 0 0 11 0 11 0 0 0 0 0 0 0 0 0 11 0 11 
11 0 0 0 11 0 0 0 0 0 11 0 0 0 0 0 0 0 0 0 0 11 0 0 0 11 11 0 0 0 0 0 11 0 0 11 0 0 11 
11 0 0 0 0 0 0 0 11 11 0 0 0 0 0 0 0 0 0 0 0 0 11 13 0 0 0 0 0 0 11 11 0 0 0 0 0 11 11 
11 0 0 0 11 0 0 0 0 0 0 0 0 0 0 0 0 0 0 0 0 0 0 0 0 0 0 0 0 0 0 0 0 0 0 0 0 0 11 
11 11 0 11 0 0 0 0 11 0 11 0 0 0 11 0 0 0 0 0 0 11 0 0 0 0 0 0 0 0 11 0 0 0 0 0 0 0 11 
11 0 0 0 0 11 0 11 0 0 0 0 0 0 0 0 0 0 11 0 0 11 0 0 11 11 11 0 0 0 0 0 0 0 0 11 11 0 11 
11 0 11 0 0 0 11 0 0 0 0 0 0 0 0 0 11 0 0 0 0 0 0 11 0 0 0 11 0 0 0 11 0 0 0 11 0 0 11 
11 11 0 11 0 11 11 11 11 0 0 0 0 0 0 11 11 11 15 0 0 11 0 0 0 0 0 11 11 0 0 0 0 0 0 0 0 0 11 
11 0 0 0 0 11 0 0 0 0 0 0 0 0 0 0 0 0 0 0 0 11 0 11 0 0 0 0 0 11 0 0 0 0 0 0 0 11 11 
11 0 0 0 0 0 11 11 11 0 0 0 0 0 0 0 0 0 0 0 0 0 0 0 0 0 0 0 0 0 0 11 0 0 0 11 11 0 11 
11 0 0 11 0 0 11 0 0 0 11 0 11 0 0 11 0 0 0 0 0 0 0 0 11 0 0 0 0 11 0 0 0 0 0 0 0 0 11 
11 0 0 11 0 11 0 11 0 0 11 0 0 11 0 0 0 0 0 0 0 0 0 0 0 11 0 0 0 0 0 0 0 0 0 0 0 0 11 
11 11 0 11 0 0 0 11 0 0 15 0 0 0 0 0 0 0 0 0 11 0 0 0 0 11 11 0 0 0 0 11 11 11 0 0 0 11 11 
11 0 0 0 0 0 0 0 0 0 0 15 0 0 0 11 11 0 0 0 0 0 11 0 0 0 0 0 0 0 0 0 0 0 0 0 0 0 11 
11 0 11 0 0 0 0 11 0 0 0 11 11 0 0 0 0 0 0 0 0 0 11 0 11 0 0 11 0 0 0 0 11 0 0 11 0 0 11 
11 0 0 0 0 11 0 0 0 11 11 0 11 0 0 0 0 0 0 0 0 0 0 0 0 0 0 0 0 0 15 11 11 0 0 0 0 0 11 
11 0 0 0 0 0 0 0 11 11 0 0 0 0 0 11 0 11 0 0 11 0 0 0 0 0 0 0 0 0 0 0 0 11 0 0 11 0 11 
11 0 0 0 0 0 11 0 0 0 11 0 0 0 0 0 0 0 0 15 11 0 0 11 0 0 0 0 0 0 0 0 0 0 0 0 0 0 11 
11 11 11 0 0 0 0 0 0 11 0 0 0 0 0 0 0 0 0 0 0 0 0 0 11 0 0 0 0 0 0 0 0 11 0 11 11 11 11 
11 11 0 0 0 0 0 0 0 0 0 0 0 0 11 0 0 0 0 0 0 11 0 0 0 0 0 11 0 11 0 0 0 0 11 0 0 0 11 
11 0 0 0 0 0 0 0 0 0 0 0 11 11 0 15 0 11 11 0 0 11 0 11 0 0 0 0 0 0 0 0 0 0 0 0 0 0 11 
11 0 0 0 0 0 0 0 0 0 0 0 0 0 0 0 0 0 11 0 11 0 11 0 0 0 0 0 0 0 0 0 0 0 0 0 0 0 11 
11 0 0 0 11 11 0 0 0 0 0 11 11 0 0 11 0 0 0 0 0 0 0 0 0 0 0 15 0 0 11 0 0 0 0 0 11 0 11 
11 0 0 0 11 0 11 0 0 0 0 0 11 11 11 0 0 0 0 0 0 0 0 11 0 0 0 0 0 0 0 0 11 0 11 11 0 0 11 
11 11 0 0 0 0 0 0 0 0 0 0 0 0 11 0 0 11 0 0 0 0 0 0 11 0 11 0 0 0 11 0 11 0 0 11 0 0 11 
11 0 0 0 0 0 0 0 0 0 11 0 11 0 11 0 11 0 0 11 0 0 0 0 0 0 0 0 0 11 0 11 0 0 0 0 0 0 11 
11 11 11 11 11 11 11 11 11 11 11 11 11 11 11 11 11 11 11 11 11 11 11 11 11 11 11 11 11 11 11 11 11 11 11 11 11 11 11 

15916
11 11 11 11 11 11 11 11 11 11 11 11 11 11 11 11 11 11 11 11 11 11 11 11 11 11 11 11 11 11 11 11 11 11 11 11 11 11 11 
11 0 0 0 0 0 0 0 0 11 0 11 0 0 0 11 0 0 0 0 0 0 0 0 0 0 0 0 0 11 15 0 0 0 0 0 0 0 11 
11 0 0 11 0 0 0 0 11 11 0 0 0 0 0 0 11 11 11 0 0 0 0 0 11 0 11 0 0 0 0 0 11 0 0 0 0 0 11 
11 0 0 15 0 11 0 11 0 11 0 0 0 11 11 0 0 0 0 0 0 0 0 11 0 0 0 11 0 0 0 0 11 0 11 11 0 0 11 
11 0 0 0 0 0 0 0 11 0 0 0 0 0 0 11 0 0 0 11 0 0 0 0 11 0 11 0 0 0 11 11 0 11 0 0 11 11 11 
11 11 11 0 11 0 0 0 0 0 11 0 0 11 0 0 0 0 0 0 0 0 0 0 0 0 0 0 0 11 0 11 0 11 0 0 0 0 11 
11 0 0 0 11 0 0 0 0 0 0 11 0 0 11 0 0 0 0 0 11 0 0 0 11 0 11 0 0 0 0 0 0 0 0 0 11 0 11 
11 0 0 0 11 0 0 0 0 0 11 0 0 0 0 0 0 0 0 0 0 11 0 0 0 11 11 0 0 0 0 0 11 0 0 11 0 0 11 
11 0 0 0 0 0 0 0 11 11 0 0 0 0 0 0 0 0 0 0 0 0 11 13 0 0 0 0 0 0 11 11 0 0 0 0 0 11 11 
11 0 0 0 11 0 0 0 0 0 0 0 0 0 0 0 0 0 0 0 0 0 0 0 0 0 0 0 0 0 0 0 0 0 0 0 0 0 11 
11 11 0 11 0 0 0 0 11 0 11 0 0 0 11 0 0 0 0 0 0 11 0 0 0 0 0 0 0 0 11 0 0 0 0 0 0 0 11 
11 0 0 0 0 11 0 11 0 0 0 0 0 0 0 0 0 0 11 0 0 11 0 0 11 11 11 0 0 0 0 0 0 0 0 11 11 0 11 
11 0 11 0 0 0 11 0 0 0 0 0 0 0 0 0 11 0 0 0 0 0 0 11 0 0 0 11 0 0 0 11 0 0 0 11 0 0 11 
11 11 0 11 0 11 11 11 11 0 0 0 0 0 0 11 11 11 15 0 0 11 0 0 0 0 0 11 11 0 0 0 0 0 0 0 0 0 11 
11 0 0 0 0 11 0 0 0 0 0 0 0 0 0 0 0 0 0 0 0 11 0 11 0 0 0 0 0 11 0 0 0 0 0 0 0 11 11 
11 0 0 0 0 0 11 11 11 0 0 0 0 0 0 0 0 0 0 0 0 0 0 0 0 0 0 0 0 0 0 11 0 0 0 11 11 0 11 
11 0 0 11 0 0 11 0 0 0 11 0 11 0 0 11 0 0 0 0 0 0 0 0 11 0 0 0 0 11 0 0 0 0 0 0 0 0 11 
11 0 0 11 0 11 0 11 0 0 11 0 0 11 0 0 0 0 0 0 0 0 0 0 0 11 0 0 0 0 0 0 0 0 0 0 0 0 11 
11 11 0 11 0 0 0 11 0 0 15 0 0 0 0 0 0 0 0 0 11 0 0 0 0 11 11 0 0 0 0 11 11 11 0 0 0 11 11 
11 0 0 0 0 0 0 0 0 0 0 15 0 0 0 11 11 0 0 0 0 0 11 0 0 0 0 0 0 0 0 0 0 0 0 0 0 0 11 
11 0 11 0 0 0 0 11 0 0 0 11 11 0 0 0 0 0 0 0 0 0 11 0 11 0 0 11 0 0 0 0 11 0 0 11 0 0 11 
11 0 0 0 0 11 0 0 0 11 11 0 11 0 0 0 0 0 0 0 0 0 0 0 0 0 0 0 0 0 15 11 11 0 0 0 0 0 11 
11 0 0 0 0 0 0 0 11 11 0 0 0 0 0 11 0 11 0 0 11 0 0 0 0 0 0 0 0 0 0 0 0 11 0 0 11 0 11 
11 0 0 0 0 0 11 0 0 0 11 0 0 0 0 0 0 0 0 15 11 0 0 11 0 0 0 0 0 0 0 0 0 0 0 0 0 0 11 
11 11 11 0 0 0 0 0 0 11 0 0 0 0 0 0 0 0 0 0 0 0 0 0 11 0 0 0 0 0 0 0 0 11 0 11 11 11 11 
11 11 0 0 0 0 0 0 0 0 0 0 0 0 11 0 0 0 0 0 0 11 0 0 0 0 0 11 0 11 0 0 0 0 11 0 0 0 11 
11 0 0 0 0 0 0 0 0 0 0 0 11 11 0 15 0 11 11 0 0 11 0 11 0 0 0 0 0 0 0 0 0 0 0 0 0 0 11 
11 0 0 0 0 0 0 0 0 0 0 0 0 0 0 0 0 0 11 0 11 0 11 0 0 0 0 0 0 0 0 0 0 0 0 0 0 0 11 
11 0 0 0 11 11 0 0 0 0 0 11 11 0 0 11 0 0 0 0 0 0 0 0 0 0 0 15 0 0 11 0 0 0 0 0 11 0 11 
11 0 0 0 11 0 11 0 0 0 0 0 11 11 11 0 0 0 0 0 0 0 0 11 0 0 0 0 0 0 0 0 11 0 11 11 0 0 11 
11 11 0 0 0 0 0 0 0 0 0 0 0 0 11 0 0 11 0 0 0 0 0 0 11 0 11 0 0 0 11 0 11 0 0 11 0 0 11 
11 0 0 0 0 0 0 0 0 0 11 0 11 0 11 0 11 0 0 11 0 0 0 0 0 0 0 0 0 11 0 11 0 0 0 0 0 0 11 
11 11 11 11 11 11 11 11 11 11 11 11 11 11 11 11 11 11 11 11 11 11 11 11 11 11 11 11 11 11 11 11 11 11 11 11 11 11 11 

15916
11 11 11 11 11 11 11 11 11 11 11 11 11 11 11 11 11 11 11 11 11 11 11 11 11 11 11 11 11 11 11 11 11 11 11 11 11 11 11 
11 0 0 0 0 0 0 0 0 11 0 11 0 0 0 11 0 0 0 0 0 0 0 0 0 0 0 0 0 11 15 0 0 0 0 0 0 0 11 
11 0 0 11 0 0 0 0 11 11 0 0 0 0 0 0 11 11 11 0 0 0 0 0 11 0 11 0 0 0 0 0 11 0 0 0 0 0 11 
11 0 0 15 0 11 0 11 0 11 0 0 0 11 11 0 0 0 0 0 0 0 0 11 0 0 0 11 0 0 0 0 11 0 11 11 0 0 11 
11 0 0 0 0 0 0 0 11 0 0 0 0 0 0 11 0 0 0 11 0 0 0 0 11 0 11 0 0 0 11 11 0 11 0 0 11 11 11 
11 11 11 0 11 0 0 0 0 0 11 0 0 11 0 0 0 0 0 0 0 0 0 0 0 0 0 0 0 11 0 11 0 11 0 0 0 0 11 
11 0 0 0 11 0 0 0 0 0 0 11 0 0 11 0 0 0 0 0 11 0 0 0 11 0 11 0 0 0 0 0 0 0 0 0 11 0 11 
11 0 0 0 11 0 0 0 0 0 11 0 0 0 0 0 0 0 0 0 0 11 0 0 0 11 11 0 0 0 0 0 11 0 0 11 0 0 11 
11 0 0 0 0 0 0 0 11 11 0 0 0 0 0 0 0 0 0 0 0 0 11 13 0 0 0 0 0 0 11 11 0 0 0 0 0 11 11 
11 0 0 0 11 0 0 0 0 0 0 0 0 0 0 0 0 0 0 0 0 0 0 0 0 0 0 0 0 0 0 0 0 0 0 0 0 0 11 
11 11 0 11 0 0 0 0 11 0 11 0 0 0 11 0 0 0 0 0 0 11 0 0 0 0 0 0 0 0 11 0 0 0 0 0 0 0 11 
11 0 0 0 0 11 0 11 0 0 0 0 0 0 0 0 0 0 11 0 0 11 0 0 11 11 11 0 0 0 0 0 0 0 0 11 11 0 11 
11 0 11 0 0 0 11 0 0 0 0 0 0 0 0 0 11 0 0 0 0 0 0 11 0 0 0 11 0 0 0 11 0 0 0 11 0 0 11 
11 11 0 11 0 11 11 11 11 0 0 0 0 0 0 11 11 11 15 0 0 11 0 0 0 0 0 11 11 0 0 0 0 0 0 0 0 0 11 
11 0 0 0 0 11 0 0 0 0 0 0 0 0 0 0 0 0 0 0 0 11 0 11 0 0 0 0 0 11 0 0 0 0 0 0 0 11 11 
11 0 0 0 0 0 11 11 11 0 0 0 0 0 0 0 0 0 0 0 0 0 0 0 0 0 0 0 0 0 0 11 0 0 0 11 11 0 11 
11 0 0 11 0 0 11 0 0 0 11 0 11 0 0 11 0 0 0 0 0 0 0 0 11 0 0 0 0 11 0 0 0 0 0 0 0 0 11 
11 0 0 11 0 11 0 11 0 0 11 0 0 11 0 0 0 0 0 0 0 0 0 0 0 11 0 0 0 0 0 0 0 0 0 0 0 0 11 
11 11 0 11 0 0 0 11 0 0 15 0 0 0 0 0 0 0 0 0 11 0 0 0 0 11 11 0 0 0 0 11 11 11 0 0 0 11 11 
11 0 0 0 0 0 0 0 0 0 0 15 0 0 0 11 11 0 0 0 0 0 11 0 0 0 0 0 0 0 0 0 0 0 0 0 0 0 11 
11 0 11 0 0 0 0 11 0 0 0 11 11 0 0 0 0 0 0 0 0 0 11 0 11 0 0 11 0 0 0 0 11 0 0 11 0 0 11 
11 0 0 0 0 11 0 0 0 11 11 0 11 0 0 0 0 0 0 0 0 0 0 0 0 0 0 0 0 0 15 11 11 0 0 0 0 0 11 
11 0 0 0 0 0 0 0 11 11 0 0 0 0 0 11 0 11 0 0 11 0 0 0 0 0 0 0 0 0 0 0 0 11 0 0 11 0 11 
11 0 0 0 0 0 11 0 0 0 11 0 0 0 0 0 0 0 0 15 11 0 0 11 0 0 0 0 0 0 0 0 0 0 0 0 0 0 11 
11 11 11 0 0 0 0 0 0 11 0 0 0 0 0 0 0 0 0 0 0 0 0 0 11 0 0 0 0 0 0 0 0 11 0 11 11 11 11 
11 11 0 0 0 0 0 0 0 0 0 0 0 0 11 0 0 0 0 0 0 11 0 0 0 0 0 11 0 11 0 0 0 0 11 0 0 0 11 
11 0 0 0 0 0 0 0 0 0 0 0 11 11 0 15 0 11 11 0 0 11 0 11 0 0 0 0 0 0 0 0 0 0 0 0 0 0 11 
11 0 0 0 0 0 0 0 0 0 0 0 0 0 0 0 0 0 11 0 11 0 11 0 0 0 0 0 0 0 0 0 0 0 0 0 0 0 11 
11 0 0 0 11 11 0 0 0 0 0 11 11 0 0 11 0 0 0 0 0 0 0 0 0 0 0 15 0 0 11 0 0 0 0 0 11 0 11 
11 0 0 0 11 0 11 0 0 0 0 0 11 11 11 0 0 0 0 0 0 0 0 11 0 0 0 0 0 0 0 0 11 0 11 11 0 0 11 
11 11 0 0 0 0 0 0 0 0 0 0 0 0 11 0 0 11 0 0 0 0 0 0 11 0 11 0 0 0 11 0 11 0 0 11 0 0 11 
11 0 0 0 0 0 0 0 0 0 11 0 11 0 11 0 11 0 0 11 0 0 0 0 0 0 0 0 0 11 0 11 0 0 0 0 0 0 11 
11 11 11 11 11 11 11 11 11 11 11 11 11 11 11 11 11 11 11 11 11 11 11 11 11 11 11 11 11 11 11 11 11 11 11 11 11 11 11 

15847
11 11 11 11 11 11 11 11 11 11 11 11 11 11 11 11 11 11 11 11 11 11 11 11 11 11 11 11 11 11 11 11 11 11 11 11 11 11 11 
11 0 0 0 0 12 0 0 0 11 0 11 0 0 0 11 0 0 0 0 0 0 0 0 0 0 0 0 0 11 0 0 0 0 0 0 0 0 11 
11 0 0 11 0 0 0 0 11 11 0 0 0 0 0 0 11 11 11 0 0 0 0 0 11 0 11 0 0 14 0 0 11 0 0 0 0 0 11 
11 0 0 0 0 11 0 11 0 11 0 0 0 11 11 0 0 0 0 0 0 0 0 11 0 0 0 11 0 0 0 0 11 0 11 11 0 0 11 
11 0 0 0 0 0 0 0 11 0 0 0 0 0 0 11 0 0 0 11 0 0 0 0 11 0 11 0 0 0 11 11 0 11 0 0 11 11 11 
11 11 11 0 11 0 0 0 0 0 11 0 0 11 0 0 0 0 0 0 0 0 0 0 0 0 0 0 0 11 0 11 0 11 0 0 0 0 11 
11 0 0 0 11 0 0 0 0 0 0 11 0 0 11 0 0 0 0 0 11 0 0 0 11 0 11 0 0 0 0 0 0 0 0 0 11 0 11 
11 0 0 0 11 0 0 0 0 15 11 0 0 0 0 0 0 15 0 0 0 11 0 0 0 11 11 0 0 0 0 0 11 0 0 11 0 0 11 
11 0 0 0 0 0 0 0 11 11 0 0 0 0 0 0 0 0 0 0 0 0 11 0 0 15 0 0 0 0 11 11 0 0 0 0 0 11 11 
11 0 0 0 11 0 0 0 0 0 0 0 0 0 0 0 0 0 0 0 0 0 0 0 0 0 0 0 0 0 0 0 0 0 0 0 0 0 11 
11 11 0 11 0 0 0 0 11 0 11 0 0 0 11 0 0 0 0 0 0 11 0 0 0 0 0 0 0 0 11 0 0 0 0 0 0 0 11 
11 0 0 0 0 11 0 11 0 0 0 0 0 0 0 0 0 0 11 0 0 11 0 0 11 11 11 0 0 0 0 0 0 0 0 11 11 0 11 
11 0 11 0 0 0 11 0 0 0 0 0 0 0 0 0 11 0 0 0 0 0 0 11 0 0 0 11 0 0 0 11 0 0 0 11 0 0 11 
11 11 0 11 0 11 11 11 11 0 0 0 0 0 0 11 11 11 0 0 0 11 0 0 0 0 0 11 11 0 0 0 0 0 0 0 0 0 11 
11 0 0 0 0 11 0 0 0 0 0 0 0 0 0 0 0 0 0 0 0 11 0 11 0 0 0 0 0 11 0 0 0 0 0 0 0 11 11 
11 0 0 0 0 0 11 11 11 0 0 0 0 0 0 0 0 0 0 0 0 0 0 0 0 0 0 0 0 0 0 11 0 0 0 11 11 0 11 
11 0 0 11 0 0 11 0 0 0 11 0 11 0 0 11 0 0 0 0 0 0 0 0 11 0 0 0 0 11 0 0 0 0 0 0 0 0 11 
11 0 0 11 0 11 0 11 0 0 11 0 0 11 0 0 0 0 0 0 0 0 0 0 0 11 0 0 0 0 0 0 0 0 0 0 0 0 11 
11 11 0 11 0 0 0 11 0 15 0 0 0 0 0 0 0 0 0 0 11 0 0 0 0 11 11 0 0 0 0 11 11 11 0 0 0 11 11 
11 0 0 0 0 0 0 0 0 0 0 0 0 0 0 11 11 0 0 0 0 0 11 0 0 0 0 0 0 0 0 0 0 0 0 0 0 0 11 
11 0 11 0 0 0 0 11 0 0 0 11 11 0 0 0 0 0 0 0 0 0 11 0 11 0 0 11 0 0 0 0 11 0 0 11 0 0 11 
11 0 0 0 0 11 0 0 0 11 11 0 11 0 0 0 0 0 15 0 0 0 0 0 0 0 0 0 0 15 0 11 11 0 13 0 0 0 11 
11 0 0 0 0 0 0 0 11 11 0 0 0 0 0 11 0 11 0 0 11 0 0 0 0 0 0 0 0 0 0 0 0 11 0 0 11 0 11 
11 0 0 0 0 0 11 0 0 0 11 0 0 0 0 0 0 0 15 0 11 0 0 11 0 0 0 0 0 0 0 0 0 0 0 0 0 0 11 
11 11 11 0 0 0 0 0 0 11 0 0 0 0 0 0 0 0 0 0 0 0 0 0 11 0 0 0 0 0 0 0 0 11 0 11 11 11 11 
11 11 0 0 0 0 0 0 0 0 0 0 0 0 11 0 0 0 0 0 0 11 0 0 0 0 0 11 0 11 0 0 0 0 11 0 0 0 11 
11 0 0 0 0 0 0 0 0 0 0 0 11 11 0 0 0 11 11 0 0 11 0 11 0 0 0 0 0 0 0 0 0 0 0 0 0 0 11 
11 0 0 0 0 0 0 0 0 0 0 0 0 0 15 0 0 0 11 0 11 0 11 0 0 0 0 0 0 0 0 0 0 0 0 0 0 0 11 
11 0 0 0 11 11 0 0 0 0 0 11 11 0 0 11 0 0 0 0 0 0 0 0 0 0 0 0 0 0 11 0 0 0 0 0 11 0 11 
11 0 0 0 11 0 11 0 0 0 0 0 11 11 11 0 0 0 0 0 0 0 0 11 0 0 0 0 0 0 0 0 11 0 11 11 0 0 11 
11 11 0 0 0 0 0 0 0 0 0 0 0 0 11 0 0 11 0 0 0 0 0 0 11 0 11 0 0 0 11 0 11 0 0 11 0 0 11 
11 0 0 0 0 0 0 0 0 0 11 0 11 0 11 0 11 0 0 11 0 0 0 0 0 0 0 0 0 11 0 11 0 0 0 0 0 0 11 
11 11 11 11 11 11 11 11 11 11 11 11 11 11 11 11 11 11 11 11 11 11 11 11 11 11 11 11 11 11 11 11 11 11 11 11 11 11 11 

