16248
11 11 11 11 11 11 11 11 11 11 11 11 11 11 11 11 11 11 11 11 11 11 11 11 11 11 11 11 11 11 11 11 11 11 11 11 11 11 11 
11 0 0 11 0 0 11 0 0 0 0 0 0 0 0 0 0 0 11 11 11 0 0 11 0 0 0 0 0 0 11 11 0 0 11 0 0 11 11 
11 0 0 0 0 0 0 0 0 0 11 0 0 0 0 0 0 0 0 11 0 0 0 0 0 0 0 0 0 11 0 0 0 0 0 0 0 11 11 
11 0 0 0 0 0 11 0 0 0 11 0 11 11 11 0 0 0 0 0 0 11 0 0 0 0 0 11 0 0 11 0 0 0 0 0 0 11 11 
11 0 0 0 0 0 0 0 0 0 0 0 0 0 0 11 0 0 0 0 0 0 0 0 11 11 0 11 11 0 0 0 0 11 0 0 0 0 11 
11 0 0 11 0 0 0 0 0 11 0 11 0 15 11 0 0 11 0 0 0 0 0 0 11 0 0 0 11 0 0 11 0 0 11 0 11 0 11 
11 11 0 0 0 0 0 0 0 11 0 0 0 15 0 0 0 11 0 0 0 0 0 0 0 0 0 11 0 0 0 0 11 0 0 0 0 0 11 
11 0 0 0 0 11 0 11 0 11 11 11 0 11 11 11 0 11 0 11 0 0 11 0 0 0 0 11 0 0 15 0 0 0 0 0 0 0 11 
11 0 0 0 0 0 11 11 0 11 0 0 0 11 0 0 0 11 0 0 0 0 0 0 0 0 0 0 0 0 0 0 11 11 0 0 0 0 11 
11 0 0 0 0 0 0 11 0 15 11 0 11 0 0 0 0 11 0 11 0 0 0 0 0 11 0 0 0 0 0 0 0 0 0 0 0 0 11 
11 0 11 0 0 0 0 0 15 0 0 0 0 0 0 0 0 11 0 0 0 11 11 0 0 0 0 0 0 0 0 0 0 0 0 0 0 0 11 
11 0 0 11 0 11 11 11 0 0 0 0 11 0 0 0 0 0 11 0 0 0 11 11 0 0 0 0 11 0 0 11 0 0 0 0 0 0 11 
11 0 0 0 0 0 11 0 11 11 11 11 0 11 0 0 11 11 0 0 0 0 0 0 0 0 11 11 0 0 0 0 0 0 11 0 0 0 11 
11 0 0 0 0 0 0 0 0 0 0 11 0 0 0 0 0 11 0 0 11 11 0 0 0 0 0 11 0 0 0 11 11 0 0 0 0 0 11 
11 0 0 0 0 11 0 0 0 0 0 11 0 11 0 0 0 0 0 0 0 0 0 0 0 0 0 0 0 0 0 11 0 0 0 0 0 0 11 
11 11 0 0 0 0 0 0 11 0 0 11 0 11 0 0 0 0 0 0 0 0 0 0 0 0 0 0 11 11 11 0 0 0 0 0 0 0 11 
11 0 0 0 0 0 0 0 0 11 0 0 0 11 0 0 0 11 0 11 0 0 11 0 0 0 0 0 0 0 0 0 11 0 0 0 0 0 11 
11 0 11 0 11 0 0 0 0 0 11 0 0 0 0 0 0 0 0 0 11 0 11 0 0 0 0 0 11 0 0 0 0 0 0 0 0 0 11 
11 0 0 0 0 0 0 0 0 0 11 11 0 0 0 0 11 0 0 0 0 11 0 0 0 0 0 0 0 0 11 0 0 11 11 0 0 0 11 
11 0 0 11 0 0 0 0 0 0 0 0 11 11 0 0 0 0 0 0 0 11 0 0 0 0 0 11 0 0 0 0 0 0 0 0 0 11 11 
11 0 0 0 0 0 0 0 0 0 0 11 0 0 0 0 0 0 0 11 0 0 11 0 11 0 0 0 0 11 0 0 0 0 0 0 11 0 11 
11 0 0 11 0 11 0 0 0 0 0 11 0 11 0 0 0 0 0 0 0 11 0 0 0 15 0 0 0 0 0 0 0 0 0 0 0 0 11 
11 0 0 0 0 0 0 0 0 0 0 0 0 11 0 0 11 11 11 0 11 11 0 0 0 11 0 11 13 0 0 0 11 0 0 11 0 0 11 
11 11 0 11 11 0 11 0 0 0 0 11 0 0 0 0 11 0 0 11 0 0 0 0 0 0 0 11 0 11 0 0 0 11 0 11 11 0 11 
11 0 0 0 0 0 0 0 11 11 0 0 0 0 0 0 0 0 0 0 0 0 0 0 0 0 0 0 0 0 11 0 0 0 0 0 0 0 11 
11 11 0 0 0 11 0 0 11 0 11 11 0 0 0 0 0 0 0 11 0 0 0 0 0 0 0 0 0 0 0 0 11 0 0 0 0 0 11 
11 0 0 11 0 0 11 0 0 0 0 0 0 0 0 0 0 0 0 0 0 0 0 11 11 0 11 0 15 0 0 0 0 11 0 11 0 0 11 
11 0 0 0 0 0 0 0 0 11 0 11 0 0 11 0 0 0 0 0 0 0 11 0 0 0 0 0 0 0 0 0 0 0 0 0 0 0 11 
11 0 0 0 0 0 0 0 0 11 0 11 0 0 11 0 11 0 0 0 0 0 0 0 11 0 11 11 0 0 0 11 0 0 0 11 0 0 11 
11 0 0 0 0 0 0 0 0 0 0 0 0 11 0 0 0 0 0 0 11 0 0 0 11 0 11 0 0 0 11 0 0 0 0 0 0 0 11 
11 0 0 0 0 0 0 0 0 0 0 11 0 0 11 0 11 0 0 0 0 0 11 0 0 0 0 0 11 0 11 0 0 0 11 0 11 0 11 
11 0 0 0 11 0 0 0 0 0 0 0 0 0 0 0 0 0 11 0 0 0 0 11 0 0 0 0 0 0 11 0 0 0 0 0 0 0 11 
11 0 0 0 11 0 0 0 0 0 0 0 0 0 15 0 0 0 0 0 0 0 0 11 0 0 0 0 0 0 0 0 0 0 0 0 0 0 11 
11 0 11 0 11 0 0 0 11 11 0 0 0 11 0 0 0 0 0 11 0 11 0 0 0 0 0 0 0 11 0 0 11 0 0 11 0 0 11 
11 11 11 11 11 11 11 11 11 11 11 11 11 11 11 11 11 11 11 11 11 11 11 11 11 11 11 11 11 11 11 11 11 11 11 11 11 11 11 

16248
11 11 11 11 11 11 11 11 11 11 11 11 11 11 11 11 11 11 11 11 11 11 11 11 11 11 11 11 11 11 11 11 11 11 11 11 11 11 11 
11 0 0 11 0 0 11 0 0 0 0 0 0 0 0 0 0 0 11 11 11 0 0 11 0 0 0 0 0 0 11 11 0 0 11 0 0 11 11 
11 0 0 0 0 0 0 0 0 0 11 0 0 0 0 0 0 0 0 11 0 0 0 0 0 0 0 0 0 11 0 0 0 0 0 0 0 11 11 
11 0 0 0 0 0 11 0 0 0 11 0 11 11 11 0 0 0 0 0 0 11 0 0 0 0 0 11 0 0 11 0 0 0 0 0 0 11 11 
11 0 0 0 0 0 0 0 0 0 0 0 0 0 0 11 0 0 0 0 0 0 0 0 11 11 0 11 11 0 0 0 0 11 0 0 0 0 11 
11 0 0 11 0 0 0 0 0 11 0 11 0 15 11 0 0 11 0 0 0 0 0 0 11 0 0 0 11 0 0 11 0 0 11 0 11 0 11 
11 11 0 0 0 0 0 0 0 11 0 0 0 15 0 0 0 11 0 0 0 0 0 0 0 0 0 11 0 0 0 0 11 0 0 0 0 0 11 
11 0 0 0 0 11 0 11 0 11 11 11 0 11 11 11 0 11 0 11 0 0 11 0 0 0 0 11 0 0 15 0 0 0 0 0 0 0 11 
11 0 0 0 0 0 11 11 0 11 0 0 0 11 0 0 0 11 0 0 0 0 0 0 0 0 0 0 0 0 0 0 11 11 0 0 0 0 11 
11 0 0 0 0 0 0 11 0 15 11 0 11 0 0 0 0 11 0 11 0 0 0 0 0 11 0 0 0 0 0 0 0 0 0 0 0 0 11 
11 0 11 0 0 0 0 0 15 0 0 0 0 0 0 0 0 11 0 0 0 11 11 0 0 0 0 0 0 0 0 0 0 0 0 0 0 0 11 
11 0 0 11 0 11 11 11 0 0 0 0 11 0 0 0 0 0 11 0 0 0 11 11 0 0 0 0 11 0 0 11 0 0 0 0 0 0 11 
11 0 0 0 0 0 11 0 11 11 11 11 0 11 0 0 11 11 0 0 0 0 0 0 0 0 11 11 0 0 0 0 0 0 11 0 0 0 11 
11 0 0 0 0 0 0 0 0 0 0 11 0 0 0 0 0 11 0 0 11 11 0 0 0 0 0 11 0 0 0 11 11 0 0 0 0 0 11 
11 0 0 0 0 11 0 0 0 0 0 11 0 11 0 0 0 0 0 0 0 0 0 0 0 0 0 0 0 0 0 11 0 0 0 0 0 0 11 
11 11 0 0 0 0 0 0 11 0 0 11 0 11 0 0 0 0 0 0 0 0 0 0 0 0 0 0 11 11 11 0 0 0 0 0 0 0 11 
11 0 0 0 0 0 0 0 0 11 0 0 0 11 0 0 0 11 0 11 0 0 11 0 0 0 0 0 0 0 0 0 11 0 0 0 0 0 11 
11 0 11 0 11 0 0 0 0 0 11 0 0 0 0 0 0 0 0 0 11 0 11 0 0 0 0 0 11 0 0 0 0 0 0 0 0 0 11 
11 0 0 0 0 0 0 0 0 0 11 11 0 0 0 0 11 0 0 0 0 11 0 0 0 0 0 0 0 0 11 0 0 11 11 0 0 0 11 
11 0 0 11 0 0 0 0 0 0 0 0 11 11 0 0 0 0 0 0 0 11 0 0 0 0 0 11 0 0 0 0 0 0 0 0 0 11 11 
11 0 0 0 0 0 0 0 0 0 0 11 0 0 0 0 0 0 0 11 0 0 11 0 11 0 0 0 0 11 0 0 0 0 0 0 11 0 11 
11 0 0 11 0 11 0 0 0 0 0 11 0 11 0 0 0 0 0 0 0 11 0 0 0 15 0 0 0 0 0 0 0 0 0 0 0 0 11 
11 0 0 0 0 0 0 0 0 0 0 0 0 11 0 0 11 11 11 0 11 11 0 0 0 11 0 11 13 0 0 0 11 0 0 11 0 0 11 
11 11 0 11 11 0 11 0 0 0 0 11 0 0 0 0 11 0 0 11 0 0 0 0 0 0 0 11 0 11 0 0 0 11 0 11 11 0 11 
11 0 0 0 0 0 0 0 11 11 0 0 0 0 0 0 0 0 0 0 0 0 0 0 0 0 0 0 0 0 11 0 0 0 0 0 0 0 11 
11 11 0 0 0 11 0 0 11 0 11 11 0 0 0 0 0 0 0 11 0 0 0 0 0 0 0 0 0 0 0 0 11 0 0 0 0 0 11 
11 0 0 11 0 0 11 0 0 0 0 0 0 0 0 0 0 0 0 0 0 0 0 11 11 0 11 0 15 0 0 0 0 11 0 11 0 0 11 
11 0 0 0 0 0 0 0 0 11 0 11 0 0 11 0 0 0 0 0 0 0 11 0 0 0 0 0 0 0 0 0 0 0 0 0 0 0 11 
11 0 0 0 0 0 0 0 0 11 0 11 0 0 11 0 11 0 0 0 0 0 0 0 11 0 11 11 0 0 0 11 0 0 0 11 0 0 11 
11 0 0 0 0 0 0 0 0 0 0 0 0 11 0 0 0 0 0 0 11 0 0 0 11 0 11 0 0 0 11 0 0 0 0 0 0 0 11 
11 0 0 0 0 0 0 0 0 0 0 11 0 0 11 0 11 0 0 0 0 0 11 0 0 0 0 0 11 0 11 0 0 0 11 0 11 0 11 
11 0 0 0 11 0 0 0 0 0 0 0 0 0 0 0 0 0 11 0 0 0 0 11 0 0 0 0 0 0 11 0 0 0 0 0 0 0 11 
11 0 0 0 11 0 0 0 0 0 0 0 0 0 15 0 0 0 0 0 0 0 0 11 0 0 0 0 0 0 0 0 0 0 0 0 0 0 11 
11 0 11 0 11 0 0 0 11 11 0 0 0 11 0 0 0 0 0 11 0 11 0 0 0 0 0 0 0 11 0 0 11 0 0 11 0 0 11 
11 11 11 11 11 11 11 11 11 11 11 11 11 11 11 11 11 11 11 11 11 11 11 11 11 11 11 11 11 11 11 11 11 11 11 11 11 11 11 

16248
11 11 11 11 11 11 11 11 11 11 11 11 11 11 11 11 11 11 11 11 11 11 11 11 11 11 11 11 11 11 11 11 11 11 11 11 11 11 11 
11 0 0 11 0 0 11 0 0 0 0 0 0 0 0 0 0 0 11 11 11 0 0 11 0 0 0 0 0 0 11 11 0 0 11 0 0 11 11 
11 0 0 0 0 0 0 0 0 0 11 0 0 0 0 0 0 0 0 11 0 0 0 0 0 0 0 0 0 11 0 0 0 0 0 0 0 11 11 
11 0 0 0 0 0 11 0 0 0 11 0 11 11 11 0 0 0 0 0 0 11 0 0 0 0 0 11 0 0 11 0 0 0 0 0 0 11 11 
11 0 0 0 0 0 0 0 0 0 0 0 0 0 0 11 0 0 0 0 0 0 0 0 11 11 0 11 11 0 0 0 0 11 0 0 0 0 11 
11 0 0 11 0 0 0 0 0 11 0 11 0 15 11 0 0 11 0 0 0 0 0 0 11 0 0 0 11 0 0 11 0 0 11 0 11 0 11 
11 11 0 0 0 0 0 0 0 11 0 0 0 15 0 0 0 11 0 0 0 0 0 0 0 0 0 11 0 0 0 0 11 0 0 0 0 0 11 
11 0 0 0 0 11 0 11 0 11 11 11 0 11 11 11 0 11 0 11 0 0 11 0 0 0 0 11 0 0 15 0 0 0 0 0 0 0 11 
11 0 0 0 0 0 11 11 0 11 0 0 0 11 0 0 0 11 0 0 0 0 0 0 0 0 0 0 0 0 0 0 11 11 0 0 0 0 11 
11 0 0 0 0 0 0 11 0 15 11 0 11 0 0 0 0 11 0 11 0 0 0 0 0 11 0 0 0 0 0 0 0 0 0 0 0 0 11 
11 0 11 0 0 0 0 0 15 0 0 0 0 0 0 0 0 11 0 0 0 11 11 0 0 0 0 0 0 0 0 0 0 0 0 0 0 0 11 
11 0 0 11 0 11 11 11 0 0 0 0 11 0 0 0 0 0 11 0 0 0 11 11 0 0 0 0 11 0 0 11 0 0 0 0 0 0 11 
11 0 0 0 0 0 11 0 11 11 11 11 0 11 0 0 11 11 0 0 0 0 0 0 0 0 11 11 0 0 0 0 0 0 11 0 0 0 11 
11 0 0 0 0 0 0 0 0 0 0 11 0 0 0 0 0 11 0 0 11 11 0 0 0 0 0 11 0 0 0 11 11 0 0 0 0 0 11 
11 0 0 0 0 11 0 0 0 0 0 11 0 11 0 0 0 0 0 0 0 0 0 0 0 0 0 0 0 0 0 11 0 0 0 0 0 0 11 
11 11 0 0 0 0 0 0 11 0 0 11 0 11 0 0 0 0 0 0 0 0 0 0 0 0 0 0 11 11 11 0 0 0 0 0 0 0 11 
11 0 0 0 0 0 0 0 0 11 0 0 0 11 0 0 0 11 0 11 0 0 11 0 0 0 0 0 0 0 0 0 11 0 0 0 0 0 11 
11 0 11 0 11 0 0 0 0 0 11 0 0 0 0 0 0 0 0 0 11 0 11 0 0 0 0 0 11 0 0 0 0 0 0 0 0 0 11 
11 0 0 0 0 0 0 0 0 0 11 11 0 0 0 0 11 0 0 0 0 11 0 0 0 0 0 0 0 0 11 0 0 11 11 0 0 0 11 
11 0 0 11 0 0 0 0 0 0 0 0 11 11 0 0 0 0 0 0 0 11 0 0 0 0 0 11 0 0 0 0 0 0 0 0 0 11 11 
11 0 0 0 0 0 0 0 0 0 0 11 0 0 0 0 0 0 0 11 0 0 11 0 11 0 0 0 0 11 0 0 0 0 0 0 11 0 11 
11 0 0 11 0 11 0 0 0 0 0 11 0 11 0 0 0 0 0 0 0 11 0 0 0 15 0 0 0 0 0 0 0 0 0 0 0 0 11 
11 0 0 0 0 0 0 0 0 0 0 0 0 11 0 0 11 11 11 0 11 11 0 0 0 11 0 11 13 0 0 0 11 0 0 11 0 0 11 
11 11 0 11 11 0 11 0 0 0 0 11 0 0 0 0 11 0 0 11 0 0 0 0 0 0 0 11 0 11 0 0 0 11 0 11 11 0 11 
11 0 0 0 0 0 0 0 11 11 0 0 0 0 0 0 0 0 0 0 0 0 0 0 0 0 0 0 0 0 11 0 0 0 0 0 0 0 11 
11 11 0 0 0 11 0 0 11 0 11 11 0 0 0 0 0 0 0 11 0 0 0 0 0 0 0 0 0 0 0 0 11 0 0 0 0 0 11 
11 0 0 11 0 0 11 0 0 0 0 0 0 0 0 0 0 0 0 0 0 0 0 11 11 0 11 0 15 0 0 0 0 11 0 11 0 0 11 
11 0 0 0 0 0 0 0 0 11 0 11 0 0 11 0 0 0 0 0 0 0 11 0 0 0 0 0 0 0 0 0 0 0 0 0 0 0 11 
11 0 0 0 0 0 0 0 0 11 0 11 0 0 11 0 11 0 0 0 0 0 0 0 11 0 11 11 0 0 0 11 0 0 0 11 0 0 11 
11 0 0 0 0 0 0 0 0 0 0 0 0 11 0 0 0 0 0 0 11 0 0 0 11 0 11 0 0 0 11 0 0 0 0 0 0 0 11 
11 0 0 0 0 0 0 0 0 0 0 11 0 0 11 0 11 0 0 0 0 0 11 0 0 0 0 0 11 0 11 0 0 0 11 0 11 0 11 
11 0 0 0 11 0 0 0 0 0 0 0 0 0 0 0 0 0 11 0 0 0 0 11 0 0 0 0 0 0 11 0 0 0 0 0 0 0 11 
11 0 0 0 11 0 0 0 0 0 0 0 0 0 15 0 0 0 0 0 0 0 0 11 0 0 0 0 0 0 0 0 0 0 0 0 0 0 11 
11 0 11 0 11 0 0 0 11 11 0 0 0 11 0 0 0 0 0 11 0 11 0 0 0 0 0 0 0 11 0 0 11 0 0 11 0 0 11 
11 11 11 11 11 11 11 11 11 11 11 11 11 11 11 11 11 11 11 11 11 11 11 11 11 11 11 11 11 11 11 11 11 11 11 11 11 11 11 

16208
11 11 11 11 11 11 11 11 11 11 11 11 11 11 11 11 11 11 11 11 11 11 11 11 11 11 11 11 11 11 11 11 11 11 11 11 11 11 11 
11 0 0 11 0 0 11 0 0 0 0 0 0 0 0 0 0 0 11 11 11 0 0 11 0 0 0 0 0 0 11 11 0 0 11 0 0 11 11 
11 0 0 0 0 0 0 0 0 0 11 0 0 0 0 0 0 0 0 11 0 0 0 0 0 0 0 0 0 11 0 0 0 0 0 0 0 11 11 
11 0 0 0 0 0 11 0 0 0 11 0 11 11 11 0 0 0 0 0 0 11 0 0 0 0 0 11 0 0 11 0 0 0 0 0 0 11 11 
11 0 0 0 0 0 0 0 0 15 0 0 0 0 0 11 0 0 0 0 0 0 0 0 11 11 0 11 11 0 0 0 0 11 0 0 0 0 11 
11 0 0 11 0 0 0 0 0 11 0 11 0 0 11 0 0 11 0 0 0 0 0 0 11 0 0 0 11 0 0 11 0 0 11 0 11 0 11 
11 11 0 0 0 0 0 0 0 11 0 15 0 0 0 0 0 11 0 0 0 0 0 0 0 0 0 11 0 0 0 0 11 0 0 0 0 0 11 
11 0 0 0 0 11 0 11 0 11 11 11 0 11 11 11 0 11 0 11 0 0 11 0 0 0 0 11 0 0 0 0 0 15 0 0 0 0 11 
11 0 0 0 0 0 11 11 0 11 0 0 0 11 0 0 0 11 0 0 0 0 0 0 0 0 0 0 0 0 0 0 11 11 0 0 0 0 11 
11 0 0 0 0 0 0 11 0 0 11 0 11 0 0 0 0 11 0 11 0 0 0 0 0 11 0 0 0 0 0 0 0 0 0 0 0 0 11 
11 0 11 0 0 0 0 0 0 15 0 0 0 0 0 0 0 11 0 0 0 11 11 0 0 0 0 0 0 0 0 0 0 0 0 0 0 0 11 
11 0 0 11 0 11 11 11 0 15 0 0 11 0 0 0 0 0 11 0 0 0 11 11 0 0 0 0 11 0 0 11 0 0 0 0 0 0 11 
11 0 0 0 0 0 11 0 11 11 11 11 0 11 0 0 11 11 0 0 0 0 0 0 0 0 11 11 0 0 0 0 0 0 11 0 0 0 11 
11 0 0 0 0 0 0 0 0 0 0 11 0 0 0 0 0 11 0 0 11 11 0 0 0 0 0 11 0 0 0 11 11 0 0 0 0 0 11 
11 0 0 0 0 11 0 0 0 0 0 11 0 11 0 0 0 0 0 0 0 0 0 0 0 0 0 0 0 0 0 11 0 0 0 0 0 0 11 
11 11 0 0 0 0 0 0 11 0 0 11 0 11 0 0 0 0 0 0 0 0 0 0 0 0 0 0 11 11 11 0 0 0 0 0 0 0 11 
11 0 0 0 0 0 0 0 0 11 0 0 0 11 0 0 0 11 0 11 0 0 11 0 0 0 0 0 0 0 0 0 11 0 0 0 0 0 11 
11 0 11 0 11 0 0 0 0 0 11 0 0 0 0 0 0 0 0 0 11 0 11 0 0 0 0 0 11 0 0 0 0 0 0 0 0 0 11 
11 0 0 0 0 0 0 0 0 0 11 11 0 0 0 0 11 0 0 0 0 11 0 0 0 0 0 0 0 0 11 0 0 11 11 0 0 0 11 
11 0 0 11 0 0 0 0 0 0 0 0 11 11 0 0 0 0 0 0 0 11 0 0 0 0 0 11 0 0 0 0 0 0 0 0 0 11 11 
11 0 0 0 0 0 0 0 0 0 0 11 0 0 0 0 0 0 0 11 0 0 11 0 11 0 0 0 0 11 0 0 0 0 0 0 11 0 11 
11 0 0 11 0 11 0 0 0 0 0 11 0 11 0 0 0 0 0 0 0 11 0 0 0 0 0 0 0 0 0 15 0 0 0 0 0 0 11 
11 0 0 0 0 0 0 0 0 0 0 0 0 11 0 0 11 11 11 0 11 11 0 0 0 11 0 11 0 0 0 0 11 0 0 11 0 0 11 
11 11 0 11 11 0 11 0 0 0 0 11 0 0 0 0 11 0 0 11 0 0 0 0 0 0 0 11 0 11 0 0 0 11 0 11 11 0 11 
11 0 0 0 0 0 0 0 11 11 0 0 0 0 0 0 0 0 0 0 0 0 0 0 0 0 0 13 15 0 11 0 0 0 0 0 0 0 11 
11 11 0 0 0 11 0 0 11 0 11 11 0 0 0 0 0 0 0 11 0 0 0 0 0 0 0 0 0 0 0 0 11 0 0 0 0 0 11 
11 0 0 11 0 0 11 0 0 0 0 0 0 0 0 0 0 0 0 0 0 0 0 11 11 0 11 0 0 0 0 0 0 11 0 11 0 0 11 
11 0 0 0 0 0 0 0 0 11 0 11 0 0 11 0 0 0 0 0 0 0 11 0 0 0 0 0 0 15 0 0 0 0 0 0 0 0 11 
11 0 0 0 0 0 0 0 0 11 0 11 0 0 11 0 11 0 0 0 0 0 0 0 11 0 11 11 0 0 0 11 0 0 0 11 0 0 11 
11 0 0 0 0 0 0 0 0 0 0 0 0 11 0 0 0 0 0 0 11 0 0 0 11 0 11 0 0 0 11 0 0 0 0 0 0 0 11 
11 0 0 0 0 0 0 0 0 0 0 0 0 0 11 0 11 0 0 0 0 0 11 0 0 0 0 0 11 0 11 0 0 0 11 0 11 0 11 
11 0 0 0 11 0 0 0 0 0 0 0 0 0 0 0 0 0 11 0 0 0 0 11 0 0 0 0 0 0 11 0 0 0 0 0 0 0 11 
11 0 0 0 11 0 0 0 0 0 0 0 0 15 0 0 0 0 0 0 0 0 0 11 0 0 0 0 0 0 0 0 0 0 0 0 0 0 11 
11 0 11 0 11 0 0 0 11 11 0 0 0 11 0 0 0 0 0 11 0 11 0 0 0 0 0 0 0 11 0 0 11 0 0 11 0 0 11 
11 11 11 11 11 11 11 11 11 11 11 11 11 11 11 11 11 11 11 11 11 11 11 11 11 11 11 11 11 11 11 11 11 11 11 11 11 11 11 

16202
11 11 11 11 11 11 11 11 11 11 11 11 11 11 11 11 11 11 11 11 11 11 11 11 11 11 11 11 11 11 11 11 11 11 11 11 11 11 11 
11 0 0 11 0 0 11 0 0 0 0 0 0 0 0 0 0 0 11 11 11 0 0 11 0 0 0 0 0 0 11 11 0 0 11 0 0 11 11 
11 0 0 0 0 0 0 0 0 0 11 0 0 0 0 0 0 0 0 11 0 0 0 0 0 0 0 0 0 11 0 0 0 0 0 0 0 11 11 
11 0 0 0 0 0 11 0 0 0 11 0 11 11 11 0 0 0 0 0 0 11 0 0 0 0 0 11 0 0 11 0 0 0 0 0 0 11 11 
11 0 0 0 0 0 0 0 0 0 0 0 0 0 0 11 0 0 0 0 0 0 0 0 11 11 0 11 11 0 0 0 0 11 0 0 0 0 11 
11 0 0 11 0 0 0 0 0 11 15 11 0 0 11 0 0 11 0 0 0 0 0 0 11 0 0 0 11 0 0 11 0 0 11 0 11 0 11 
11 11 0 0 0 0 0 0 0 11 0 0 15 0 0 0 0 11 0 0 0 0 0 0 0 0 0 11 0 0 0 0 11 0 0 0 0 0 11 
11 0 0 0 0 11 0 11 0 11 11 11 0 11 11 11 0 11 0 11 0 0 11 0 0 0 0 11 0 0 0 0 0 0 0 0 0 0 11 
11 0 0 0 0 0 11 11 0 11 0 0 0 11 0 0 0 11 0 0 0 0 0 0 0 0 0 0 0 0 15 0 11 11 0 0 0 0 11 
11 0 0 0 0 0 0 11 0 0 11 15 11 0 0 0 0 11 0 11 0 0 0 0 0 11 0 0 0 0 0 0 0 0 0 0 0 0 11 
11 0 11 0 0 0 0 0 0 0 0 0 0 0 0 0 0 11 0 0 0 11 11 0 0 0 0 0 0 0 0 0 0 0 0 0 0 0 11 
11 0 0 11 0 11 11 11 15 0 0 0 11 0 0 0 0 0 11 0 0 0 11 11 0 0 0 0 11 0 0 11 0 0 0 0 0 0 11 
11 0 0 0 0 0 11 0 11 11 11 11 0 11 0 0 11 11 0 0 0 0 0 0 0 0 11 11 0 0 0 0 0 0 11 0 0 0 11 
11 0 0 0 0 0 0 0 0 0 0 11 0 0 0 0 0 11 0 0 11 11 0 0 0 0 0 11 0 0 0 11 11 0 0 0 0 0 11 
11 0 0 0 0 11 0 0 0 0 0 11 0 11 0 0 0 0 0 0 0 0 0 0 0 0 0 0 0 0 0 11 0 0 0 0 0 0 11 
11 11 0 0 0 0 0 0 11 0 0 11 0 11 0 0 0 0 0 0 0 0 0 0 0 0 0 0 11 11 11 0 0 0 0 0 0 0 11 
11 0 0 0 0 0 0 0 0 11 0 0 0 11 0 0 0 11 0 11 0 0 11 0 0 0 0 0 0 0 0 0 11 0 0 0 0 0 11 
11 0 11 0 11 0 0 0 0 0 11 0 0 0 0 0 0 0 0 0 11 0 11 0 0 0 0 0 11 0 0 0 0 0 0 0 0 0 11 
11 0 0 0 0 0 0 0 0 0 11 11 0 0 0 0 11 0 0 0 0 11 0 0 0 0 0 0 0 0 11 0 0 11 11 0 0 0 11 
11 0 0 11 0 0 0 0 0 0 0 0 11 11 0 0 0 0 0 0 0 11 0 0 0 13 0 11 0 0 0 0 0 0 0 0 0 11 11 
11 0 0 0 0 0 0 0 0 0 0 11 0 0 0 0 0 0 0 11 0 0 11 0 11 0 0 0 0 11 0 0 0 0 0 0 11 0 11 
11 0 0 11 0 11 0 0 0 0 0 11 0 11 0 0 0 0 0 0 0 11 0 0 0 0 0 0 0 0 15 0 0 0 0 0 0 0 11 
11 0 0 0 0 0 0 0 0 0 0 0 0 11 0 0 11 11 11 0 11 11 0 0 0 11 0 11 0 0 0 0 11 0 0 11 0 0 11 
11 11 0 11 11 0 11 0 0 0 0 11 0 0 0 0 11 0 0 11 0 0 0 0 0 0 0 11 0 11 15 0 0 11 0 11 11 0 11 
11 0 0 0 0 0 0 0 11 11 0 0 0 0 0 0 0 0 0 0 0 0 0 0 0 0 0 0 0 0 11 0 0 0 0 0 0 0 11 
11 11 0 0 0 11 0 0 11 0 11 11 0 0 0 0 0 0 0 11 0 0 0 0 0 0 0 0 15 0 0 0 11 0 0 0 0 0 11 
11 0 0 11 0 0 11 0 0 0 0 0 0 0 0 0 0 0 0 0 0 0 0 11 11 0 11 0 0 0 0 0 0 11 0 11 0 0 11 
11 0 0 0 0 0 0 0 0 11 0 11 0 0 11 0 0 0 0 0 0 0 11 0 0 0 0 0 0 0 0 0 0 0 0 0 0 0 11 
11 0 0 0 0 0 0 0 0 11 0 11 0 0 11 0 11 0 0 0 0 0 0 0 11 0 11 11 0 0 0 11 0 0 0 11 0 0 11 
11 0 0 0 0 0 0 0 0 0 0 0 0 11 0 0 0 0 0 0 11 0 0 0 11 0 11 0 0 0 11 0 0 0 0 0 0 0 11 
11 0 0 0 0 0 0 0 0 0 0 0 0 0 11 0 11 0 0 0 0 0 11 0 0 0 0 0 11 0 11 0 0 0 11 0 11 0 11 
11 0 0 0 11 0 0 0 0 0 0 0 0 15 0 0 0 0 11 0 0 0 0 11 0 0 0 0 0 0 11 0 0 0 0 0 0 0 11 
11 0 0 0 11 0 0 0 0 0 0 0 0 0 0 0 0 0 0 0 0 0 0 11 0 0 0 0 0 0 0 0 0 0 0 0 0 0 11 
11 0 11 0 11 0 0 0 11 11 0 0 0 11 0 0 0 0 0 11 0 11 0 0 0 0 0 0 0 11 0 0 11 0 0 11 0 0 11 
11 11 11 11 11 11 11 11 11 11 11 11 11 11 11 11 11 11 11 11 11 11 11 11 11 11 11 11 11 11 11 11 11 11 11 11 11 11 11 

16270
11 11 11 11 11 11 11 11 11 11 11 11 11 11 11 11 11 11 11 11 11 11 11 11 11 11 11 11 11 11 11 11 11 11 11 11 11 11 11 
11 0 0 11 0 0 11 0 0 0 0 0 0 0 0 0 0 0 0 11 11 0 0 11 0 0 0 0 0 0 11 11 0 0 11 0 0 11 11 
11 0 0 0 0 0 0 0 0 0 11 0 0 0 0 0 0 0 0 11 0 0 0 0 0 0 0 0 0 11 0 0 0 0 0 0 0 11 11 
11 0 0 0 0 0 11 0 0 0 11 0 11 11 0 0 0 0 0 0 0 11 0 0 0 0 0 11 0 0 11 0 0 0 0 0 0 11 11 
11 0 0 0 0 0 0 0 0 0 0 0 0 0 0 11 0 0 0 0 0 0 0 0 11 11 0 11 11 0 0 0 0 11 0 0 0 0 11 
11 0 0 11 0 0 0 0 0 11 0 11 0 0 11 0 0 11 0 0 0 0 0 0 11 0 0 0 11 0 0 0 0 0 11 0 11 0 11 
11 11 0 0 0 0 0 0 0 11 15 0 15 0 0 0 0 11 0 0 0 0 0 0 0 0 0 11 0 0 0 0 11 0 0 0 0 0 11 
11 0 0 0 0 11 0 11 0 11 11 11 0 11 11 11 0 11 0 11 0 0 11 0 0 0 0 11 0 0 0 0 0 15 0 0 0 0 11 
11 0 0 0 0 0 11 11 0 11 0 0 0 11 0 0 0 11 0 0 0 0 0 0 0 0 0 0 0 0 0 0 11 11 0 0 0 0 11 
11 0 0 0 0 0 0 11 0 0 11 0 11 0 0 0 0 11 0 11 0 0 0 0 0 11 0 0 0 0 0 0 0 0 0 0 0 0 11 
11 0 11 0 0 0 0 0 15 15 0 0 11 0 0 0 0 11 0 0 0 11 11 0 0 0 0 0 0 0 0 0 0 0 0 0 0 0 11 
11 0 0 11 0 11 11 11 0 0 0 0 11 0 0 0 0 0 11 0 0 0 11 11 0 0 0 0 11 0 0 11 0 0 0 0 0 0 11 
11 0 0 0 0 0 11 0 11 11 11 11 0 11 0 0 11 0 0 0 0 0 0 0 0 0 11 11 0 0 0 0 0 0 0 0 0 0 11 
11 0 0 0 0 0 11 0 0 0 0 11 0 0 0 0 0 11 0 0 11 11 0 0 0 0 0 11 0 0 0 11 11 0 0 0 0 0 11 
11 0 0 0 0 11 0 0 0 0 0 11 0 11 0 0 0 0 0 0 0 0 0 0 0 0 0 0 0 0 0 11 0 11 0 0 0 0 11 
11 11 0 0 0 0 0 0 11 0 0 11 0 11 0 0 0 0 0 0 0 0 0 0 0 0 0 0 11 11 11 0 11 0 0 0 0 11 11 
11 0 0 0 0 0 0 0 0 11 0 0 0 11 0 0 0 11 0 11 0 0 11 0 0 0 0 0 0 0 0 0 11 0 0 0 0 0 11 
11 0 11 0 0 0 0 0 0 0 0 0 0 0 0 0 0 0 0 0 11 0 11 0 0 0 0 0 11 0 0 0 0 0 0 0 0 0 11 
11 0 0 0 0 0 0 0 0 0 11 11 0 0 0 0 11 0 0 0 0 11 0 0 0 0 0 0 0 0 11 0 0 11 11 0 0 0 11 
11 0 0 11 0 0 0 0 0 0 0 0 11 11 0 0 0 0 0 0 0 11 0 0 0 0 0 11 0 11 0 0 0 0 0 0 0 11 11 
11 0 0 0 0 0 0 0 0 0 0 11 0 0 0 0 0 0 0 11 0 0 11 0 11 0 0 0 0 11 0 15 0 0 0 0 11 0 11 
11 0 0 11 0 11 0 0 0 0 0 11 0 11 0 0 0 0 0 0 0 11 0 0 0 11 0 0 0 15 0 0 0 0 0 0 0 0 11 
11 0 0 0 0 0 0 0 0 0 0 0 0 11 0 0 11 11 11 0 11 11 0 0 11 11 0 11 0 0 0 0 11 0 0 11 0 0 11 
11 11 11 11 11 0 11 0 0 0 0 0 0 0 0 0 11 0 0 11 0 0 0 0 0 0 0 11 0 11 0 0 0 11 0 11 11 0 11 
11 0 0 0 0 0 0 0 11 11 0 0 0 0 0 0 0 0 0 0 0 0 0 0 0 0 0 0 0 0 11 0 0 0 0 0 0 11 11 
11 11 0 0 0 11 0 0 11 0 11 0 0 0 0 0 0 0 0 11 0 0 0 0 0 0 0 0 0 0 0 0 11 0 0 0 0 0 11 
11 0 0 0 0 0 11 0 0 0 0 0 0 0 0 0 0 0 0 0 0 0 0 11 11 0 11 0 0 0 0 0 0 11 0 11 0 0 11 
11 0 0 0 0 0 0 0 0 11 0 11 0 15 11 0 11 0 0 0 0 0 0 0 0 0 0 0 0 0 0 0 0 0 0 0 0 11 11 
11 0 0 0 0 0 0 0 0 11 0 11 0 0 11 0 0 0 0 0 0 0 0 0 11 0 11 11 0 0 0 11 0 0 0 11 0 0 11 
11 0 0 0 0 0 0 0 0 0 0 0 0 11 0 0 0 0 0 0 11 0 0 0 11 11 11 0 0 0 11 0 0 0 0 0 0 0 11 
11 0 0 0 0 0 0 0 0 0 0 0 0 0 11 0 11 0 0 0 0 0 11 0 0 0 0 0 11 0 11 0 0 0 11 0 11 0 11 
11 0 0 0 11 0 0 0 0 0 0 0 0 0 0 0 0 0 11 0 0 0 0 11 0 0 0 0 0 0 11 0 0 0 0 0 0 0 11 
11 0 0 0 11 0 0 0 0 11 0 0 0 0 0 0 0 0 0 0 0 0 0 11 0 0 0 0 0 0 0 0 0 0 0 0 0 0 11 
11 0 11 0 11 0 0 0 11 11 0 0 0 11 0 0 0 0 0 11 0 11 0 0 0 0 0 0 0 11 0 0 11 0 0 11 0 0 11 
11 11 11 11 11 11 11 11 11 11 11 11 11 11 11 11 11 11 11 11 11 11 11 11 11 11 11 11 11 11 11 11 11 11 11 11 11 11 11 

16223
11 11 11 11 11 11 11 11 11 11 11 11 11 11 11 11 11 11 11 11 11 11 11 11 11 11 11 11 11 11 11 11 11 11 11 11 11 11 11 
11 0 0 11 0 0 11 0 0 0 0 11 0 0 0 0 0 0 0 11 11 0 0 11 0 0 0 0 0 0 11 11 0 0 11 0 0 11 11 
11 0 0 0 0 0 0 0 0 0 11 0 0 0 0 0 0 0 0 11 0 0 0 0 0 0 0 0 0 11 0 0 0 0 0 0 0 11 11 
11 0 0 0 0 0 11 0 0 0 11 0 11 11 0 0 0 0 0 0 0 11 0 0 0 0 0 11 0 0 11 0 0 0 0 0 0 11 11 
11 0 0 0 0 0 0 0 0 0 0 0 0 0 0 11 0 0 0 0 0 0 0 0 11 11 0 11 11 0 0 0 0 11 0 0 0 0 11 
11 0 0 11 0 0 0 0 0 11 0 11 0 0 11 0 0 11 0 0 0 0 0 0 11 0 0 0 11 0 0 0 0 0 11 0 11 0 11 
11 11 0 0 0 0 0 0 12 11 15 0 15 0 0 0 0 11 0 0 0 0 0 0 0 0 0 11 0 0 0 0 11 0 0 0 0 0 11 
11 0 0 0 0 11 0 11 0 11 11 11 0 11 11 11 0 11 0 11 0 0 11 0 0 0 0 11 0 0 0 0 0 0 0 0 0 0 11 
11 0 0 0 0 0 11 11 14 11 0 0 0 11 0 0 0 11 0 0 0 0 0 0 0 0 0 0 0 0 0 0 11 11 0 15 0 0 11 
11 0 0 0 0 0 0 11 0 0 11 0 11 0 0 0 0 11 0 11 0 0 0 0 0 11 0 0 0 0 0 0 0 0 0 0 0 0 11 
11 0 11 0 0 0 0 0 0 0 0 0 11 0 0 0 0 11 0 0 0 11 11 0 0 0 0 0 0 0 0 0 0 0 0 0 0 0 11 
11 0 0 11 0 11 11 11 0 0 0 0 11 0 0 0 0 0 11 0 0 0 11 11 0 0 0 0 11 0 0 11 0 0 0 0 0 0 11 
11 0 0 0 0 0 11 0 11 11 11 11 0 11 0 0 11 0 0 0 0 0 0 0 0 0 11 11 0 0 0 0 0 0 0 0 0 0 11 
11 0 0 0 0 0 11 0 15 0 0 11 0 0 0 0 0 11 0 0 11 11 0 0 0 0 0 11 0 0 0 11 11 0 0 0 0 0 11 
11 0 0 0 0 11 0 0 0 0 0 11 0 11 0 0 0 0 0 0 0 0 0 0 0 0 0 0 0 0 0 11 0 11 0 0 0 0 11 
11 11 0 0 0 0 0 0 11 0 0 11 0 11 0 0 0 0 0 0 0 0 0 0 0 0 0 0 11 11 11 0 11 0 0 0 0 11 11 
11 0 0 0 0 0 0 0 0 11 0 0 0 11 0 0 0 11 0 11 0 0 11 0 0 0 0 0 0 0 0 0 11 0 0 0 0 0 11 
11 0 11 0 0 0 0 0 0 0 0 0 0 0 0 0 0 0 0 0 11 0 11 0 0 0 0 0 11 0 0 0 0 0 0 0 0 0 11 
11 0 0 0 0 0 0 0 0 0 11 11 0 0 0 0 11 0 0 0 0 11 0 0 0 0 0 0 0 0 11 0 0 11 11 0 0 0 11 
11 0 0 11 0 0 0 0 0 0 0 0 11 11 0 0 0 0 0 0 0 11 0 0 0 0 0 11 0 11 0 0 0 0 0 0 0 11 11 
11 0 0 0 0 0 0 0 0 0 0 11 0 0 0 0 0 0 0 11 0 0 11 0 11 0 0 0 0 11 0 0 0 0 0 0 11 0 11 
11 0 0 11 0 11 0 0 0 0 0 11 0 11 0 0 0 0 0 0 0 11 0 0 0 15 0 0 0 0 0 0 0 0 0 0 0 0 11 
11 0 0 0 0 0 0 0 0 0 0 0 0 11 0 0 11 11 11 0 11 11 0 0 11 11 0 11 0 0 0 0 11 0 0 11 0 0 11 
11 11 11 11 11 0 11 0 0 0 0 0 0 0 0 0 11 0 0 11 0 0 0 0 0 0 0 11 0 11 0 0 0 11 0 11 11 0 11 
11 0 0 0 0 0 0 0 11 11 0 0 0 0 0 0 0 0 0 0 0 0 0 0 0 0 0 0 0 0 11 0 0 0 0 0 0 11 11 
11 11 0 0 0 11 0 0 11 0 11 0 0 0 0 0 0 0 0 11 0 0 0 0 0 0 0 0 0 15 0 0 11 0 0 0 0 0 11 
11 0 0 0 0 0 11 0 0 0 0 0 0 0 0 0 0 0 0 0 0 0 0 11 11 0 11 0 0 0 0 0 0 11 0 11 0 0 11 
11 0 0 0 0 0 0 0 0 11 0 11 0 0 11 0 11 0 0 0 0 0 0 0 0 0 0 0 0 0 0 0 0 0 0 0 0 11 11 
11 0 0 0 0 0 0 0 0 11 0 11 0 0 11 0 0 0 0 0 0 0 0 0 11 0 11 11 0 0 0 11 0 0 0 11 0 0 11 
11 0 0 0 0 0 0 0 0 0 0 0 0 11 0 0 0 0 0 0 11 0 0 0 11 11 11 0 0 0 11 0 0 0 0 0 0 0 11 
11 0 0 0 0 0 0 0 0 0 0 0 0 0 11 0 11 0 0 0 0 0 11 0 0 0 0 0 11 0 11 0 0 0 11 0 11 0 11 
11 0 0 0 11 0 0 0 0 0 0 0 0 0 0 0 0 0 11 0 0 0 0 11 0 0 0 0 0 0 11 0 0 0 0 0 0 0 11 
11 0 0 0 11 0 0 0 0 0 0 0 0 15 0 0 0 0 0 0 0 0 0 11 0 0 0 0 0 0 0 0 0 0 0 0 0 0 11 
11 0 11 0 11 0 0 0 11 11 0 0 0 11 0 0 0 0 0 11 0 11 0 0 0 0 0 0 0 11 0 0 11 0 0 11 0 0 11 
11 11 11 11 11 11 11 11 11 11 11 11 11 11 11 11 11 11 11 11 11 11 11 11 11 11 11 11 11 11 11 11 11 11 11 11 11 11 11 

16223
11 11 11 11 11 11 11 11 11 11 11 11 11 11 11 11 11 11 11 11 11 11 11 11 11 11 11 11 11 11 11 11 11 11 11 11 11 11 11 
11 0 0 11 0 0 11 0 0 0 0 11 0 0 0 0 0 0 0 11 11 0 0 11 0 0 0 0 0 0 11 11 0 0 11 0 0 11 11 
11 0 0 0 0 0 0 0 0 0 11 0 0 0 0 0 0 0 0 11 0 0 0 0 0 0 0 0 0 11 0 0 0 0 0 0 0 11 11 
11 0 0 0 0 0 11 0 0 0 11 0 11 11 0 0 0 0 0 0 0 11 0 0 0 0 0 11 0 0 11 0 0 0 0 0 0 11 11 
11 0 0 0 0 0 0 0 0 0 0 0 0 0 0 11 0 0 0 0 0 0 0 0 11 11 0 11 11 0 0 0 0 11 0 0 0 0 11 
11 0 0 11 0 0 0 0 0 11 0 11 0 0 11 0 0 11 0 0 0 0 0 0 11 0 0 0 11 0 0 0 0 0 11 0 11 0 11 
11 11 0 0 0 0 0 0 12 11 15 0 15 0 0 0 0 11 0 0 0 0 0 0 0 0 0 11 0 0 0 0 11 0 0 0 0 0 11 
11 0 0 0 0 11 0 11 0 11 11 11 0 11 11 11 0 11 0 11 0 0 11 0 0 0 0 11 0 0 0 0 0 0 0 0 0 0 11 
11 0 0 0 0 0 11 11 14 11 0 0 0 11 0 0 0 11 0 0 0 0 0 0 0 0 0 0 0 0 0 0 11 11 0 15 0 0 11 
11 0 0 0 0 0 0 11 0 0 11 0 11 0 0 0 0 11 0 11 0 0 0 0 0 11 0 0 0 0 0 0 0 0 0 0 0 0 11 
11 0 11 0 0 0 0 0 0 0 0 0 11 0 0 0 0 11 0 0 0 11 11 0 0 0 0 0 0 0 0 0 0 0 0 0 0 0 11 
11 0 0 11 0 11 11 11 0 0 0 0 11 0 0 0 0 0 11 0 0 0 11 11 0 0 0 0 11 0 0 11 0 0 0 0 0 0 11 
11 0 0 0 0 0 11 0 11 11 11 11 0 11 0 0 11 0 0 0 0 0 0 0 0 0 11 11 0 0 0 0 0 0 0 0 0 0 11 
11 0 0 0 0 0 11 0 15 0 0 11 0 0 0 0 0 11 0 0 11 11 0 0 0 0 0 11 0 0 0 11 11 0 0 0 0 0 11 
11 0 0 0 0 11 0 0 0 0 0 11 0 11 0 0 0 0 0 0 0 0 0 0 0 0 0 0 0 0 0 11 0 11 0 0 0 0 11 
11 11 0 0 0 0 0 0 11 0 0 11 0 11 0 0 0 0 0 0 0 0 0 0 0 0 0 0 11 11 11 0 11 0 0 0 0 11 11 
11 0 0 0 0 0 0 0 0 11 0 0 0 11 0 0 0 11 0 11 0 0 11 0 0 0 0 0 0 0 0 0 11 0 0 0 0 0 11 
11 0 11 0 0 0 0 0 0 0 0 0 0 0 0 0 0 0 0 0 11 0 11 0 0 0 0 0 11 0 0 0 0 0 0 0 0 0 11 
11 0 0 0 0 0 0 0 0 0 11 11 0 0 0 0 11 0 0 0 0 11 0 0 0 0 0 0 0 0 11 0 0 11 11 0 0 0 11 
11 0 0 11 0 0 0 0 0 0 0 0 11 11 0 0 0 0 0 0 0 11 0 0 0 0 0 11 0 11 0 0 0 0 0 0 0 11 11 
11 0 0 0 0 0 0 0 0 0 0 11 0 0 0 0 0 0 0 11 0 0 11 0 11 0 0 0 0 11 0 0 0 0 0 0 11 0 11 
11 0 0 11 0 11 0 0 0 0 0 11 0 11 0 0 0 0 0 0 0 11 0 0 0 15 0 0 0 0 0 0 0 0 0 0 0 0 11 
11 0 0 0 0 0 0 0 0 0 0 0 0 11 0 0 11 11 11 0 11 11 0 0 11 11 0 11 0 0 0 0 11 0 0 11 0 0 11 
11 11 11 11 11 0 11 0 0 0 0 0 0 0 0 0 11 0 0 11 0 0 0 0 0 0 0 11 0 11 0 0 0 11 0 11 11 0 11 
11 0 0 0 0 0 0 0 11 11 0 0 0 0 0 0 0 0 0 0 0 0 0 0 0 0 0 0 0 0 11 0 0 0 0 0 0 11 11 
11 11 0 0 0 11 0 0 11 0 11 0 0 0 0 0 0 0 0 11 0 0 0 0 0 0 0 0 0 15 0 0 11 0 0 0 0 0 11 
11 0 0 0 0 0 11 0 0 0 0 0 0 0 0 0 0 0 0 0 0 0 0 11 11 0 11 0 0 0 0 0 0 11 0 11 0 0 11 
11 0 0 0 0 0 0 0 0 11 0 11 0 0 11 0 11 0 0 0 0 0 0 0 0 0 0 0 0 0 0 0 0 0 0 0 0 11 11 
11 0 0 0 0 0 0 0 0 11 0 11 0 0 11 0 0 0 0 0 0 0 0 0 11 0 11 11 0 0 0 11 0 0 0 11 0 0 11 
11 0 0 0 0 0 0 0 0 0 0 0 0 11 0 0 0 0 0 0 11 0 0 0 11 11 11 0 0 0 11 0 0 0 0 0 0 0 11 
11 0 0 0 0 0 0 0 0 0 0 0 0 0 11 0 11 0 0 0 0 0 11 0 0 0 0 0 11 0 11 0 0 0 11 0 11 0 11 
11 0 0 0 11 0 0 0 0 0 0 0 0 0 0 0 0 0 11 0 0 0 0 11 0 0 0 0 0 0 11 0 0 0 0 0 0 0 11 
11 0 0 0 11 0 0 0 0 0 0 0 0 15 0 0 0 0 0 0 0 0 0 11 0 0 0 0 0 0 0 0 0 0 0 0 0 0 11 
11 0 11 0 11 0 0 0 11 11 0 0 0 11 0 0 0 0 0 11 0 11 0 0 0 0 0 0 0 11 0 0 11 0 0 11 0 0 11 
11 11 11 11 11 11 11 11 11 11 11 11 11 11 11 11 11 11 11 11 11 11 11 11 11 11 11 11 11 11 11 11 11 11 11 11 11 11 11 

16223
11 11 11 11 11 11 11 11 11 11 11 11 11 11 11 11 11 11 11 11 11 11 11 11 11 11 11 11 11 11 11 11 11 11 11 11 11 11 11 
11 0 0 11 0 0 11 0 0 0 0 11 0 0 0 0 0 0 0 11 11 0 0 11 0 0 0 0 0 0 11 11 0 0 11 0 0 11 11 
11 0 0 0 0 0 0 0 0 0 11 0 0 0 0 0 0 0 0 11 0 0 0 0 0 0 0 0 0 11 0 0 0 0 0 0 0 11 11 
11 0 0 0 0 0 11 0 0 0 11 0 11 11 0 0 0 0 0 0 0 11 0 0 0 0 0 11 0 0 11 0 0 0 0 0 0 11 11 
11 0 0 0 0 0 0 0 0 0 0 0 0 0 0 11 0 0 0 0 0 0 0 0 11 11 0 11 11 0 0 0 0 11 0 0 0 0 11 
11 0 0 11 0 0 0 0 0 11 0 11 0 0 11 0 0 11 0 0 0 0 0 0 11 0 0 0 11 0 0 0 0 0 11 0 11 0 11 
11 11 0 0 0 0 0 0 12 11 15 0 15 0 0 0 0 11 0 0 0 0 0 0 0 0 0 11 0 0 0 0 11 0 0 0 0 0 11 
11 0 0 0 0 11 0 11 0 11 11 11 0 11 11 11 0 11 0 11 0 0 11 0 0 0 0 11 0 0 0 0 0 0 0 0 0 0 11 
11 0 0 0 0 0 11 11 14 11 0 0 0 11 0 0 0 11 0 0 0 0 0 0 0 0 0 0 0 0 0 0 11 11 0 15 0 0 11 
11 0 0 0 0 0 0 11 0 0 11 0 11 0 0 0 0 11 0 11 0 0 0 0 0 11 0 0 0 0 0 0 0 0 0 0 0 0 11 
11 0 11 0 0 0 0 0 0 0 0 0 11 0 0 0 0 11 0 0 0 11 11 0 0 0 0 0 0 0 0 0 0 0 0 0 0 0 11 
11 0 0 11 0 11 11 11 0 0 0 0 11 0 0 0 0 0 11 0 0 0 11 11 0 0 0 0 11 0 0 11 0 0 0 0 0 0 11 
11 0 0 0 0 0 11 0 11 11 11 11 0 11 0 0 11 0 0 0 0 0 0 0 0 0 11 11 0 0 0 0 0 0 0 0 0 0 11 
11 0 0 0 0 0 11 0 15 0 0 11 0 0 0 0 0 11 0 0 11 11 0 0 0 0 0 11 0 0 0 11 11 0 0 0 0 0 11 
11 0 0 0 0 11 0 0 0 0 0 11 0 11 0 0 0 0 0 0 0 0 0 0 0 0 0 0 0 0 0 11 0 11 0 0 0 0 11 
11 11 0 0 0 0 0 0 11 0 0 11 0 11 0 0 0 0 0 0 0 0 0 0 0 0 0 0 11 11 11 0 11 0 0 0 0 11 11 
11 0 0 0 0 0 0 0 0 11 0 0 0 11 0 0 0 11 0 11 0 0 11 0 0 0 0 0 0 0 0 0 11 0 0 0 0 0 11 
11 0 11 0 0 0 0 0 0 0 0 0 0 0 0 0 0 0 0 0 11 0 11 0 0 0 0 0 11 0 0 0 0 0 0 0 0 0 11 
11 0 0 0 0 0 0 0 0 0 11 11 0 0 0 0 11 0 0 0 0 11 0 0 0 0 0 0 0 0 11 0 0 11 11 0 0 0 11 
11 0 0 11 0 0 0 0 0 0 0 0 11 11 0 0 0 0 0 0 0 11 0 0 0 0 0 11 0 11 0 0 0 0 0 0 0 11 11 
11 0 0 0 0 0 0 0 0 0 0 11 0 0 0 0 0 0 0 11 0 0 11 0 11 0 0 0 0 11 0 0 0 0 0 0 11 0 11 
11 0 0 11 0 11 0 0 0 0 0 11 0 11 0 0 0 0 0 0 0 11 0 0 0 15 0 0 0 0 0 0 0 0 0 0 0 0 11 
11 0 0 0 0 0 0 0 0 0 0 0 0 11 0 0 11 11 11 0 11 11 0 0 11 11 0 11 0 0 0 0 11 0 0 11 0 0 11 
11 11 11 11 11 0 11 0 0 0 0 0 0 0 0 0 11 0 0 11 0 0 0 0 0 0 0 11 0 11 0 0 0 11 0 11 11 0 11 
11 0 0 0 0 0 0 0 11 11 0 0 0 0 0 0 0 0 0 0 0 0 0 0 0 0 0 0 0 0 11 0 0 0 0 0 0 11 11 
11 11 0 0 0 11 0 0 11 0 11 0 0 0 0 0 0 0 0 11 0 0 0 0 0 0 0 0 0 15 0 0 11 0 0 0 0 0 11 
11 0 0 0 0 0 11 0 0 0 0 0 0 0 0 0 0 0 0 0 0 0 0 11 11 0 11 0 0 0 0 0 0 11 0 11 0 0 11 
11 0 0 0 0 0 0 0 0 11 0 11 0 0 11 0 11 0 0 0 0 0 0 0 0 0 0 0 0 0 0 0 0 0 0 0 0 11 11 
11 0 0 0 0 0 0 0 0 11 0 11 0 0 11 0 0 0 0 0 0 0 0 0 11 0 11 11 0 0 0 11 0 0 0 11 0 0 11 
11 0 0 0 0 0 0 0 0 0 0 0 0 11 0 0 0 0 0 0 11 0 0 0 11 11 11 0 0 0 11 0 0 0 0 0 0 0 11 
11 0 0 0 0 0 0 0 0 0 0 0 0 0 11 0 11 0 0 0 0 0 11 0 0 0 0 0 11 0 11 0 0 0 11 0 11 0 11 
11 0 0 0 11 0 0 0 0 0 0 0 0 0 0 0 0 0 11 0 0 0 0 11 0 0 0 0 0 0 11 0 0 0 0 0 0 0 11 
11 0 0 0 11 0 0 0 0 0 0 0 0 15 0 0 0 0 0 0 0 0 0 11 0 0 0 0 0 0 0 0 0 0 0 0 0 0 11 
11 0 11 0 11 0 0 0 11 11 0 0 0 11 0 0 0 0 0 11 0 11 0 0 0 0 0 0 0 11 0 0 11 0 0 11 0 0 11 
11 11 11 11 11 11 11 11 11 11 11 11 11 11 11 11 11 11 11 11 11 11 11 11 11 11 11 11 11 11 11 11 11 11 11 11 11 11 11 

16168
11 11 11 11 11 11 11 11 11 11 11 11 11 11 11 11 11 11 11 11 11 11 11 11 11 11 11 11 11 11 11 11 11 11 11 11 11 11 11 
11 0 0 11 0 0 11 0 0 0 0 0 0 0 0 0 0 0 0 11 11 0 0 11 0 0 0 0 0 0 11 11 0 0 11 0 0 11 11 
11 0 0 0 0 0 0 0 0 0 11 0 0 0 0 0 0 0 0 11 0 0 0 0 0 0 0 0 0 11 0 0 0 0 0 0 0 11 11 
11 0 0 0 0 0 11 0 0 0 11 0 11 11 0 0 0 0 0 0 0 11 0 0 0 0 0 11 0 0 11 0 0 0 0 0 0 11 11 
11 0 0 0 0 0 0 0 0 0 0 0 0 0 0 11 0 0 0 0 0 0 0 0 11 11 0 11 11 0 0 0 0 11 0 0 0 0 11 
11 0 0 11 0 0 0 0 0 11 0 11 15 0 11 0 0 11 0 0 0 0 0 0 11 0 0 0 11 0 0 0 0 0 11 0 11 0 11 
11 11 0 0 0 0 0 0 0 11 15 0 0 0 0 0 0 11 0 0 0 0 0 0 0 0 0 11 0 15 0 0 11 0 0 0 0 0 11 
11 0 0 0 0 11 0 11 0 11 11 11 0 11 11 11 0 11 0 11 0 0 11 0 0 0 0 11 0 0 0 0 0 0 0 0 0 0 11 
11 0 0 0 0 0 11 11 0 11 0 0 0 11 0 0 0 11 0 0 0 0 0 0 0 0 0 0 0 0 0 0 11 11 0 0 0 0 11 
11 0 0 0 0 0 0 11 0 0 11 0 11 0 0 0 0 11 0 11 0 0 0 0 0 11 0 0 0 0 0 0 0 0 0 0 0 0 11 
11 0 11 0 0 0 0 0 15 15 0 0 11 0 0 0 0 11 0 0 0 11 11 0 0 0 0 0 0 0 0 0 0 0 0 0 0 0 11 
11 0 0 11 0 11 11 11 0 0 0 0 11 0 0 0 0 0 11 0 0 0 11 11 0 0 0 0 11 0 0 11 0 0 0 0 0 0 11 
11 0 0 0 0 0 11 0 11 11 11 11 0 11 0 0 11 0 0 0 0 0 0 0 0 0 11 11 0 0 0 0 0 0 0 0 0 0 11 
11 0 0 0 0 0 11 0 0 0 0 11 0 0 0 0 0 11 0 0 11 11 0 0 0 0 0 11 0 0 0 11 11 0 11 0 0 0 11 
11 0 0 0 0 11 0 0 0 0 0 11 0 11 0 0 0 0 0 0 0 0 0 0 0 0 0 0 0 0 0 11 0 11 0 0 0 0 11 
11 11 0 0 0 0 0 0 11 0 0 11 0 11 0 0 0 0 0 0 0 0 0 0 0 0 0 0 11 11 11 0 11 0 0 0 0 11 11 
11 0 0 0 0 0 0 0 0 11 0 0 0 11 0 0 0 11 0 11 0 0 11 0 0 0 0 0 0 0 0 0 11 0 0 0 0 0 11 
11 0 11 0 0 0 0 0 0 0 0 0 0 0 0 0 0 0 0 0 11 0 11 0 0 0 0 0 11 0 0 0 0 0 0 0 0 0 11 
11 0 0 0 0 0 0 0 0 0 11 11 0 0 0 0 11 0 0 0 0 11 0 0 0 0 0 0 0 0 11 0 0 11 11 0 0 0 11 
11 0 0 11 0 0 0 0 0 0 0 0 11 11 0 0 0 0 0 0 0 11 0 0 0 0 0 11 0 11 0 0 0 0 0 0 0 11 11 
11 0 0 0 0 0 0 0 0 0 0 11 0 0 0 0 0 0 0 11 0 0 11 0 11 0 0 0 0 11 0 0 0 0 0 0 11 0 11 
11 0 0 11 0 11 0 0 0 0 0 11 0 11 0 0 0 0 0 0 0 11 0 0 0 0 0 0 0 0 0 0 0 0 0 0 0 0 11 
11 0 0 0 0 0 0 0 0 0 0 0 0 11 0 0 11 11 11 0 11 11 0 0 11 11 0 11 13 0 0 0 11 0 0 11 0 0 11 
11 11 11 11 11 0 11 0 0 0 0 0 0 0 0 0 11 0 0 11 0 0 0 0 0 0 0 11 0 11 0 0 0 11 0 11 11 0 11 
11 0 0 0 0 0 0 0 11 11 0 0 0 0 0 0 0 0 0 0 0 0 0 0 0 0 0 0 0 0 11 0 0 0 0 0 0 11 11 
11 11 0 0 0 11 0 0 11 0 11 0 0 0 0 0 0 0 0 11 0 0 0 0 0 0 0 15 0 0 0 0 11 0 0 0 0 0 11 
11 0 0 0 0 0 11 0 0 0 0 0 0 0 0 0 0 0 0 0 0 0 0 11 11 0 11 15 0 0 0 0 0 11 0 11 0 0 11 
11 0 0 0 0 0 0 0 0 11 0 11 0 0 11 0 11 0 0 0 0 0 0 0 0 0 0 0 0 0 0 0 0 0 0 0 0 11 11 
11 0 0 0 0 0 0 0 0 11 0 11 0 0 11 0 0 0 0 0 0 0 0 0 11 0 11 11 0 0 0 11 0 0 0 11 0 0 11 
11 0 0 0 0 0 0 0 0 0 0 0 0 11 0 0 0 0 0 15 11 0 0 0 11 11 11 0 0 0 11 0 0 0 0 0 0 0 11 
11 0 0 0 0 0 0 0 0 0 0 0 0 0 11 0 11 0 0 0 0 0 11 0 0 0 0 0 11 0 11 0 0 0 11 0 11 0 11 
11 0 0 0 11 0 0 0 0 0 0 0 0 0 0 0 0 0 11 0 0 0 0 11 0 0 0 0 0 0 11 0 0 0 0 0 0 0 11 
11 0 0 0 11 0 0 0 0 0 0 15 0 0 0 0 0 0 0 0 0 0 0 11 0 0 0 0 0 0 0 0 0 0 0 0 0 0 11 
11 0 11 0 11 0 0 0 11 11 0 0 0 11 0 0 0 0 0 11 0 11 0 0 0 0 0 0 0 11 0 0 11 0 0 11 0 0 11 
11 11 11 11 11 11 11 11 11 11 11 11 11 11 11 11 11 11 11 11 11 11 11 11 11 11 11 11 11 11 11 11 11 11 11 11 11 11 11 

16269
11 11 11 11 11 11 11 11 11 11 11 11 11 11 11 11 11 11 11 11 11 11 11 11 11 11 11 11 11 11 11 11 11 11 11 11 11 11 11 
11 0 0 11 0 0 11 0 0 0 0 0 0 0 0 0 0 0 0 11 11 0 0 11 0 0 0 0 0 0 11 11 0 0 11 0 0 11 11 
11 0 0 0 0 0 0 0 0 0 11 0 0 11 0 0 0 0 0 11 0 0 0 0 0 0 0 0 0 11 0 0 0 0 0 0 0 11 11 
11 0 11 0 0 0 11 0 0 0 11 0 11 11 0 0 0 0 0 0 0 11 0 0 0 0 0 11 0 0 11 0 0 0 0 0 0 11 11 
11 0 0 0 0 0 0 0 0 0 0 0 0 0 0 11 0 0 0 0 0 0 0 0 11 11 0 11 11 0 0 0 0 11 0 0 0 0 11 
11 0 0 11 0 0 0 0 0 11 0 11 0 0 11 0 0 11 0 0 0 0 0 0 11 0 0 0 11 0 0 0 0 0 11 0 11 0 11 
11 11 0 0 0 0 0 0 0 11 0 0 0 0 0 0 0 11 0 11 0 0 0 0 0 0 0 11 0 0 0 0 11 0 0 0 0 0 11 
11 0 0 0 0 11 0 11 12 11 11 11 15 11 11 11 0 11 0 11 0 0 11 0 0 0 0 11 0 0 0 0 0 0 0 0 0 0 11 
11 0 0 0 0 0 11 11 0 0 0 0 0 11 0 0 0 11 0 0 0 0 0 0 0 0 0 0 0 0 0 0 11 11 0 0 0 0 11 
11 0 0 0 0 0 0 11 0 15 11 0 11 0 0 0 0 11 0 11 0 0 0 0 0 11 0 0 15 0 0 0 0 0 0 0 0 0 11 
11 0 11 0 0 0 0 0 15 0 0 0 11 0 0 0 0 11 0 0 0 11 11 0 0 0 0 0 0 0 0 0 0 0 0 0 0 0 11 
11 0 0 11 0 11 11 11 0 0 0 0 11 0 0 0 0 0 11 0 0 0 11 11 0 0 0 0 11 0 0 11 0 0 0 0 0 0 11 
11 0 0 0 0 0 11 0 11 11 11 11 0 11 0 0 11 11 0 0 0 0 0 0 0 0 11 11 0 11 0 0 0 0 11 0 0 0 11 
11 0 0 0 0 0 0 0 0 0 0 11 0 0 0 0 0 11 0 0 11 11 0 0 0 0 0 11 0 0 0 11 11 0 0 0 0 0 11 
11 0 0 0 0 11 0 0 0 0 0 11 0 11 0 0 0 0 0 0 0 0 0 0 0 0 0 0 0 0 0 11 0 0 0 0 0 0 11 
11 11 0 0 0 0 0 0 11 0 0 11 0 11 0 0 0 0 0 0 0 0 0 0 0 0 0 0 11 11 11 0 0 0 0 0 0 11 11 
11 0 0 0 0 0 0 0 0 11 0 0 0 11 0 0 0 11 0 11 0 0 11 0 0 0 0 0 0 0 0 0 11 0 0 0 0 0 11 
11 0 11 0 11 0 0 0 0 0 0 0 0 0 0 0 0 0 0 0 11 0 11 0 0 0 0 0 11 0 0 0 0 0 0 0 0 0 11 
11 0 0 0 0 0 0 0 11 11 11 11 0 0 0 0 11 0 0 0 0 11 0 0 0 0 0 0 0 0 11 0 0 11 11 0 0 0 11 
11 0 0 11 0 0 0 0 0 0 0 0 11 11 0 0 0 0 0 0 0 11 0 0 0 0 0 11 0 11 0 0 0 0 0 0 0 11 11 
11 0 0 0 0 0 0 0 0 0 0 0 0 0 0 0 0 0 0 11 0 0 11 0 11 0 0 0 0 11 0 0 0 0 0 0 11 0 11 
11 0 0 11 0 11 0 0 0 0 0 11 0 11 0 0 0 0 0 0 0 11 0 0 0 15 0 0 0 0 0 0 0 0 0 0 0 0 11 
11 0 0 0 0 0 0 0 0 0 0 0 0 11 0 0 11 11 11 0 11 11 0 0 11 11 0 11 0 0 15 0 11 0 0 11 0 0 11 
11 11 0 11 11 0 11 0 0 0 0 11 0 0 0 0 11 0 0 11 0 0 0 0 0 0 0 11 0 11 0 0 0 11 0 11 11 0 11 
11 0 0 0 0 0 0 0 11 11 0 0 0 0 0 0 0 0 0 0 0 0 0 0 0 0 0 0 0 0 11 0 0 0 0 0 0 0 11 
11 11 0 0 0 11 0 0 11 0 11 11 0 0 0 0 0 0 0 11 0 0 0 0 0 0 0 0 0 0 0 0 11 0 0 0 0 0 11 
11 0 0 11 0 0 11 0 0 0 0 0 0 0 0 0 0 0 0 0 0 0 0 0 11 0 11 0 0 0 0 0 0 11 0 11 0 0 11 
11 0 0 0 0 0 0 0 0 11 0 11 0 0 11 0 0 0 0 0 0 0 11 0 0 0 0 0 0 0 0 0 0 0 0 0 0 0 11 
11 0 0 0 0 0 0 0 0 11 0 11 0 0 11 0 0 0 0 0 0 0 0 0 11 0 0 11 0 0 0 11 0 0 0 11 0 0 11 
11 0 0 0 0 0 0 0 0 0 0 0 0 11 0 0 0 0 0 0 11 0 0 0 11 11 11 0 0 0 11 0 0 0 0 0 0 0 11 
11 0 0 0 0 0 0 0 0 0 0 0 0 0 11 0 0 0 0 0 0 0 11 0 0 0 0 0 11 0 11 0 0 0 11 0 11 0 11 
11 0 0 0 11 0 0 0 0 0 0 0 0 0 0 0 0 0 11 0 0 0 0 11 0 0 0 0 0 0 11 0 0 0 0 0 0 0 11 
11 0 0 0 11 0 0 0 0 0 0 0 0 15 0 0 0 0 0 0 0 0 0 11 0 0 0 0 0 0 0 0 0 0 0 0 0 0 11 
11 0 11 0 11 0 0 0 11 11 0 0 0 11 0 0 0 0 0 11 0 11 0 0 0 0 0 0 0 11 0 0 11 0 0 11 0 0 11 
11 11 11 11 11 11 11 11 11 11 11 11 11 11 11 11 11 11 11 11 11 11 11 11 11 11 11 11 11 11 11 11 11 11 11 11 11 11 11 

16215
11 11 11 11 11 11 11 11 11 11 11 11 11 11 11 11 11 11 11 11 11 11 11 11 11 11 11 11 11 11 11 11 11 11 11 11 11 11 11 
11 0 0 11 0 0 11 0 0 0 0 0 0 0 0 0 0 0 0 11 11 0 0 11 0 0 0 0 0 0 11 11 0 0 11 0 0 11 11 
11 0 0 0 0 0 0 0 0 0 11 0 0 0 0 0 0 0 0 11 0 0 0 0 0 0 0 0 0 11 0 0 0 0 0 0 0 11 11 
11 0 11 0 0 0 11 0 0 0 11 0 11 11 0 0 0 0 0 0 0 11 0 0 0 0 0 11 0 0 11 0 0 0 0 0 0 11 11 
11 0 0 0 0 0 0 0 0 0 0 0 15 0 0 11 0 0 0 0 0 0 0 0 11 11 0 11 11 0 0 0 0 11 0 0 0 0 11 
11 0 0 11 0 0 0 0 0 11 0 11 0 0 11 0 0 11 0 0 0 0 0 0 11 0 0 0 11 0 0 0 0 0 11 0 11 0 11 
11 11 0 0 0 0 0 0 0 11 0 0 0 0 0 0 0 11 0 11 0 0 0 0 0 0 0 11 0 0 0 0 11 0 0 0 0 0 11 
11 0 0 0 0 11 15 11 0 11 11 11 0 11 11 11 0 11 0 11 0 0 11 0 0 0 0 11 0 0 0 0 0 0 0 0 0 0 11 
11 0 0 0 0 0 11 11 0 0 0 0 0 11 0 0 0 11 0 0 0 0 0 0 0 0 0 0 0 0 0 15 11 11 0 0 0 0 11 
11 0 0 0 0 0 0 11 0 15 11 0 11 0 0 0 0 11 0 11 0 0 0 0 0 11 0 0 0 0 0 0 0 0 0 0 0 0 11 
11 0 11 0 0 0 0 0 0 0 0 0 11 0 0 0 0 11 0 0 0 11 11 0 0 0 0 0 0 0 0 0 0 0 0 0 0 0 11 
11 0 0 11 0 11 11 11 0 0 0 0 11 0 0 0 0 0 11 0 0 0 11 11 0 0 0 0 11 0 0 11 0 0 0 0 0 0 11 
11 0 0 0 0 0 11 0 11 11 11 11 0 11 0 0 11 11 0 0 0 0 0 0 0 0 11 11 0 11 0 0 0 0 11 0 0 0 11 
11 0 0 0 0 0 0 0 0 0 0 11 0 0 0 0 0 11 0 0 11 11 0 0 0 0 0 11 0 0 0 11 11 0 0 0 0 0 11 
11 0 0 0 0 11 0 0 0 0 0 11 0 11 0 0 0 0 0 0 0 0 0 0 0 0 0 0 0 0 0 11 0 0 0 0 0 0 11 
11 11 0 0 0 0 0 0 11 0 0 11 0 11 0 0 0 0 0 0 0 0 0 0 0 0 0 0 11 11 11 0 0 0 0 0 0 11 11 
11 0 0 0 0 0 0 0 0 11 0 0 0 11 0 0 0 11 0 11 0 0 11 0 0 0 0 0 0 0 0 0 11 0 0 0 0 0 11 
11 0 11 0 11 0 0 0 0 0 0 0 0 0 0 0 0 0 0 15 11 0 11 0 0 0 0 0 11 0 0 0 0 0 0 0 0 0 11 
11 0 0 0 0 0 0 0 11 11 11 11 0 0 0 0 11 0 0 0 0 11 0 0 0 0 0 0 0 0 11 0 0 11 11 0 0 0 11 
11 0 0 11 0 0 0 0 0 0 0 0 11 11 0 0 0 0 0 0 0 11 0 0 0 0 0 11 0 11 0 0 0 0 0 0 0 11 11 
11 0 0 0 0 0 0 0 0 0 0 0 0 0 0 0 0 0 0 11 0 0 11 0 11 0 0 0 0 11 0 0 0 0 0 0 11 0 11 
11 0 0 11 0 11 0 0 0 0 0 11 0 11 0 0 0 0 0 0 0 11 0 0 0 11 0 0 0 0 0 0 0 0 0 0 0 0 11 
11 0 0 0 0 0 0 0 0 0 0 0 0 11 0 0 11 11 11 0 11 11 0 0 11 11 0 11 0 0 0 0 11 0 0 11 0 0 11 
11 11 0 11 11 0 11 0 0 0 0 11 0 0 0 0 11 0 0 11 0 0 0 0 0 0 0 11 0 11 15 0 0 11 0 11 11 0 11 
11 0 0 0 0 0 0 0 11 11 0 0 0 0 0 0 0 0 0 0 0 0 0 0 0 0 0 0 0 0 11 0 0 0 0 0 0 0 11 
11 11 0 0 0 11 0 0 11 0 11 11 0 0 0 0 0 0 0 11 0 0 0 0 0 0 0 0 0 14 0 0 11 0 0 0 0 0 11 
11 0 0 11 0 0 11 0 0 0 0 0 0 0 0 0 0 0 0 0 0 0 0 0 11 0 11 0 0 0 0 0 0 11 0 11 0 0 11 
11 0 0 0 0 0 0 0 0 11 0 11 0 0 11 0 0 0 0 0 0 0 11 0 0 0 0 0 0 0 0 0 0 0 0 0 0 0 11 
11 0 0 0 0 0 0 0 0 11 0 11 0 0 11 0 0 0 0 0 0 0 0 0 11 0 0 11 0 0 0 11 0 0 0 11 0 0 11 
11 0 0 0 0 0 0 0 0 0 0 0 0 11 0 0 0 0 0 0 11 0 0 0 11 11 11 0 0 0 11 0 0 0 0 0 0 0 11 
11 0 0 0 0 0 0 0 0 0 0 0 0 0 11 0 0 0 0 0 0 0 11 0 0 0 0 0 11 0 11 0 0 0 11 0 11 0 11 
11 0 0 0 11 0 0 0 0 0 0 0 0 0 0 0 0 0 11 0 0 0 0 11 0 0 0 0 0 0 11 0 0 0 0 0 0 0 11 
11 0 0 0 11 0 0 0 0 0 0 0 0 0 0 0 0 0 0 0 0 0 0 11 0 0 0 0 0 0 0 0 0 0 0 0 0 0 11 
11 0 11 0 11 0 0 0 11 11 0 0 0 11 15 0 0 0 0 11 0 11 0 0 0 0 0 0 0 11 0 0 11 0 0 11 0 0 11 
11 11 11 11 11 11 11 11 11 11 11 11 11 11 11 11 11 11 11 11 11 11 11 11 11 11 11 11 11 11 11 11 11 11 11 11 11 11 11 

16215
11 11 11 11 11 11 11 11 11 11 11 11 11 11 11 11 11 11 11 11 11 11 11 11 11 11 11 11 11 11 11 11 11 11 11 11 11 11 11 
11 0 0 11 0 0 11 0 0 0 0 0 0 0 0 0 0 0 0 11 11 0 0 11 0 0 0 0 0 0 11 11 0 0 11 0 0 11 11 
11 0 0 0 0 0 0 0 0 0 11 0 0 0 0 0 0 0 0 11 0 0 0 0 0 0 0 0 0 11 0 0 0 0 0 0 0 11 11 
11 0 11 0 0 0 11 0 0 0 11 0 11 11 0 0 0 0 0 0 0 11 0 0 0 0 0 11 0 0 11 0 0 0 0 0 0 11 11 
11 0 0 0 0 0 0 0 0 0 0 0 15 0 0 11 0 0 0 0 0 0 0 0 11 11 0 11 11 0 0 0 0 11 0 0 0 0 11 
11 0 0 11 0 0 0 0 0 11 0 11 0 0 11 0 0 11 0 0 0 0 0 0 11 0 0 0 11 0 0 0 0 0 11 0 11 0 11 
11 11 0 0 0 0 0 0 0 11 0 0 0 0 0 0 0 11 0 11 0 0 0 0 0 0 0 11 0 0 0 0 11 0 0 0 0 0 11 
11 0 0 0 0 11 15 11 0 11 11 11 0 11 11 11 0 11 0 11 0 0 11 0 0 0 0 11 0 0 0 0 0 0 0 0 0 0 11 
11 0 0 0 0 0 11 11 0 0 0 0 0 11 0 0 0 11 0 0 0 0 0 0 0 0 0 0 0 0 0 15 11 11 0 0 0 0 11 
11 0 0 0 0 0 0 11 0 15 11 0 11 0 0 0 0 11 0 11 0 0 0 0 0 11 0 0 0 0 0 0 0 0 0 0 0 0 11 
11 0 11 0 0 0 0 0 0 0 0 0 11 0 0 0 0 11 0 0 0 11 11 0 0 0 0 0 0 0 0 0 0 0 0 0 0 0 11 
11 0 0 11 0 11 11 11 0 0 0 0 11 0 0 0 0 0 11 0 0 0 11 11 0 0 0 0 11 0 0 11 0 0 0 0 0 0 11 
11 0 0 0 0 0 11 0 11 11 11 11 0 11 0 0 11 11 0 0 0 0 0 0 0 0 11 11 0 11 0 0 0 0 11 0 0 0 11 
11 0 0 0 0 0 0 0 0 0 0 11 0 0 0 0 0 11 0 0 11 11 0 0 0 0 0 11 0 0 0 11 11 0 0 0 0 0 11 
11 0 0 0 0 11 0 0 0 0 0 11 0 11 0 0 0 0 0 0 0 0 0 0 0 0 0 0 0 0 0 11 0 0 0 0 0 0 11 
11 11 0 0 0 0 0 0 11 0 0 11 0 11 0 0 0 0 0 0 0 0 0 0 0 0 0 0 11 11 11 0 0 0 0 0 0 11 11 
11 0 0 0 0 0 0 0 0 11 0 0 0 11 0 0 0 11 0 11 0 0 11 0 0 0 0 0 0 0 0 0 11 0 0 0 0 0 11 
11 0 11 0 11 0 0 0 0 0 0 0 0 0 0 0 0 0 0 15 11 0 11 0 0 0 0 0 11 0 0 0 0 0 0 0 0 0 11 
11 0 0 0 0 0 0 0 11 11 11 11 0 0 0 0 11 0 0 0 0 11 0 0 0 0 0 0 0 0 11 0 0 11 11 0 0 0 11 
11 0 0 11 0 0 0 0 0 0 0 0 11 11 0 0 0 0 0 0 0 11 0 0 0 0 0 11 0 11 0 0 0 0 0 0 0 11 11 
11 0 0 0 0 0 0 0 0 0 0 0 0 0 0 0 0 0 0 11 0 0 11 0 11 0 0 0 0 11 0 0 0 0 0 0 11 0 11 
11 0 0 11 0 11 0 0 0 0 0 11 0 11 0 0 0 0 0 0 0 11 0 0 0 11 0 0 0 0 0 0 0 0 0 0 0 0 11 
11 0 0 0 0 0 0 0 0 0 0 0 0 11 0 0 11 11 11 0 11 11 0 0 11 11 0 11 0 0 0 0 11 0 0 11 0 0 11 
11 11 0 11 11 0 11 0 0 0 0 11 0 0 0 0 11 0 0 11 0 0 0 0 0 0 0 11 0 11 15 0 0 11 0 11 11 0 11 
11 0 0 0 0 0 0 0 11 11 0 0 0 0 0 0 0 0 0 0 0 0 0 0 0 0 0 0 0 0 11 0 0 0 0 0 0 0 11 
11 11 0 0 0 11 0 0 11 0 11 11 0 0 0 0 0 0 0 11 0 0 0 0 0 0 0 0 0 14 0 0 11 0 0 0 0 0 11 
11 0 0 11 0 0 11 0 0 0 0 0 0 0 0 0 0 0 0 0 0 0 0 0 11 0 11 0 0 0 0 0 0 11 0 11 0 0 11 
11 0 0 0 0 0 0 0 0 11 0 11 0 0 11 0 0 0 0 0 0 0 11 0 0 0 0 0 0 0 0 0 0 0 0 0 0 0 11 
11 0 0 0 0 0 0 0 0 11 0 11 0 0 11 0 0 0 0 0 0 0 0 0 11 0 0 11 0 0 0 11 0 0 0 11 0 0 11 
11 0 0 0 0 0 0 0 0 0 0 0 0 11 0 0 0 0 0 0 11 0 0 0 11 11 11 0 0 0 11 0 0 0 0 0 0 0 11 
11 0 0 0 0 0 0 0 0 0 0 0 0 0 11 0 0 0 0 0 0 0 11 0 0 0 0 0 11 0 11 0 0 0 11 0 11 0 11 
11 0 0 0 11 0 0 0 0 0 0 0 0 0 0 0 0 0 11 0 0 0 0 11 0 0 0 0 0 0 11 0 0 0 0 0 0 0 11 
11 0 0 0 11 0 0 0 0 0 0 0 0 0 0 0 0 0 0 0 0 0 0 11 0 0 0 0 0 0 0 0 0 0 0 0 0 0 11 
11 0 11 0 11 0 0 0 11 11 0 0 0 11 15 0 0 0 0 11 0 11 0 0 0 0 0 0 0 11 0 0 11 0 0 11 0 0 11 
11 11 11 11 11 11 11 11 11 11 11 11 11 11 11 11 11 11 11 11 11 11 11 11 11 11 11 11 11 11 11 11 11 11 11 11 11 11 11 

16215
11 11 11 11 11 11 11 11 11 11 11 11 11 11 11 11 11 11 11 11 11 11 11 11 11 11 11 11 11 11 11 11 11 11 11 11 11 11 11 
11 0 0 11 0 0 11 0 0 0 0 0 0 0 0 0 0 0 0 11 11 0 0 11 0 0 0 0 0 0 11 11 0 0 11 0 0 11 11 
11 0 0 0 0 0 0 0 0 0 11 0 0 0 0 0 0 0 0 11 0 0 0 0 0 0 0 0 0 11 0 0 0 0 0 0 0 11 11 
11 0 11 0 0 0 11 0 0 0 11 0 11 11 0 0 0 0 0 0 0 11 0 0 0 0 0 11 0 0 11 0 0 0 0 0 0 11 11 
11 0 0 0 0 0 0 0 0 0 0 0 15 0 0 11 0 0 0 0 0 0 0 0 11 11 0 11 11 0 0 0 0 11 0 0 0 0 11 
11 0 0 11 0 0 0 0 0 11 0 11 0 0 11 0 0 11 0 0 0 0 0 0 11 0 0 0 11 0 0 0 0 0 11 0 11 0 11 
11 11 0 0 0 0 0 0 0 11 0 0 0 0 0 0 0 11 0 11 0 0 0 0 0 0 0 11 0 0 0 0 11 0 0 0 0 0 11 
11 0 0 0 0 11 15 11 0 11 11 11 0 11 11 11 0 11 0 11 0 0 11 0 0 0 0 11 0 0 0 0 0 0 0 0 0 0 11 
11 0 0 0 0 0 11 11 0 0 0 0 0 11 0 0 0 11 0 0 0 0 0 0 0 0 0 0 0 0 0 15 11 11 0 0 0 0 11 
11 0 0 0 0 0 0 11 0 15 11 0 11 0 0 0 0 11 0 11 0 0 0 0 0 11 0 0 0 0 0 0 0 0 0 0 0 0 11 
11 0 11 0 0 0 0 0 0 0 0 0 11 0 0 0 0 11 0 0 0 11 11 0 0 0 0 0 0 0 0 0 0 0 0 0 0 0 11 
11 0 0 11 0 11 11 11 0 0 0 0 11 0 0 0 0 0 11 0 0 0 11 11 0 0 0 0 11 0 0 11 0 0 0 0 0 0 11 
11 0 0 0 0 0 11 0 11 11 11 11 0 11 0 0 11 11 0 0 0 0 0 0 0 0 11 11 0 11 0 0 0 0 11 0 0 0 11 
11 0 0 0 0 0 0 0 0 0 0 11 0 0 0 0 0 11 0 0 11 11 0 0 0 0 0 11 0 0 0 11 11 0 0 0 0 0 11 
11 0 0 0 0 11 0 0 0 0 0 11 0 11 0 0 0 0 0 0 0 0 0 0 0 0 0 0 0 0 0 11 0 0 0 0 0 0 11 
11 11 0 0 0 0 0 0 11 0 0 11 0 11 0 0 0 0 0 0 0 0 0 0 0 0 0 0 11 11 11 0 0 0 0 0 0 11 11 
11 0 0 0 0 0 0 0 0 11 0 0 0 11 0 0 0 11 0 11 0 0 11 0 0 0 0 0 0 0 0 0 11 0 0 0 0 0 11 
11 0 11 0 11 0 0 0 0 0 0 0 0 0 0 0 0 0 0 15 11 0 11 0 0 0 0 0 11 0 0 0 0 0 0 0 0 0 11 
11 0 0 0 0 0 0 0 11 11 11 11 0 0 0 0 11 0 0 0 0 11 0 0 0 0 0 0 0 0 11 0 0 11 11 0 0 0 11 
11 0 0 11 0 0 0 0 0 0 0 0 11 11 0 0 0 0 0 0 0 11 0 0 0 0 0 11 0 11 0 0 0 0 0 0 0 11 11 
11 0 0 0 0 0 0 0 0 0 0 0 0 0 0 0 0 0 0 11 0 0 11 0 11 0 0 0 0 11 0 0 0 0 0 0 11 0 11 
11 0 0 11 0 11 0 0 0 0 0 11 0 11 0 0 0 0 0 0 0 11 0 0 0 11 0 0 0 0 0 0 0 0 0 0 0 0 11 
11 0 0 0 0 0 0 0 0 0 0 0 0 11 0 0 11 11 11 0 11 11 0 0 11 11 0 11 0 0 0 0 11 0 0 11 0 0 11 
11 11 0 11 11 0 11 0 0 0 0 11 0 0 0 0 11 0 0 11 0 0 0 0 0 0 0 11 0 11 15 0 0 11 0 11 11 0 11 
11 0 0 0 0 0 0 0 11 11 0 0 0 0 0 0 0 0 0 0 0 0 0 0 0 0 0 0 0 0 11 0 0 0 0 0 0 0 11 
11 11 0 0 0 11 0 0 11 0 11 11 0 0 0 0 0 0 0 11 0 0 0 0 0 0 0 0 0 14 0 0 11 0 0 0 0 0 11 
11 0 0 11 0 0 11 0 0 0 0 0 0 0 0 0 0 0 0 0 0 0 0 0 11 0 11 0 0 0 0 0 0 11 0 11 0 0 11 
11 0 0 0 0 0 0 0 0 11 0 11 0 0 11 0 0 0 0 0 0 0 11 0 0 0 0 0 0 0 0 0 0 0 0 0 0 0 11 
11 0 0 0 0 0 0 0 0 11 0 11 0 0 11 0 0 0 0 0 0 0 0 0 11 0 0 11 0 0 0 11 0 0 0 11 0 0 11 
11 0 0 0 0 0 0 0 0 0 0 0 0 11 0 0 0 0 0 0 11 0 0 0 11 11 11 0 0 0 11 0 0 0 0 0 0 0 11 
11 0 0 0 0 0 0 0 0 0 0 0 0 0 11 0 0 0 0 0 0 0 11 0 0 0 0 0 11 0 11 0 0 0 11 0 11 0 11 
11 0 0 0 11 0 0 0 0 0 0 0 0 0 0 0 0 0 11 0 0 0 0 11 0 0 0 0 0 0 11 0 0 0 0 0 0 0 11 
11 0 0 0 11 0 0 0 0 0 0 0 0 0 0 0 0 0 0 0 0 0 0 11 0 0 0 0 0 0 0 0 0 0 0 0 0 0 11 
11 0 11 0 11 0 0 0 11 11 0 0 0 11 15 0 0 0 0 11 0 11 0 0 0 0 0 0 0 11 0 0 11 0 0 11 0 0 11 
11 11 11 11 11 11 11 11 11 11 11 11 11 11 11 11 11 11 11 11 11 11 11 11 11 11 11 11 11 11 11 11 11 11 11 11 11 11 11 

16212
11 11 11 11 11 11 11 11 11 11 11 11 11 11 11 11 11 11 11 11 11 11 11 11 11 11 11 11 11 11 11 11 11 11 11 11 11 11 11 
11 0 0 11 0 0 11 0 0 0 0 0 0 0 0 0 0 0 0 11 11 0 0 11 0 0 0 0 0 0 11 11 0 0 11 0 0 11 11 
11 0 0 0 0 0 0 0 0 0 11 0 0 0 0 0 0 0 0 11 0 0 0 0 0 0 0 0 0 11 0 0 0 0 0 0 0 11 11 
11 0 11 0 0 0 11 0 0 0 11 0 11 11 0 0 0 0 0 0 0 11 0 0 0 0 0 11 0 0 11 0 0 0 0 0 0 11 11 
11 0 0 0 0 0 0 0 0 0 0 0 0 0 0 11 0 0 0 0 0 0 0 0 11 11 0 11 11 0 0 0 0 11 0 0 0 0 11 
11 0 0 11 0 0 0 0 0 11 0 11 0 0 11 0 0 11 0 0 0 0 0 0 11 0 0 0 11 0 0 0 0 0 11 0 11 0 11 
11 11 0 0 0 0 0 0 0 11 0 15 0 15 0 0 0 11 0 11 0 0 0 0 0 0 0 11 0 0 0 0 11 0 0 0 0 0 11 
11 0 0 0 0 11 0 11 0 11 11 11 0 11 11 11 0 11 0 11 0 0 11 0 0 0 0 11 0 0 0 13 14 0 0 0 0 0 11 
11 0 0 0 0 0 11 11 0 0 0 0 0 11 0 0 0 11 0 0 0 0 0 0 0 0 0 0 0 0 0 0 11 11 0 0 0 0 11 
11 0 0 0 0 0 0 11 0 15 11 0 11 0 0 0 0 11 0 11 0 0 0 0 0 11 0 0 0 0 0 0 0 0 0 0 0 0 11 
11 0 11 0 0 0 0 0 0 15 0 0 11 0 0 0 0 11 0 0 0 11 11 0 0 0 0 0 0 0 0 0 0 0 0 0 0 0 11 
11 0 0 11 0 11 11 11 0 0 0 0 11 0 0 0 0 0 11 0 0 0 11 11 0 0 0 0 11 0 0 11 0 0 0 0 0 0 11 
11 0 0 0 0 0 11 0 11 11 11 11 0 11 0 0 11 11 0 0 0 0 0 0 0 0 11 11 0 11 0 0 0 0 11 0 0 0 11 
11 0 0 0 0 0 0 0 0 0 0 11 0 0 0 0 0 11 0 0 11 11 0 0 0 0 0 11 0 0 0 11 11 0 0 0 0 0 11 
11 0 0 0 0 11 0 0 0 0 0 11 0 11 0 0 0 0 0 0 0 0 0 0 0 0 0 0 0 0 0 11 0 0 0 0 0 0 11 
11 11 0 0 0 0 0 0 11 0 0 11 0 11 0 0 0 0 0 0 0 0 0 0 0 0 0 0 11 11 11 0 0 0 0 0 0 11 11 
11 0 0 0 0 0 0 0 0 11 0 0 0 11 0 0 0 11 0 11 0 0 11 0 0 0 0 0 0 0 0 0 11 0 0 0 0 0 11 
11 0 11 0 11 0 0 0 0 0 0 0 0 0 0 0 0 0 0 0 11 0 11 0 0 0 0 0 11 0 0 0 0 0 0 0 0 0 11 
11 0 0 0 0 0 0 0 11 11 11 11 0 0 0 0 11 0 0 0 0 11 0 0 0 0 0 15 0 0 11 0 0 11 11 0 0 0 11 
11 0 0 11 0 0 0 0 0 0 0 0 11 11 0 0 0 0 0 0 0 11 0 0 0 0 0 11 0 11 0 0 0 0 0 0 0 11 11 
11 0 0 0 0 0 0 0 0 0 0 0 0 0 0 0 0 0 0 11 0 0 11 0 11 0 11 0 0 11 0 0 0 0 0 0 11 0 11 
11 0 0 11 0 11 0 0 0 0 0 11 0 11 0 0 0 0 0 0 0 11 0 0 0 0 0 0 0 0 15 0 0 0 0 0 0 0 11 
11 0 0 0 0 0 0 0 0 0 0 0 0 11 0 0 11 11 11 0 11 11 0 0 11 11 0 11 0 0 0 0 11 0 0 11 0 0 11 
11 11 0 11 11 0 11 0 0 0 0 11 0 0 0 0 11 0 0 11 0 0 0 0 0 0 0 11 0 11 0 15 0 11 0 11 11 0 11 
11 0 0 0 0 0 0 0 11 11 0 0 0 0 0 0 0 0 0 0 0 0 0 0 0 0 0 0 0 0 11 0 0 0 0 0 0 0 11 
11 11 0 0 0 11 0 0 11 0 11 11 0 0 0 0 0 0 0 11 0 0 0 0 0 0 0 0 0 0 0 0 11 0 0 0 0 0 11 
11 0 0 11 0 0 11 0 0 0 0 0 0 0 0 0 0 0 0 0 0 0 0 0 11 0 11 0 0 0 0 0 0 11 0 11 0 0 11 
11 0 0 0 0 0 0 0 0 11 0 11 0 0 11 0 0 0 0 0 0 0 11 0 0 0 0 0 0 0 0 0 0 0 0 0 0 0 11 
11 0 0 0 0 0 0 0 0 11 0 11 0 0 11 0 0 0 0 0 0 0 0 0 11 0 0 11 0 0 0 11 0 0 0 11 0 0 11 
11 0 0 0 0 0 0 0 0 0 0 0 0 11 0 0 0 0 0 0 11 0 0 0 11 11 11 0 0 0 11 0 0 0 0 0 0 0 11 
11 0 0 0 0 0 0 0 0 0 0 0 0 0 11 0 0 0 0 0 0 0 11 0 0 0 0 0 11 0 11 0 0 0 11 0 11 0 11 
11 0 0 0 11 0 0 0 0 0 0 0 0 0 0 0 0 0 11 0 0 0 0 11 0 0 0 0 0 0 11 0 0 0 0 0 0 0 11 
11 0 0 0 11 0 0 0 0 0 0 0 0 15 0 0 0 0 0 0 0 0 0 11 0 0 0 0 0 0 0 0 0 0 0 0 0 0 11 
11 0 11 0 11 0 0 0 11 11 0 0 0 11 0 0 0 0 0 11 0 11 0 0 0 0 0 0 0 11 0 0 11 0 0 11 0 0 11 
11 11 11 11 11 11 11 11 11 11 11 11 11 11 11 11 11 11 11 11 11 11 11 11 11 11 11 11 11 11 11 11 11 11 11 11 11 11 11 

16215
11 11 11 11 11 11 11 11 11 11 11 11 11 11 11 11 11 11 11 11 11 11 11 11 11 11 11 11 11 11 11 11 11 11 11 11 11 11 11 
11 0 0 11 0 0 11 0 0 0 0 0 0 0 0 0 0 0 0 11 11 0 0 11 0 0 0 0 0 0 11 11 0 0 11 0 0 11 11 
11 0 0 0 0 0 0 0 0 0 11 0 0 0 0 0 0 0 0 11 0 0 0 0 0 0 0 0 0 11 0 0 0 0 0 0 0 11 11 
11 0 0 0 0 0 11 0 15 0 11 0 11 11 0 0 0 0 0 0 0 11 0 0 0 0 0 11 0 0 11 0 0 0 0 0 0 11 11 
11 0 0 0 0 0 0 0 0 0 0 0 0 0 0 11 0 0 0 0 0 0 0 0 11 11 0 11 11 0 0 0 0 11 0 0 0 0 11 
11 0 0 11 0 0 0 0 0 11 0 11 0 0 11 0 0 11 0 0 0 0 0 0 11 0 0 0 11 0 0 0 0 0 11 11 11 0 11 
11 11 0 0 0 0 0 0 0 11 0 0 0 0 0 0 0 11 0 0 0 0 0 0 0 0 0 11 0 0 0 15 11 0 0 0 0 0 11 
11 0 0 0 0 11 0 11 0 11 11 11 15 11 11 11 0 11 0 11 0 0 11 0 0 0 0 11 0 0 0 0 0 0 0 0 0 0 11 
11 0 0 0 0 14 11 11 0 11 0 0 11 11 0 0 0 11 0 0 0 0 0 0 0 0 0 0 0 0 0 0 11 11 0 0 0 0 11 
11 0 0 0 0 0 0 11 0 0 11 0 11 0 0 0 0 11 0 11 0 0 0 0 0 11 0 0 0 0 0 0 0 0 0 0 0 0 11 
11 0 11 0 0 0 0 0 15 11 0 0 11 0 0 0 0 11 0 0 0 11 11 0 0 0 0 0 0 0 0 0 0 0 0 0 0 0 11 
11 0 0 11 0 11 11 11 0 0 0 0 11 0 0 0 0 0 11 0 0 0 11 11 0 0 0 0 11 0 0 11 0 0 0 0 0 0 11 
11 0 0 0 0 0 11 0 11 11 11 11 0 11 0 0 11 0 0 0 0 0 0 0 0 0 11 11 0 0 0 0 0 0 0 0 0 0 11 
11 0 0 0 0 0 0 0 0 0 0 11 0 0 0 0 0 11 0 0 11 11 0 0 0 0 0 11 0 0 0 11 11 0 0 0 0 0 11 
11 0 0 0 0 0 0 0 0 0 0 11 0 11 0 0 0 0 0 0 0 0 0 0 0 0 0 0 0 0 0 11 0 11 0 0 0 0 11 
11 11 0 0 0 0 0 0 0 0 0 11 0 11 0 0 0 0 0 0 0 0 0 0 0 0 0 0 11 11 11 0 0 0 0 0 0 0 11 
11 0 0 0 0 0 0 0 0 11 0 0 0 11 0 0 0 11 0 11 0 0 11 0 0 0 0 0 0 0 0 0 11 0 0 0 0 0 11 
11 0 11 0 11 0 0 0 0 0 11 0 0 0 0 0 0 0 0 0 11 0 11 0 0 0 0 0 11 0 0 0 0 0 0 0 0 0 11 
11 0 0 0 0 0 0 0 11 11 11 11 0 0 0 0 11 0 0 0 0 11 0 0 0 0 0 0 0 0 11 0 0 11 11 0 0 0 11 
11 0 0 11 0 0 0 0 0 0 0 0 11 11 0 0 0 0 0 0 0 11 0 11 0 0 0 11 0 0 0 0 0 0 0 0 0 11 11 
11 0 0 0 0 0 0 0 0 0 0 11 0 0 0 0 0 0 0 11 0 0 11 0 11 0 0 0 0 11 0 0 0 0 0 0 11 0 11 
11 0 0 11 0 11 0 0 0 0 0 11 0 11 0 0 0 0 0 0 0 11 0 0 0 12 0 0 0 0 15 0 0 0 0 0 0 0 11 
11 0 0 0 0 0 0 0 0 0 0 0 0 11 0 0 11 11 11 0 11 11 0 0 0 11 0 11 0 0 0 0 11 0 0 0 0 0 11 
11 11 0 11 11 0 11 0 0 0 0 0 0 0 0 0 11 0 0 11 0 0 0 0 0 0 0 11 0 11 0 0 0 11 0 11 11 0 11 
11 0 0 0 0 0 0 0 11 11 0 0 0 0 0 0 0 0 0 0 0 0 0 11 0 0 0 0 0 0 11 0 0 0 0 0 0 11 11 
11 11 0 0 0 11 0 0 11 0 11 11 0 0 0 0 0 0 0 11 0 0 0 0 0 0 0 0 0 0 0 0 11 0 0 0 0 0 11 
11 0 0 0 0 0 11 0 0 0 0 0 0 0 0 0 0 0 0 0 0 0 0 11 11 0 11 0 0 0 0 14 0 11 0 11 0 0 11 
11 0 0 0 0 0 0 0 0 11 0 11 0 0 11 0 0 0 0 0 0 0 11 0 0 0 0 0 0 0 0 0 0 0 0 0 0 11 11 
11 0 0 0 0 0 0 0 0 11 0 11 0 0 11 0 0 0 0 0 0 0 0 0 11 0 11 11 0 0 0 11 0 0 0 11 0 0 11 
11 0 0 0 0 0 0 0 0 0 0 0 0 11 14 0 0 0 0 0 11 0 0 0 11 11 11 0 0 0 11 0 0 0 0 0 0 0 11 
11 0 0 0 0 0 0 0 0 0 0 0 0 0 11 0 0 0 0 0 0 0 11 0 0 0 0 0 11 0 11 0 0 0 11 0 11 0 11 
11 0 0 0 11 0 0 0 0 0 0 0 0 0 0 0 0 0 11 0 0 0 0 11 0 0 0 0 0 0 11 0 0 0 0 0 0 0 11 
11 0 0 0 11 0 0 0 0 0 0 0 0 0 0 0 0 0 0 0 0 0 0 11 0 0 0 0 0 0 0 0 0 0 0 0 0 0 11 
11 0 11 0 11 0 0 0 11 11 0 0 0 11 0 15 0 0 0 11 0 11 0 0 0 0 0 0 0 11 0 0 11 0 0 11 0 0 11 
11 11 11 11 11 11 11 11 11 11 11 11 11 11 11 11 11 11 11 11 11 11 11 11 11 11 11 11 11 11 11 11 11 11 11 11 11 11 11 

16175
11 11 11 11 11 11 11 11 11 11 11 11 11 11 11 11 11 11 11 11 11 11 11 11 11 11 11 11 11 11 11 11 11 11 11 11 11 11 11 
11 0 0 11 0 0 11 0 0 0 0 0 0 0 0 0 0 13 0 11 11 0 0 11 0 0 0 0 0 0 11 11 0 0 11 0 0 11 11 
11 0 0 0 0 0 0 0 0 14 11 0 0 12 0 0 0 0 0 11 0 0 0 0 0 0 0 0 0 11 0 0 0 0 0 0 0 11 11 
11 0 0 0 0 0 11 0 0 0 11 0 11 11 0 0 0 0 0 0 0 11 0 0 0 0 0 11 0 0 11 0 0 0 0 0 0 11 11 
11 0 0 0 0 0 0 0 0 0 0 0 0 0 0 11 0 0 0 0 0 0 0 0 11 11 0 11 11 0 0 0 0 11 0 0 0 0 11 
11 0 0 11 0 0 0 0 0 11 0 11 0 0 11 0 0 11 0 0 0 0 0 0 11 0 0 0 11 0 0 0 0 0 11 11 11 0 11 
11 11 0 0 0 0 13 0 0 11 0 0 0 0 0 0 0 11 0 0 0 0 0 0 0 0 0 11 0 0 0 0 11 0 0 0 0 0 11 
11 0 0 0 0 11 0 11 0 11 11 11 0 11 11 11 0 11 0 11 0 0 11 0 0 0 0 11 0 0 0 0 0 0 0 15 0 0 11 
11 0 0 0 0 0 11 11 15 11 0 0 11 11 0 0 0 11 0 0 0 0 0 0 0 0 0 0 0 0 0 0 11 11 0 0 0 0 11 
11 0 0 0 0 0 0 11 0 0 11 15 11 0 0 0 0 11 0 11 0 0 0 0 0 11 0 0 0 0 0 0 0 0 0 0 0 0 11 
11 0 11 0 0 0 0 0 0 11 0 0 11 0 0 0 0 11 0 0 0 11 11 0 0 0 0 0 0 0 0 0 0 0 0 0 0 0 11 
11 0 0 11 0 11 11 11 0 0 0 0 11 0 0 0 0 0 11 0 0 0 11 11 0 0 0 0 11 0 0 11 0 0 0 0 0 0 11 
11 0 0 0 0 0 11 0 11 11 11 11 0 11 0 0 11 0 0 0 0 0 0 0 0 0 11 11 0 0 0 0 0 0 0 0 0 0 11 
11 0 0 0 0 0 0 0 0 0 0 11 0 0 0 11 0 11 0 0 11 11 0 0 0 0 0 11 0 0 0 11 11 0 0 0 0 0 11 
11 0 0 0 0 11 0 0 0 0 0 11 0 11 0 0 0 0 0 0 0 0 0 0 0 0 0 0 0 0 0 11 0 11 0 0 0 0 11 
11 11 0 0 0 0 0 0 0 0 0 11 0 11 0 0 0 0 0 0 0 0 0 0 0 0 0 0 11 11 11 0 0 0 0 0 0 0 11 
11 0 0 0 0 0 0 0 0 11 0 0 0 11 0 0 0 11 0 11 0 0 11 0 0 0 0 0 0 0 0 0 11 0 0 0 0 0 11 
11 0 11 0 11 0 0 0 0 0 11 0 0 0 0 0 0 0 0 0 11 0 11 0 0 0 0 0 11 0 0 0 0 0 0 0 0 0 11 
11 0 0 0 0 0 0 0 11 11 11 11 0 0 0 0 11 0 0 0 0 11 0 0 0 0 0 0 0 0 11 0 0 11 11 0 0 0 11 
11 0 0 11 0 0 0 0 0 0 0 0 11 11 0 0 0 0 0 0 0 11 0 11 0 0 0 11 0 0 0 0 0 0 0 0 0 11 11 
11 0 0 0 0 0 0 0 0 0 0 11 0 0 0 0 0 0 0 11 0 0 11 0 11 0 0 0 0 11 0 0 0 0 0 0 11 0 11 
11 0 0 11 0 11 0 0 0 0 0 11 0 11 0 0 0 0 0 0 0 11 0 0 0 11 0 0 0 0 0 0 0 0 0 0 0 0 11 
11 0 0 0 0 0 0 0 0 0 0 0 0 11 0 0 11 11 11 0 11 11 0 0 0 11 0 11 0 0 0 0 11 0 0 0 0 0 11 
11 11 0 11 11 0 11 0 0 0 0 0 0 0 0 0 11 0 0 11 0 0 0 0 0 0 0 11 0 11 0 0 0 11 0 11 11 0 11 
11 0 0 0 0 0 0 0 11 11 0 0 0 0 0 0 0 0 0 0 0 0 0 11 0 0 0 0 15 0 11 0 0 0 0 0 0 11 11 
11 11 0 0 0 11 0 0 11 0 11 11 0 0 0 0 0 0 0 11 0 0 0 0 0 0 0 0 0 0 0 0 11 0 0 0 0 0 11 
11 0 0 0 0 0 11 0 0 0 0 0 0 0 0 0 0 0 0 0 0 0 0 11 11 0 11 0 15 0 0 0 0 11 0 11 0 0 11 
11 0 0 0 0 0 0 0 0 11 0 11 0 15 11 0 0 0 0 0 0 0 11 0 0 0 0 0 0 0 0 0 0 0 0 0 0 11 11 
11 0 0 0 0 0 0 0 0 11 0 11 0 0 11 0 0 0 0 0 0 0 0 0 11 0 11 11 0 0 0 11 0 0 0 11 0 0 11 
11 0 0 0 0 0 0 0 0 0 0 0 0 11 0 0 0 0 0 0 11 0 0 0 11 11 11 0 0 0 11 0 0 0 0 0 0 0 11 
11 0 0 0 0 0 0 0 0 0 0 0 0 0 11 0 0 0 0 0 0 0 11 0 0 0 0 0 11 0 11 0 0 0 11 0 11 0 11 
11 0 0 0 11 0 0 0 0 0 0 0 0 0 0 0 0 0 11 0 0 0 0 11 0 0 0 0 0 0 11 0 0 0 0 0 0 0 11 
11 0 0 0 11 0 0 0 0 0 0 0 0 0 0 0 0 0 0 0 0 0 0 11 0 0 0 0 0 0 0 0 0 0 0 0 0 0 11 
11 0 11 0 11 0 0 0 11 11 11 0 0 11 0 0 0 0 0 11 0 11 0 0 0 0 0 0 0 11 0 0 11 0 0 11 0 0 11 
11 11 11 11 11 11 11 11 11 11 11 11 11 11 11 11 11 11 11 11 11 11 11 11 11 11 11 11 11 11 11 11 11 11 11 11 11 11 11 

16126
11 11 11 11 11 11 11 11 11 11 11 11 11 11 11 11 11 11 11 11 11 11 11 11 11 11 11 11 11 11 11 11 11 11 11 11 11 11 11 
11 0 0 11 0 0 11 0 0 0 0 0 0 0 0 0 0 0 0 11 11 0 0 11 0 0 0 0 0 0 11 11 0 0 11 0 0 11 11 
11 0 0 0 0 0 0 0 0 15 11 0 0 0 0 0 0 0 0 11 0 0 0 0 0 0 0 0 0 11 0 0 0 0 0 0 0 11 11 
11 0 0 0 0 0 11 0 0 0 11 0 11 11 0 0 0 0 0 0 0 11 0 0 0 0 0 11 0 0 11 0 0 0 0 0 0 11 11 
11 0 0 0 0 0 0 0 0 0 0 0 0 0 0 11 0 0 0 0 0 0 0 0 11 11 0 11 11 0 0 0 0 11 0 0 0 0 11 
11 0 0 11 0 0 0 0 0 11 0 11 0 0 11 0 0 11 0 0 0 0 0 0 11 0 0 0 11 0 0 0 0 0 11 11 11 0 11 
11 11 0 0 0 0 14 0 0 11 0 0 0 0 0 0 0 11 0 0 0 0 0 0 0 0 0 11 0 0 0 0 11 0 0 0 0 0 11 
11 0 0 0 0 11 0 11 0 11 11 11 0 11 11 11 0 11 0 11 0 0 11 0 0 0 0 11 0 0 0 0 0 0 0 0 0 0 11 
11 0 0 0 0 0 11 11 0 11 0 0 11 11 0 0 0 11 0 0 0 0 0 0 0 0 0 0 0 0 0 0 11 11 0 0 0 0 11 
11 0 0 0 0 0 0 11 0 15 11 0 11 0 0 0 0 11 0 11 0 0 0 0 0 11 0 0 0 0 15 0 0 0 0 0 0 0 11 
11 0 11 0 0 0 0 0 15 11 0 0 11 0 0 0 0 11 0 0 0 11 11 0 0 0 0 0 0 0 0 0 0 0 0 0 0 0 11 
11 0 0 11 0 11 11 11 0 0 0 0 11 0 0 0 0 0 11 0 0 0 11 11 0 0 0 0 11 0 0 11 0 0 0 0 0 0 11 
11 0 0 0 0 0 11 0 11 11 11 11 0 11 0 0 11 0 0 0 0 0 0 0 0 0 11 11 0 0 0 0 0 0 0 0 0 0 11 
11 0 0 0 0 0 0 0 0 0 0 11 0 0 0 0 0 11 0 0 11 11 0 0 0 0 0 11 0 0 0 11 11 0 0 0 0 0 11 
11 0 0 0 0 0 0 0 0 0 0 11 0 11 0 0 0 0 0 0 0 0 0 0 0 0 0 0 0 0 0 11 0 11 0 0 0 0 11 
11 11 0 0 0 0 0 0 0 0 0 11 0 11 0 0 0 0 0 0 0 0 0 0 0 0 0 0 11 11 11 0 0 0 0 0 0 0 11 
11 0 0 0 0 0 0 0 0 11 0 0 0 11 0 0 0 11 0 11 0 0 11 0 0 0 0 0 0 0 0 0 11 0 0 0 0 0 11 
11 0 11 0 11 0 0 0 0 0 11 0 0 0 0 0 0 0 0 0 11 0 11 0 0 0 0 0 11 0 0 0 0 0 0 0 0 0 11 
11 0 0 0 0 0 0 0 11 11 11 11 0 0 0 0 11 0 0 0 0 11 0 0 0 0 0 0 0 0 11 0 0 11 11 0 0 0 11 
11 0 0 11 0 0 0 0 0 0 0 0 11 11 0 0 0 0 0 0 0 11 0 11 0 0 0 11 0 0 0 0 0 0 0 0 0 11 11 
11 0 0 0 0 0 0 0 0 0 0 11 0 0 0 0 0 0 0 11 0 0 11 0 11 0 0 0 0 11 0 0 0 0 0 0 11 0 11 
11 0 0 11 0 11 0 0 0 0 0 11 0 11 0 0 0 0 0 0 0 11 0 0 0 11 0 0 0 0 0 0 0 0 0 0 0 0 11 
11 0 0 0 0 0 0 0 0 0 0 0 0 11 0 0 11 11 11 0 11 11 0 0 0 11 0 11 0 0 0 0 11 0 0 0 0 0 11 
11 11 0 11 11 0 11 0 0 0 0 0 0 0 0 0 11 0 0 11 0 0 0 0 0 0 0 11 0 11 14 0 0 11 0 11 11 0 11 
11 0 0 0 0 0 0 0 11 11 0 0 0 0 0 0 0 0 0 0 0 0 0 11 0 0 0 0 14 0 11 0 0 0 0 0 0 11 11 
11 11 0 0 0 11 0 0 11 0 11 11 0 0 0 0 0 0 0 11 0 0 0 0 0 0 0 0 0 0 0 0 11 0 0 0 0 0 11 
11 0 0 0 0 0 11 0 0 0 0 0 0 0 0 0 0 0 0 0 0 0 0 11 11 0 11 0 0 0 0 0 0 11 0 11 0 0 11 
11 0 0 0 0 0 0 0 0 11 0 11 0 0 11 0 0 0 0 15 0 0 11 0 0 0 0 0 0 0 0 0 0 11 0 0 0 11 11 
11 0 0 0 0 0 0 0 0 11 0 11 0 0 11 0 0 0 0 0 0 0 0 0 11 0 11 11 0 0 0 11 0 0 0 11 0 0 11 
11 0 0 0 0 0 0 0 0 0 0 0 0 11 0 0 0 0 0 0 11 0 0 0 11 11 11 0 0 0 11 0 0 0 0 0 0 11 11 
11 0 0 0 0 0 0 0 12 11 0 0 0 0 11 0 0 0 0 0 0 0 11 0 0 0 0 0 11 0 11 0 0 0 11 0 11 0 11 
11 0 0 0 11 0 0 0 0 0 0 0 0 0 0 0 0 0 11 0 0 0 0 11 0 0 0 0 0 0 11 0 0 0 0 0 0 0 11 
11 0 0 0 11 0 0 0 0 0 0 0 0 0 0 0 0 0 0 0 0 0 0 11 0 0 0 0 0 0 0 0 0 0 0 0 0 0 11 
11 0 11 0 11 0 0 0 11 11 0 14 0 11 0 0 0 0 0 11 0 11 0 0 0 0 0 0 0 11 0 0 11 0 0 11 0 0 11 
11 11 11 11 11 11 11 11 11 11 11 11 11 11 11 11 11 11 11 11 11 11 11 11 11 11 11 11 11 11 11 11 11 11 11 11 11 11 11 

16126
11 11 11 11 11 11 11 11 11 11 11 11 11 11 11 11 11 11 11 11 11 11 11 11 11 11 11 11 11 11 11 11 11 11 11 11 11 11 11 
11 0 0 11 0 0 11 0 0 0 0 0 0 0 0 0 0 0 0 11 11 0 0 11 0 0 0 0 0 0 11 11 0 0 11 0 0 11 11 
11 0 0 0 0 0 0 0 0 15 11 0 0 0 0 0 0 0 0 11 0 0 0 0 0 0 0 0 0 11 0 0 0 0 0 0 0 11 11 
11 0 0 0 0 0 11 0 0 0 11 0 11 11 0 0 0 0 0 0 0 11 0 0 0 0 0 11 0 0 11 0 0 0 0 0 0 11 11 
11 0 0 0 0 0 0 0 0 0 0 0 0 0 0 11 0 0 0 0 0 0 0 0 11 11 0 11 11 0 0 0 0 11 0 0 0 0 11 
11 0 0 11 0 0 0 0 0 11 0 11 0 0 11 0 0 11 0 0 0 0 0 0 11 0 0 0 11 0 0 0 0 0 11 11 11 0 11 
11 11 0 0 0 0 14 0 0 11 0 0 0 0 0 0 0 11 0 0 0 0 0 0 0 0 0 11 0 0 0 0 11 0 0 0 0 0 11 
11 0 0 0 0 11 0 11 0 11 11 11 0 11 11 11 0 11 0 11 0 0 11 0 0 0 0 11 0 0 0 0 0 0 0 0 0 0 11 
11 0 0 0 0 0 11 11 0 11 0 0 11 11 0 0 0 11 0 0 0 0 0 0 0 0 0 0 0 0 0 0 11 11 0 0 0 0 11 
11 0 0 0 0 0 0 11 0 15 11 0 11 0 0 0 0 11 0 11 0 0 0 0 0 11 0 0 0 0 15 0 0 0 0 0 0 0 11 
11 0 11 0 0 0 0 0 15 11 0 0 11 0 0 0 0 11 0 0 0 11 11 0 0 0 0 0 0 0 0 0 0 0 0 0 0 0 11 
11 0 0 11 0 11 11 11 0 0 0 0 11 0 0 0 0 0 11 0 0 0 11 11 0 0 0 0 11 0 0 11 0 0 0 0 0 0 11 
11 0 0 0 0 0 11 0 11 11 11 11 0 11 0 0 11 0 0 0 0 0 0 0 0 0 11 11 0 0 0 0 0 0 0 0 0 0 11 
11 0 0 0 0 0 0 0 0 0 0 11 0 0 0 0 0 11 0 0 11 11 0 0 0 0 0 11 0 0 0 11 11 0 0 0 0 0 11 
11 0 0 0 0 0 0 0 0 0 0 11 0 11 0 0 0 0 0 0 0 0 0 0 0 0 0 0 0 0 0 11 0 11 0 0 0 0 11 
11 11 0 0 0 0 0 0 0 0 0 11 0 11 0 0 0 0 0 0 0 0 0 0 0 0 0 0 11 11 11 0 0 0 0 0 0 0 11 
11 0 0 0 0 0 0 0 0 11 0 0 0 11 0 0 0 11 0 11 0 0 11 0 0 0 0 0 0 0 0 0 11 0 0 0 0 0 11 
11 0 11 0 11 0 0 0 0 0 11 0 0 0 0 0 0 0 0 0 11 0 11 0 0 0 0 0 11 0 0 0 0 0 0 0 0 0 11 
11 0 0 0 0 0 0 0 11 11 11 11 0 0 0 0 11 0 0 0 0 11 0 0 0 0 0 0 0 0 11 0 0 11 11 0 0 0 11 
11 0 0 11 0 0 0 0 0 0 0 0 11 11 0 0 0 0 0 0 0 11 0 11 0 0 0 11 0 0 0 0 0 0 0 0 0 11 11 
11 0 0 0 0 0 0 0 0 0 0 11 0 0 0 0 0 0 0 11 0 0 11 0 11 0 0 0 0 11 0 0 0 0 0 0 11 0 11 
11 0 0 11 0 11 0 0 0 0 0 11 0 11 0 0 0 0 0 0 0 11 0 0 0 11 0 0 0 0 0 0 0 0 0 0 0 0 11 
11 0 0 0 0 0 0 0 0 0 0 0 0 11 0 0 11 11 11 0 11 11 0 0 0 11 0 11 0 0 0 0 11 0 0 0 0 0 11 
11 11 0 11 11 0 11 0 0 0 0 0 0 0 0 0 11 0 0 11 0 0 0 0 0 0 0 11 0 11 14 0 0 11 0 11 11 0 11 
11 0 0 0 0 0 0 0 11 11 0 0 0 0 0 0 0 0 0 0 0 0 0 11 0 0 0 0 14 0 11 0 0 0 0 0 0 11 11 
11 11 0 0 0 11 0 0 11 0 11 11 0 0 0 0 0 0 0 11 0 0 0 0 0 0 0 0 0 0 0 0 11 0 0 0 0 0 11 
11 0 0 0 0 0 11 0 0 0 0 0 0 0 0 0 0 0 0 0 0 0 0 11 11 0 11 0 0 0 0 0 0 11 0 11 0 0 11 
11 0 0 0 0 0 0 0 0 11 0 11 0 0 11 0 0 0 0 15 0 0 11 0 0 0 0 0 0 0 0 0 0 11 0 0 0 11 11 
11 0 0 0 0 0 0 0 0 11 0 11 0 0 11 0 0 0 0 0 0 0 0 0 11 0 11 11 0 0 0 11 0 0 0 11 0 0 11 
11 0 0 0 0 0 0 0 0 0 0 0 0 11 0 0 0 0 0 0 11 0 0 0 11 11 11 0 0 0 11 0 0 0 0 0 0 11 11 
11 0 0 0 0 0 0 0 12 11 0 0 0 0 11 0 0 0 0 0 0 0 11 0 0 0 0 0 11 0 11 0 0 0 11 0 11 0 11 
11 0 0 0 11 0 0 0 0 0 0 0 0 0 0 0 0 0 11 0 0 0 0 11 0 0 0 0 0 0 11 0 0 0 0 0 0 0 11 
11 0 0 0 11 0 0 0 0 0 0 0 0 0 0 0 0 0 0 0 0 0 0 11 0 0 0 0 0 0 0 0 0 0 0 0 0 0 11 
11 0 11 0 11 0 0 0 11 11 0 14 0 11 0 0 0 0 0 11 0 11 0 0 0 0 0 0 0 11 0 0 11 0 0 11 0 0 11 
11 11 11 11 11 11 11 11 11 11 11 11 11 11 11 11 11 11 11 11 11 11 11 11 11 11 11 11 11 11 11 11 11 11 11 11 11 11 11 

16126
11 11 11 11 11 11 11 11 11 11 11 11 11 11 11 11 11 11 11 11 11 11 11 11 11 11 11 11 11 11 11 11 11 11 11 11 11 11 11 
11 0 0 11 0 0 11 0 0 0 0 0 0 0 0 0 0 0 0 11 11 0 0 11 0 0 0 0 0 0 11 11 0 0 11 0 0 11 11 
11 0 0 0 0 0 0 0 0 15 11 0 0 0 0 0 0 0 0 11 0 0 0 0 0 0 0 0 0 11 0 0 0 0 0 0 0 11 11 
11 0 0 0 0 0 11 0 0 0 11 0 11 11 0 0 0 0 0 0 0 11 0 0 0 0 0 11 0 0 11 0 0 0 0 0 0 11 11 
11 0 0 0 0 0 0 0 0 0 0 0 0 0 0 11 0 0 0 0 0 0 0 0 11 11 0 11 11 0 0 0 0 11 0 0 0 0 11 
11 0 0 11 0 0 0 0 0 11 0 11 0 0 11 0 0 11 0 0 0 0 0 0 11 0 0 0 11 0 0 0 0 0 11 11 11 0 11 
11 11 0 0 0 0 14 0 0 11 0 0 0 0 0 0 0 11 0 0 0 0 0 0 0 0 0 11 0 0 0 0 11 0 0 0 0 0 11 
11 0 0 0 0 11 0 11 0 11 11 11 0 11 11 11 0 11 0 11 0 0 11 0 0 0 0 11 0 0 0 0 0 0 0 0 0 0 11 
11 0 0 0 0 0 11 11 0 11 0 0 11 11 0 0 0 11 0 0 0 0 0 0 0 0 0 0 0 0 0 0 11 11 0 0 0 0 11 
11 0 0 0 0 0 0 11 0 15 11 0 11 0 0 0 0 11 0 11 0 0 0 0 0 11 0 0 0 0 15 0 0 0 0 0 0 0 11 
11 0 11 0 0 0 0 0 15 11 0 0 11 0 0 0 0 11 0 0 0 11 11 0 0 0 0 0 0 0 0 0 0 0 0 0 0 0 11 
11 0 0 11 0 11 11 11 0 0 0 0 11 0 0 0 0 0 11 0 0 0 11 11 0 0 0 0 11 0 0 11 0 0 0 0 0 0 11 
11 0 0 0 0 0 11 0 11 11 11 11 0 11 0 0 11 0 0 0 0 0 0 0 0 0 11 11 0 0 0 0 0 0 0 0 0 0 11 
11 0 0 0 0 0 0 0 0 0 0 11 0 0 0 0 0 11 0 0 11 11 0 0 0 0 0 11 0 0 0 11 11 0 0 0 0 0 11 
11 0 0 0 0 0 0 0 0 0 0 11 0 11 0 0 0 0 0 0 0 0 0 0 0 0 0 0 0 0 0 11 0 11 0 0 0 0 11 
11 11 0 0 0 0 0 0 0 0 0 11 0 11 0 0 0 0 0 0 0 0 0 0 0 0 0 0 11 11 11 0 0 0 0 0 0 0 11 
11 0 0 0 0 0 0 0 0 11 0 0 0 11 0 0 0 11 0 11 0 0 11 0 0 0 0 0 0 0 0 0 11 0 0 0 0 0 11 
11 0 11 0 11 0 0 0 0 0 11 0 0 0 0 0 0 0 0 0 11 0 11 0 0 0 0 0 11 0 0 0 0 0 0 0 0 0 11 
11 0 0 0 0 0 0 0 11 11 11 11 0 0 0 0 11 0 0 0 0 11 0 0 0 0 0 0 0 0 11 0 0 11 11 0 0 0 11 
11 0 0 11 0 0 0 0 0 0 0 0 11 11 0 0 0 0 0 0 0 11 0 11 0 0 0 11 0 0 0 0 0 0 0 0 0 11 11 
11 0 0 0 0 0 0 0 0 0 0 11 0 0 0 0 0 0 0 11 0 0 11 0 11 0 0 0 0 11 0 0 0 0 0 0 11 0 11 
11 0 0 11 0 11 0 0 0 0 0 11 0 11 0 0 0 0 0 0 0 11 0 0 0 11 0 0 0 0 0 0 0 0 0 0 0 0 11 
11 0 0 0 0 0 0 0 0 0 0 0 0 11 0 0 11 11 11 0 11 11 0 0 0 11 0 11 0 0 0 0 11 0 0 0 0 0 11 
11 11 0 11 11 0 11 0 0 0 0 0 0 0 0 0 11 0 0 11 0 0 0 0 0 0 0 11 0 11 14 0 0 11 0 11 11 0 11 
11 0 0 0 0 0 0 0 11 11 0 0 0 0 0 0 0 0 0 0 0 0 0 11 0 0 0 0 14 0 11 0 0 0 0 0 0 11 11 
11 11 0 0 0 11 0 0 11 0 11 11 0 0 0 0 0 0 0 11 0 0 0 0 0 0 0 0 0 0 0 0 11 0 0 0 0 0 11 
11 0 0 0 0 0 11 0 0 0 0 0 0 0 0 0 0 0 0 0 0 0 0 11 11 0 11 0 0 0 0 0 0 11 0 11 0 0 11 
11 0 0 0 0 0 0 0 0 11 0 11 0 0 11 0 0 0 0 15 0 0 11 0 0 0 0 0 0 0 0 0 0 11 0 0 0 11 11 
11 0 0 0 0 0 0 0 0 11 0 11 0 0 11 0 0 0 0 0 0 0 0 0 11 0 11 11 0 0 0 11 0 0 0 11 0 0 11 
11 0 0 0 0 0 0 0 0 0 0 0 0 11 0 0 0 0 0 0 11 0 0 0 11 11 11 0 0 0 11 0 0 0 0 0 0 11 11 
11 0 0 0 0 0 0 0 12 11 0 0 0 0 11 0 0 0 0 0 0 0 11 0 0 0 0 0 11 0 11 0 0 0 11 0 11 0 11 
11 0 0 0 11 0 0 0 0 0 0 0 0 0 0 0 0 0 11 0 0 0 0 11 0 0 0 0 0 0 11 0 0 0 0 0 0 0 11 
11 0 0 0 11 0 0 0 0 0 0 0 0 0 0 0 0 0 0 0 0 0 0 11 0 0 0 0 0 0 0 0 0 0 0 0 0 0 11 
11 0 11 0 11 0 0 0 11 11 0 14 0 11 0 0 0 0 0 11 0 11 0 0 0 0 0 0 0 11 0 0 11 0 0 11 0 0 11 
11 11 11 11 11 11 11 11 11 11 11 11 11 11 11 11 11 11 11 11 11 11 11 11 11 11 11 11 11 11 11 11 11 11 11 11 11 11 11 

16260
11 11 11 11 11 11 11 11 11 11 11 11 11 11 11 11 11 11 11 11 11 11 11 11 11 11 11 11 11 11 11 11 11 11 11 11 11 11 11 
11 0 0 11 0 0 11 0 0 0 0 0 0 0 0 0 0 0 11 11 11 0 0 11 0 0 0 0 0 0 11 11 0 0 11 0 0 11 11 
11 0 0 0 0 0 0 0 0 0 11 0 0 0 0 0 0 0 0 11 0 0 0 0 0 0 0 0 0 11 0 0 0 0 0 0 0 11 11 
11 0 0 0 0 0 11 0 0 0 11 0 11 11 0 0 0 0 0 0 0 11 0 0 0 0 0 11 0 0 11 0 0 0 0 0 0 11 11 
11 0 0 0 0 0 0 0 0 0 0 0 0 0 0 11 0 0 0 0 0 0 0 0 11 11 0 11 11 0 0 0 0 11 0 0 0 0 11 
11 0 0 11 0 0 15 0 0 11 0 11 0 0 11 0 0 11 0 0 0 0 0 0 11 0 0 0 11 0 0 0 0 0 11 11 11 0 11 
11 11 0 0 0 15 0 0 0 11 15 15 15 0 0 0 0 11 0 11 0 0 0 0 0 0 0 11 0 0 0 0 11 0 0 0 0 0 11 
11 0 0 0 0 11 0 11 0 11 11 11 0 11 11 11 0 11 0 11 0 0 11 0 0 0 0 11 0 0 0 0 15 0 0 0 0 0 11 
11 0 0 0 0 0 11 11 0 11 0 0 11 11 0 0 0 11 0 0 0 0 0 0 0 0 0 0 0 0 0 0 11 11 0 0 0 0 11 
11 0 0 0 0 0 0 11 0 0 11 0 11 0 0 0 0 11 0 11 0 0 0 0 0 11 0 0 0 0 0 0 0 0 0 0 0 0 11 
11 0 11 0 0 0 0 0 0 0 0 0 11 0 0 0 0 11 0 0 0 11 11 0 0 0 0 0 0 0 0 0 0 0 0 0 0 0 11 
11 0 0 11 0 11 11 11 0 0 0 0 11 0 0 0 0 0 11 0 0 0 11 11 0 0 0 0 11 0 0 11 0 0 0 0 0 0 11 
11 0 0 0 0 0 11 0 11 11 11 11 0 11 0 0 11 11 0 0 0 0 0 0 0 0 11 11 0 11 0 0 0 0 0 0 0 0 11 
11 0 0 0 0 0 0 0 0 0 0 11 0 0 0 0 0 11 0 0 11 11 0 0 0 0 0 11 0 0 0 11 11 0 0 0 0 0 11 
11 0 0 0 0 11 0 0 0 0 0 11 0 11 0 0 0 0 0 0 0 0 0 0 0 0 0 0 0 0 0 11 0 11 0 0 0 0 11 
11 11 0 0 0 0 0 0 11 0 0 11 0 11 0 0 0 0 0 0 0 0 0 0 0 0 0 0 11 11 11 0 0 0 0 0 0 0 11 
11 0 0 0 0 0 0 0 0 11 0 0 0 11 0 0 0 11 0 11 0 0 11 0 0 0 0 0 0 0 0 0 11 0 0 0 0 0 11 
11 0 11 0 0 0 0 0 0 0 0 0 0 0 0 0 0 0 0 0 11 0 11 0 0 0 0 0 11 0 0 0 0 0 0 0 0 0 11 
11 0 0 0 0 0 0 0 0 11 11 11 0 0 0 0 11 0 0 0 0 11 0 0 0 0 0 0 0 0 11 0 0 11 11 0 0 0 11 
11 0 0 11 0 0 0 0 0 0 0 0 11 11 0 0 0 0 0 0 0 11 0 11 0 0 0 11 0 0 0 0 0 0 0 0 0 11 11 
11 0 0 0 0 0 0 0 0 0 0 0 0 0 0 0 0 0 0 11 0 0 11 0 11 0 0 0 0 11 0 0 0 0 0 0 11 0 11 
11 0 0 11 0 11 0 0 0 0 0 11 0 11 0 0 0 0 0 0 0 11 0 0 0 11 0 0 0 0 0 0 0 0 0 0 0 0 11 
11 0 0 0 0 0 0 0 0 0 0 0 0 11 0 0 11 11 11 0 11 11 0 0 11 11 0 0 0 0 0 0 11 0 0 0 0 0 11 
11 11 0 0 11 0 11 0 0 0 0 0 0 0 0 0 11 0 0 11 0 0 0 0 0 0 0 11 0 11 0 0 0 11 0 11 11 0 11 
11 0 0 0 0 0 0 0 11 11 0 0 0 0 0 0 0 0 0 0 0 0 0 0 0 0 0 0 15 0 11 0 0 0 0 0 0 11 11 
11 11 0 0 0 11 0 0 11 0 11 0 0 0 0 0 0 0 0 11 0 0 0 0 0 0 0 0 0 0 0 0 11 0 0 0 0 0 11 
11 0 0 11 0 0 11 0 0 0 0 0 0 0 0 0 0 0 0 0 0 0 0 0 11 0 11 0 0 0 0 0 0 11 0 11 0 0 11 
11 0 0 0 0 0 0 0 0 11 0 11 0 0 11 0 11 0 0 0 0 0 11 0 0 0 0 0 0 0 0 0 0 0 0 0 0 11 11 
11 0 0 0 0 0 0 0 0 11 0 11 0 0 11 0 0 0 0 0 0 0 0 0 11 0 11 11 15 0 0 11 0 0 0 11 0 0 11 
11 0 0 0 0 0 0 0 0 0 0 0 0 11 0 0 0 0 0 0 11 0 0 0 11 11 11 0 0 0 11 0 0 0 0 0 0 0 11 
11 0 0 0 0 0 0 0 0 0 0 0 0 0 11 0 11 0 0 0 0 0 11 0 0 0 0 0 11 0 11 0 0 0 11 0 11 0 11 
11 0 0 0 11 0 0 0 0 0 0 0 0 0 0 0 0 0 11 0 0 0 0 11 0 0 0 0 0 0 11 0 0 0 0 0 0 0 11 
11 0 0 0 11 0 0 0 0 0 0 15 0 0 0 0 0 0 0 0 0 0 0 11 0 0 0 0 0 0 0 0 0 0 0 0 0 0 11 
11 0 11 0 11 0 0 0 11 11 0 0 0 11 0 0 0 0 0 11 0 11 0 0 0 0 0 0 0 11 0 0 11 0 0 11 0 0 11 
11 11 11 11 11 11 11 11 11 11 11 11 11 11 11 11 11 11 11 11 11 11 11 11 11 11 11 11 11 11 11 11 11 11 11 11 11 11 11 

16211
11 11 11 11 11 11 11 11 11 11 11 11 11 11 11 11 11 11 11 11 11 11 11 11 11 11 11 11 11 11 11 11 11 11 11 11 11 11 11 
11 0 0 11 0 0 11 0 0 0 0 0 0 0 0 0 0 0 11 11 11 0 0 11 0 0 0 0 0 0 11 11 0 0 11 0 0 11 11 
11 0 0 0 0 0 0 0 0 0 11 0 0 0 0 0 0 0 0 11 0 0 0 0 0 0 0 0 0 11 0 0 0 0 0 0 0 11 11 
11 0 0 0 0 0 11 0 0 0 11 0 11 11 0 0 0 0 0 0 0 11 0 0 0 0 0 11 0 0 11 0 0 0 0 0 0 11 11 
11 0 0 0 0 0 0 0 0 0 0 0 0 0 0 11 0 0 0 0 0 0 0 0 11 11 0 11 11 0 0 0 0 11 0 0 0 0 11 
11 0 0 11 0 0 0 0 0 11 0 11 15 15 11 0 0 11 0 0 0 0 0 0 11 0 0 0 11 0 0 0 0 0 11 11 11 0 11 
11 11 0 0 0 0 0 0 0 11 0 0 0 0 0 0 0 11 0 11 0 0 0 0 0 0 0 11 0 0 0 0 11 0 0 0 0 0 11 
11 0 0 0 0 11 0 11 0 11 11 11 0 11 11 11 0 11 0 11 0 0 11 0 0 0 0 11 0 0 0 0 0 0 0 0 0 0 11 
11 0 0 0 0 0 11 11 0 11 0 0 11 11 0 0 0 11 0 0 0 0 0 0 0 0 0 0 0 0 0 0 11 11 0 0 0 0 11 
11 0 0 0 0 0 0 11 15 0 11 0 11 0 0 0 0 11 0 11 0 0 0 0 0 11 0 0 0 15 0 0 0 0 0 0 0 0 11 
11 0 11 0 0 0 0 0 0 0 0 0 11 0 0 0 0 11 0 0 0 11 11 0 0 0 0 0 0 0 0 0 0 0 0 0 0 0 11 
11 0 0 11 0 11 11 11 0 15 0 0 11 0 0 0 0 0 11 0 0 0 11 11 0 0 0 0 11 0 0 11 0 0 0 0 0 0 11 
11 0 0 0 0 0 11 0 11 11 11 11 0 11 0 0 11 11 0 0 0 0 0 0 0 0 11 11 0 11 0 0 0 0 0 0 0 0 11 
11 0 0 0 0 0 0 0 0 0 0 11 0 0 0 0 0 11 0 0 11 11 0 0 0 0 0 11 0 0 0 11 11 0 0 0 0 0 11 
11 0 0 0 0 11 0 0 0 0 0 11 0 11 0 0 0 0 0 0 0 0 0 0 0 0 0 0 0 0 0 11 0 11 0 0 0 0 11 
11 11 0 0 0 0 0 0 11 0 0 11 0 11 0 0 0 0 0 0 0 0 0 0 0 0 0 0 11 11 11 0 0 0 0 0 0 0 11 
11 0 0 0 0 0 0 0 0 11 0 0 0 11 0 0 0 11 0 11 0 0 11 0 0 0 0 0 0 0 0 0 11 0 0 0 0 0 11 
11 0 11 0 0 0 0 0 0 0 0 0 0 0 0 0 0 0 0 0 11 0 11 0 0 0 0 0 11 0 0 0 0 0 0 0 0 0 11 
11 0 0 0 0 0 0 0 0 11 11 11 0 0 0 0 11 0 0 0 0 11 0 0 0 0 0 0 0 0 11 0 0 11 11 0 0 0 11 
11 0 0 11 0 0 0 0 0 0 0 0 11 11 0 0 0 0 0 0 0 11 0 11 0 0 0 11 0 0 0 0 0 0 0 0 0 11 11 
11 0 0 0 0 0 0 0 0 0 0 0 0 0 0 0 0 0 0 11 0 0 11 0 11 0 0 0 0 11 0 0 0 0 0 0 11 0 11 
11 0 0 11 0 11 0 0 0 0 0 11 0 11 0 0 0 0 0 0 0 11 0 0 0 0 0 0 0 0 0 0 0 0 0 0 0 0 11 
11 0 0 0 0 0 0 0 0 0 0 0 0 11 0 0 11 11 11 0 11 11 0 0 11 11 0 0 0 0 15 0 11 0 0 0 0 0 11 
11 11 0 0 11 0 11 0 0 0 0 0 0 0 0 0 11 0 0 11 0 0 0 0 0 0 0 11 0 11 0 0 0 11 0 11 11 0 11 
11 0 0 0 0 0 0 0 11 11 0 0 0 0 0 0 0 0 0 0 0 0 0 0 0 0 0 0 15 13 11 0 0 0 0 0 0 11 11 
11 11 0 0 0 11 0 0 11 0 11 0 0 0 0 0 0 0 0 11 0 15 0 0 0 0 0 0 0 0 0 0 11 0 0 0 0 0 11 
11 0 0 11 0 0 11 0 0 0 0 0 0 0 0 0 0 0 0 0 0 0 0 0 11 0 11 0 0 0 0 0 0 11 0 11 0 0 11 
11 0 0 0 0 0 0 0 0 11 0 11 0 0 11 0 11 0 0 0 0 0 11 0 0 0 0 0 0 0 0 0 0 0 0 0 0 11 11 
11 0 0 0 0 0 0 0 0 11 0 11 0 0 11 0 0 0 0 0 0 0 0 0 11 0 11 11 0 0 0 11 0 0 0 11 0 0 11 
11 0 0 0 0 0 0 0 0 0 0 0 0 11 0 0 0 0 0 0 11 0 0 0 11 11 11 0 0 0 11 0 0 0 0 0 0 0 11 
11 0 0 0 0 0 0 0 0 0 0 0 0 0 11 0 11 0 0 0 0 0 11 0 0 0 0 0 11 0 11 0 0 0 11 0 11 0 11 
11 0 0 0 11 0 0 0 0 0 0 0 0 0 0 0 0 0 11 0 0 0 0 11 0 0 0 0 0 0 11 0 0 0 0 0 0 0 11 
11 0 0 0 11 0 0 0 0 0 0 0 0 0 0 0 0 0 0 0 0 0 0 11 0 0 0 0 0 0 0 0 0 0 0 0 0 0 11 
11 0 11 0 11 0 0 0 11 11 0 0 15 11 0 0 0 0 0 11 0 11 0 0 0 0 0 0 0 11 0 0 11 0 0 11 0 0 11 
11 11 11 11 11 11 11 11 11 11 11 11 11 11 11 11 11 11 11 11 11 11 11 11 11 11 11 11 11 11 11 11 11 11 11 11 11 11 11 

16211
11 11 11 11 11 11 11 11 11 11 11 11 11 11 11 11 11 11 11 11 11 11 11 11 11 11 11 11 11 11 11 11 11 11 11 11 11 11 11 
11 0 0 11 0 0 11 0 0 0 0 0 0 0 0 0 0 0 11 11 11 0 0 11 0 0 0 0 0 0 11 11 0 0 11 0 0 11 11 
11 0 0 0 0 0 0 0 0 0 11 0 0 0 0 0 0 0 0 11 0 0 0 0 0 0 0 0 0 11 0 0 0 0 0 0 0 11 11 
11 0 0 0 0 0 11 0 0 0 11 0 11 11 0 0 0 0 0 0 0 11 0 0 0 0 0 11 0 0 11 0 0 0 0 0 0 11 11 
11 0 0 0 0 0 0 0 0 0 0 0 0 0 0 11 0 0 0 0 0 0 0 0 11 11 0 11 11 0 0 0 0 11 0 0 0 0 11 
11 0 0 11 0 0 0 0 0 11 0 11 15 15 11 0 0 11 0 0 0 0 0 0 11 0 0 0 11 0 0 0 0 0 11 11 11 0 11 
11 11 0 0 0 0 0 0 0 11 0 0 0 0 0 0 0 11 0 11 0 0 0 0 0 0 0 11 0 0 0 0 11 0 0 0 0 0 11 
11 0 0 0 0 11 0 11 0 11 11 11 0 11 11 11 0 11 0 11 0 0 11 0 0 0 0 11 0 0 0 0 0 0 0 0 0 0 11 
11 0 0 0 0 0 11 11 0 11 0 0 11 11 0 0 0 11 0 0 0 0 0 0 0 0 0 0 0 0 0 0 11 11 0 0 0 0 11 
11 0 0 0 0 0 0 11 15 0 11 0 11 0 0 0 0 11 0 11 0 0 0 0 0 11 0 0 0 15 0 0 0 0 0 0 0 0 11 
11 0 11 0 0 0 0 0 0 0 0 0 11 0 0 0 0 11 0 0 0 11 11 0 0 0 0 0 0 0 0 0 0 0 0 0 0 0 11 
11 0 0 11 0 11 11 11 0 15 0 0 11 0 0 0 0 0 11 0 0 0 11 11 0 0 0 0 11 0 0 11 0 0 0 0 0 0 11 
11 0 0 0 0 0 11 0 11 11 11 11 0 11 0 0 11 11 0 0 0 0 0 0 0 0 11 11 0 11 0 0 0 0 0 0 0 0 11 
11 0 0 0 0 0 0 0 0 0 0 11 0 0 0 0 0 11 0 0 11 11 0 0 0 0 0 11 0 0 0 11 11 0 0 0 0 0 11 
11 0 0 0 0 11 0 0 0 0 0 11 0 11 0 0 0 0 0 0 0 0 0 0 0 0 0 0 0 0 0 11 0 11 0 0 0 0 11 
11 11 0 0 0 0 0 0 11 0 0 11 0 11 0 0 0 0 0 0 0 0 0 0 0 0 0 0 11 11 11 0 0 0 0 0 0 0 11 
11 0 0 0 0 0 0 0 0 11 0 0 0 11 0 0 0 11 0 11 0 0 11 0 0 0 0 0 0 0 0 0 11 0 0 0 0 0 11 
11 0 11 0 0 0 0 0 0 0 0 0 0 0 0 0 0 0 0 0 11 0 11 0 0 0 0 0 11 0 0 0 0 0 0 0 0 0 11 
11 0 0 0 0 0 0 0 0 11 11 11 0 0 0 0 11 0 0 0 0 11 0 0 0 0 0 0 0 0 11 0 0 11 11 0 0 0 11 
11 0 0 11 0 0 0 0 0 0 0 0 11 11 0 0 0 0 0 0 0 11 0 11 0 0 0 11 0 0 0 0 0 0 0 0 0 11 11 
11 0 0 0 0 0 0 0 0 0 0 0 0 0 0 0 0 0 0 11 0 0 11 0 11 0 0 0 0 11 0 0 0 0 0 0 11 0 11 
11 0 0 11 0 11 0 0 0 0 0 11 0 11 0 0 0 0 0 0 0 11 0 0 0 0 0 0 0 0 0 0 0 0 0 0 0 0 11 
11 0 0 0 0 0 0 0 0 0 0 0 0 11 0 0 11 11 11 0 11 11 0 0 11 11 0 0 0 0 15 0 11 0 0 0 0 0 11 
11 11 0 0 11 0 11 0 0 0 0 0 0 0 0 0 11 0 0 11 0 0 0 0 0 0 0 11 0 11 0 0 0 11 0 11 11 0 11 
11 0 0 0 0 0 0 0 11 11 0 0 0 0 0 0 0 0 0 0 0 0 0 0 0 0 0 0 15 13 11 0 0 0 0 0 0 11 11 
11 11 0 0 0 11 0 0 11 0 11 0 0 0 0 0 0 0 0 11 0 15 0 0 0 0 0 0 0 0 0 0 11 0 0 0 0 0 11 
11 0 0 11 0 0 11 0 0 0 0 0 0 0 0 0 0 0 0 0 0 0 0 0 11 0 11 0 0 0 0 0 0 11 0 11 0 0 11 
11 0 0 0 0 0 0 0 0 11 0 11 0 0 11 0 11 0 0 0 0 0 11 0 0 0 0 0 0 0 0 0 0 0 0 0 0 11 11 
11 0 0 0 0 0 0 0 0 11 0 11 0 0 11 0 0 0 0 0 0 0 0 0 11 0 11 11 0 0 0 11 0 0 0 11 0 0 11 
11 0 0 0 0 0 0 0 0 0 0 0 0 11 0 0 0 0 0 0 11 0 0 0 11 11 11 0 0 0 11 0 0 0 0 0 0 0 11 
11 0 0 0 0 0 0 0 0 0 0 0 0 0 11 0 11 0 0 0 0 0 11 0 0 0 0 0 11 0 11 0 0 0 11 0 11 0 11 
11 0 0 0 11 0 0 0 0 0 0 0 0 0 0 0 0 0 11 0 0 0 0 11 0 0 0 0 0 0 11 0 0 0 0 0 0 0 11 
11 0 0 0 11 0 0 0 0 0 0 0 0 0 0 0 0 0 0 0 0 0 0 11 0 0 0 0 0 0 0 0 0 0 0 0 0 0 11 
11 0 11 0 11 0 0 0 11 11 0 0 15 11 0 0 0 0 0 11 0 11 0 0 0 0 0 0 0 11 0 0 11 0 0 11 0 0 11 
11 11 11 11 11 11 11 11 11 11 11 11 11 11 11 11 11 11 11 11 11 11 11 11 11 11 11 11 11 11 11 11 11 11 11 11 11 11 11 

16211
11 11 11 11 11 11 11 11 11 11 11 11 11 11 11 11 11 11 11 11 11 11 11 11 11 11 11 11 11 11 11 11 11 11 11 11 11 11 11 
11 0 0 11 0 0 11 0 0 0 0 0 0 0 0 0 0 0 11 11 11 0 0 11 0 0 0 0 0 0 11 11 0 0 11 0 0 11 11 
11 0 0 0 0 0 0 0 0 0 11 0 0 0 0 0 0 0 0 11 0 0 0 0 0 0 0 0 0 11 0 0 0 0 0 0 0 11 11 
11 0 0 0 0 0 11 0 0 0 11 0 11 11 0 0 0 0 0 0 0 11 0 0 0 0 0 11 0 0 11 0 0 0 0 0 0 11 11 
11 0 0 0 0 0 0 0 0 0 0 0 0 0 0 11 0 0 0 0 0 0 0 0 11 11 0 11 11 0 0 0 0 11 0 0 0 0 11 
11 0 0 11 0 0 0 0 0 11 0 11 15 15 11 0 0 11 0 0 0 0 0 0 11 0 0 0 11 0 0 0 0 0 11 11 11 0 11 
11 11 0 0 0 0 0 0 0 11 0 0 0 0 0 0 0 11 0 11 0 0 0 0 0 0 0 11 0 0 0 0 11 0 0 0 0 0 11 
11 0 0 0 0 11 0 11 0 11 11 11 0 11 11 11 0 11 0 11 0 0 11 0 0 0 0 11 0 0 0 0 0 0 0 0 0 0 11 
11 0 0 0 0 0 11 11 0 11 0 0 11 11 0 0 0 11 0 0 0 0 0 0 0 0 0 0 0 0 0 0 11 11 0 0 0 0 11 
11 0 0 0 0 0 0 11 15 0 11 0 11 0 0 0 0 11 0 11 0 0 0 0 0 11 0 0 0 15 0 0 0 0 0 0 0 0 11 
11 0 11 0 0 0 0 0 0 0 0 0 11 0 0 0 0 11 0 0 0 11 11 0 0 0 0 0 0 0 0 0 0 0 0 0 0 0 11 
11 0 0 11 0 11 11 11 0 15 0 0 11 0 0 0 0 0 11 0 0 0 11 11 0 0 0 0 11 0 0 11 0 0 0 0 0 0 11 
11 0 0 0 0 0 11 0 11 11 11 11 0 11 0 0 11 11 0 0 0 0 0 0 0 0 11 11 0 11 0 0 0 0 0 0 0 0 11 
11 0 0 0 0 0 0 0 0 0 0 11 0 0 0 0 0 11 0 0 11 11 0 0 0 0 0 11 0 0 0 11 11 0 0 0 0 0 11 
11 0 0 0 0 11 0 0 0 0 0 11 0 11 0 0 0 0 0 0 0 0 0 0 0 0 0 0 0 0 0 11 0 11 0 0 0 0 11 
11 11 0 0 0 0 0 0 11 0 0 11 0 11 0 0 0 0 0 0 0 0 0 0 0 0 0 0 11 11 11 0 0 0 0 0 0 0 11 
11 0 0 0 0 0 0 0 0 11 0 0 0 11 0 0 0 11 0 11 0 0 11 0 0 0 0 0 0 0 0 0 11 0 0 0 0 0 11 
11 0 11 0 0 0 0 0 0 0 0 0 0 0 0 0 0 0 0 0 11 0 11 0 0 0 0 0 11 0 0 0 0 0 0 0 0 0 11 
11 0 0 0 0 0 0 0 0 11 11 11 0 0 0 0 11 0 0 0 0 11 0 0 0 0 0 0 0 0 11 0 0 11 11 0 0 0 11 
11 0 0 11 0 0 0 0 0 0 0 0 11 11 0 0 0 0 0 0 0 11 0 11 0 0 0 11 0 0 0 0 0 0 0 0 0 11 11 
11 0 0 0 0 0 0 0 0 0 0 0 0 0 0 0 0 0 0 11 0 0 11 0 11 0 0 0 0 11 0 0 0 0 0 0 11 0 11 
11 0 0 11 0 11 0 0 0 0 0 11 0 11 0 0 0 0 0 0 0 11 0 0 0 0 0 0 0 0 0 0 0 0 0 0 0 0 11 
11 0 0 0 0 0 0 0 0 0 0 0 0 11 0 0 11 11 11 0 11 11 0 0 11 11 0 0 0 0 15 0 11 0 0 0 0 0 11 
11 11 0 0 11 0 11 0 0 0 0 0 0 0 0 0 11 0 0 11 0 0 0 0 0 0 0 11 0 11 0 0 0 11 0 11 11 0 11 
11 0 0 0 0 0 0 0 11 11 0 0 0 0 0 0 0 0 0 0 0 0 0 0 0 0 0 0 15 13 11 0 0 0 0 0 0 11 11 
11 11 0 0 0 11 0 0 11 0 11 0 0 0 0 0 0 0 0 11 0 15 0 0 0 0 0 0 0 0 0 0 11 0 0 0 0 0 11 
11 0 0 11 0 0 11 0 0 0 0 0 0 0 0 0 0 0 0 0 0 0 0 0 11 0 11 0 0 0 0 0 0 11 0 11 0 0 11 
11 0 0 0 0 0 0 0 0 11 0 11 0 0 11 0 11 0 0 0 0 0 11 0 0 0 0 0 0 0 0 0 0 0 0 0 0 11 11 
11 0 0 0 0 0 0 0 0 11 0 11 0 0 11 0 0 0 0 0 0 0 0 0 11 0 11 11 0 0 0 11 0 0 0 11 0 0 11 
11 0 0 0 0 0 0 0 0 0 0 0 0 11 0 0 0 0 0 0 11 0 0 0 11 11 11 0 0 0 11 0 0 0 0 0 0 0 11 
11 0 0 0 0 0 0 0 0 0 0 0 0 0 11 0 11 0 0 0 0 0 11 0 0 0 0 0 11 0 11 0 0 0 11 0 11 0 11 
11 0 0 0 11 0 0 0 0 0 0 0 0 0 0 0 0 0 11 0 0 0 0 11 0 0 0 0 0 0 11 0 0 0 0 0 0 0 11 
11 0 0 0 11 0 0 0 0 0 0 0 0 0 0 0 0 0 0 0 0 0 0 11 0 0 0 0 0 0 0 0 0 0 0 0 0 0 11 
11 0 11 0 11 0 0 0 11 11 0 0 15 11 0 0 0 0 0 11 0 11 0 0 0 0 0 0 0 11 0 0 11 0 0 11 0 0 11 
11 11 11 11 11 11 11 11 11 11 11 11 11 11 11 11 11 11 11 11 11 11 11 11 11 11 11 11 11 11 11 11 11 11 11 11 11 11 11 

16161
11 11 11 11 11 11 11 11 11 11 11 11 11 11 11 11 11 11 11 11 11 11 11 11 11 11 11 11 11 11 11 11 11 11 11 11 11 11 11 
11 0 0 11 0 0 11 0 0 0 0 0 0 0 0 0 0 0 11 11 11 0 0 11 0 0 0 0 0 0 11 11 0 0 11 0 0 11 11 
11 0 0 0 0 0 0 0 0 0 11 0 0 0 0 0 0 0 0 11 0 0 0 0 0 0 0 0 0 11 0 0 0 0 0 0 0 11 11 
11 0 0 0 0 0 11 0 0 0 11 0 11 11 0 0 0 0 0 0 0 11 0 0 0 0 0 11 0 0 11 0 0 0 0 0 0 11 11 
11 0 0 0 0 0 0 0 0 0 0 0 0 0 15 11 0 0 0 0 0 0 0 0 11 11 0 11 11 0 0 0 0 11 0 0 0 0 11 
11 0 0 11 0 0 0 0 0 11 0 11 0 0 11 0 0 11 0 0 0 0 0 0 11 0 0 0 11 0 0 15 0 0 11 11 11 0 11 
11 11 0 0 0 0 0 0 0 11 0 0 0 0 0 0 0 11 0 11 0 0 0 0 0 0 0 11 0 0 0 0 11 0 0 0 0 0 11 
11 0 0 0 0 11 0 11 0 11 11 11 0 11 11 11 0 11 0 11 0 0 11 0 0 0 0 11 0 0 0 0 0 0 0 0 0 0 11 
11 0 0 0 0 0 11 11 0 11 0 0 11 11 0 0 0 11 0 0 0 0 0 0 0 0 0 0 0 0 0 0 11 11 0 0 0 0 11 
11 0 0 0 0 0 15 11 0 15 11 0 11 0 0 0 0 11 0 11 0 0 0 0 0 11 0 0 0 0 0 0 0 0 0 0 0 0 11 
11 0 11 0 0 0 0 0 15 0 0 0 11 0 0 0 0 11 0 0 0 11 11 0 0 0 0 0 0 0 0 0 0 0 0 0 0 0 11 
11 0 0 11 0 11 11 11 0 0 0 0 11 0 0 0 0 0 11 0 0 0 11 11 0 0 0 0 11 0 0 11 0 0 0 0 0 0 11 
11 0 0 0 0 0 11 0 11 11 11 11 0 11 0 0 11 11 0 0 0 0 0 0 0 0 11 11 0 11 0 0 0 0 0 0 0 0 11 
11 0 0 0 0 0 0 0 0 0 0 11 0 0 0 0 0 11 0 0 11 11 0 0 0 0 0 11 0 0 0 11 11 0 0 0 0 0 11 
11 0 0 0 0 11 0 0 0 0 0 11 0 11 0 0 0 0 0 0 0 0 0 0 0 0 0 0 0 0 0 11 0 11 0 0 0 0 11 
11 11 0 0 0 0 0 0 11 0 0 11 0 11 0 0 0 0 0 0 0 0 0 0 0 0 0 0 11 11 11 0 0 0 0 0 0 0 11 
11 0 0 0 0 0 0 0 0 11 0 0 0 11 0 0 0 11 0 11 0 0 11 0 0 0 0 0 0 0 0 0 11 0 0 0 0 0 11 
11 0 11 0 0 0 0 0 0 0 0 0 0 0 0 0 0 0 0 0 11 0 11 0 0 0 0 0 11 0 0 0 0 0 0 0 0 0 11 
11 0 0 0 0 0 0 0 0 11 11 11 0 0 0 0 11 0 0 0 0 11 0 0 0 0 0 0 0 0 11 0 0 11 11 0 0 0 11 
11 0 0 11 0 0 0 0 0 0 0 0 11 11 0 0 0 0 0 0 0 11 0 11 0 0 0 11 0 0 0 0 0 0 0 0 0 11 11 
11 0 0 0 0 0 0 0 0 0 0 0 0 0 0 0 0 0 0 11 0 0 11 0 11 0 0 0 0 11 0 0 15 0 0 0 11 0 11 
11 0 0 11 0 11 0 0 0 0 0 11 0 11 0 0 0 0 0 0 0 11 0 0 0 0 0 0 0 0 0 0 0 0 0 0 0 0 11 
11 0 0 0 0 0 0 0 0 0 0 0 0 11 0 0 11 11 11 0 11 11 0 0 11 11 0 0 0 0 0 0 11 0 0 0 0 0 11 
11 11 0 0 11 0 11 0 0 0 0 0 0 0 0 0 11 0 0 11 0 0 0 0 0 0 0 11 0 11 0 0 0 11 0 11 11 0 11 
11 0 0 0 0 0 0 0 11 11 0 0 0 0 0 0 0 0 0 0 0 0 0 0 0 0 0 0 0 15 11 0 0 0 0 0 0 11 11 
11 11 0 0 0 11 0 0 11 0 11 0 0 0 0 0 0 0 0 11 0 0 0 0 0 0 0 0 0 15 0 0 11 0 0 0 0 0 11 
11 0 0 11 0 0 11 0 0 0 0 0 0 0 0 0 0 0 0 0 0 0 0 0 11 0 11 0 0 0 0 0 0 11 0 11 0 0 11 
11 0 0 0 0 0 0 0 0 11 0 11 0 0 11 0 11 0 0 0 0 0 11 0 0 0 0 0 0 0 0 0 0 0 0 0 0 11 11 
11 0 0 0 0 0 0 0 0 11 0 11 0 0 11 0 0 0 15 0 0 0 0 0 11 0 11 11 0 0 0 11 0 0 0 11 0 0 11 
11 0 0 0 0 0 0 0 0 0 0 0 0 11 0 0 0 0 0 0 11 0 0 0 11 11 11 0 0 0 11 0 0 0 0 0 0 0 11 
11 0 0 0 0 0 0 0 0 0 0 0 0 0 11 0 11 0 0 0 0 0 11 0 0 0 0 0 11 0 11 0 0 0 11 0 11 0 11 
11 0 0 0 11 0 0 0 0 0 0 0 0 15 0 0 0 0 11 0 0 0 0 11 0 0 0 0 0 0 11 0 0 0 0 0 0 0 11 
11 0 0 0 11 0 0 0 0 0 0 0 0 0 0 0 0 0 0 0 0 0 0 11 0 0 0 0 0 0 0 0 0 0 0 0 0 0 11 
11 0 11 0 11 0 0 0 11 11 0 0 0 11 0 0 0 0 0 11 0 11 0 0 0 0 0 0 0 11 0 0 11 0 0 11 0 0 11 
11 11 11 11 11 11 11 11 11 11 11 11 11 11 11 11 11 11 11 11 11 11 11 11 11 11 11 11 11 11 11 11 11 11 11 11 11 11 11 

16337
11 11 11 11 11 11 11 11 11 11 11 11 11 11 11 11 11 11 11 11 11 11 11 11 11 11 11 11 11 11 11 11 11 11 11 11 11 11 11 
11 0 0 11 0 0 11 0 0 0 0 0 0 0 0 0 0 0 0 11 11 0 0 11 0 0 11 0 0 0 11 11 0 0 11 0 0 11 11 
11 0 0 0 0 0 0 0 0 0 11 0 0 0 0 0 0 0 0 11 0 0 0 0 0 0 0 0 0 11 0 0 0 0 0 0 0 11 11 
11 0 11 0 0 0 11 0 0 0 11 0 11 11 0 0 0 0 0 0 0 11 0 0 0 0 0 11 0 0 11 0 0 0 0 0 0 11 11 
11 0 0 0 0 0 0 0 0 0 0 0 0 0 0 11 0 0 0 0 0 0 0 0 11 11 0 11 11 0 0 0 0 11 0 0 0 0 11 
11 0 0 11 0 0 0 0 0 11 15 11 0 15 11 0 0 11 0 0 0 0 0 0 11 0 0 0 11 0 0 11 0 0 11 0 11 0 11 
11 11 0 0 0 0 0 0 0 11 0 0 0 0 0 0 0 11 0 0 0 0 0 0 0 0 0 11 0 0 0 0 11 0 0 15 0 0 11 
11 0 0 0 0 11 0 11 0 11 11 11 0 11 11 11 0 11 0 11 0 0 11 0 0 0 0 11 0 0 0 0 0 0 0 0 0 0 11 
11 0 0 0 0 0 11 11 0 11 0 0 0 11 0 0 0 11 0 0 0 0 0 0 0 0 0 0 0 0 0 0 11 11 0 0 0 0 11 
11 0 0 0 0 0 0 11 0 15 11 0 11 0 0 0 0 11 0 11 0 0 0 0 0 11 0 0 0 0 0 0 0 0 0 0 0 0 11 
11 0 11 0 0 0 0 0 15 11 0 0 11 0 0 0 0 11 0 0 0 11 11 0 0 0 0 0 0 0 0 0 0 0 0 0 0 0 11 
11 0 0 11 0 11 11 11 0 0 0 0 11 0 0 0 0 0 11 0 0 0 11 11 0 0 0 0 11 0 0 11 0 0 0 0 0 0 11 
11 0 0 0 0 0 11 0 11 11 11 11 0 11 0 0 11 11 0 0 0 0 0 0 0 0 11 11 0 0 0 0 0 0 11 0 0 0 11 
11 0 0 0 0 0 11 0 0 0 0 11 0 0 0 0 0 11 0 0 11 11 0 0 0 0 0 11 0 0 0 11 11 0 0 0 0 0 11 
11 0 0 0 0 0 0 0 0 0 0 11 0 11 0 0 0 0 0 0 0 0 0 0 0 0 0 0 0 0 0 11 0 0 0 0 0 0 11 
11 11 0 0 0 0 0 0 0 0 0 11 0 11 0 0 0 0 0 0 0 0 0 0 0 0 0 0 11 11 11 0 11 0 0 0 0 11 11 
11 0 0 0 0 0 0 0 0 11 0 0 0 11 0 0 0 11 0 11 0 0 11 0 0 0 0 0 0 0 0 0 11 0 0 0 0 0 11 
11 0 11 0 0 0 0 0 0 0 0 0 0 0 0 0 0 0 0 0 11 0 11 0 0 0 0 0 11 0 0 0 0 0 0 0 0 0 11 
11 0 0 0 0 0 0 0 11 11 0 11 0 0 0 0 11 0 0 0 0 11 0 0 0 0 0 0 0 0 11 0 0 11 11 0 0 0 11 
11 0 0 11 0 0 0 0 0 0 0 0 11 11 0 0 0 0 0 0 0 11 0 11 0 0 0 11 0 11 0 0 0 0 0 0 0 11 11 
11 0 0 0 0 0 0 0 0 0 0 0 0 0 0 0 0 0 0 11 0 0 11 0 11 0 0 0 0 11 0 0 0 0 0 0 11 0 11 
11 0 0 11 0 11 0 0 0 0 0 11 0 11 0 0 0 0 0 0 0 11 0 0 0 11 0 0 0 0 0 0 0 0 0 0 0 0 11 
11 0 0 0 0 0 0 0 0 0 0 0 0 11 0 0 11 11 11 0 11 11 0 0 0 11 0 0 0 0 15 0 11 0 0 0 0 0 11 
11 11 11 0 0 0 11 0 0 0 0 11 0 0 0 0 11 0 0 11 0 0 0 0 0 0 0 11 0 11 0 0 0 11 0 11 11 0 11 
11 0 0 0 0 0 0 0 11 11 0 0 0 0 0 0 0 0 0 0 0 0 0 11 0 0 0 0 0 0 11 0 0 0 0 0 0 0 11 
11 11 0 0 0 11 0 0 11 0 11 11 0 0 0 0 0 0 0 11 0 0 0 0 0 0 0 0 0 15 0 0 11 0 0 0 0 0 11 
11 0 0 0 0 0 11 0 0 0 0 0 0 0 0 0 0 0 0 0 0 0 0 0 11 0 11 0 0 0 0 0 0 11 0 11 0 0 11 
11 0 0 0 0 0 0 0 0 11 0 11 0 0 11 0 0 0 0 0 0 0 11 0 0 0 0 0 0 0 0 0 0 0 0 0 0 11 11 
11 0 0 0 0 0 0 0 0 11 0 11 0 0 11 0 11 0 0 0 0 0 0 0 11 0 11 11 0 0 0 11 0 0 0 11 0 0 11 
11 0 0 0 0 0 0 0 0 0 0 0 0 11 0 0 0 0 0 0 11 0 0 0 11 11 0 0 0 0 11 0 0 0 0 0 0 0 11 
11 0 0 0 0 0 0 0 0 0 0 0 0 0 11 0 11 0 0 0 0 0 11 0 0 0 0 0 11 0 11 0 0 0 11 0 11 0 11 
11 0 0 0 11 0 0 0 0 0 0 0 0 0 0 0 0 0 11 0 0 0 0 11 0 0 0 0 0 0 11 0 0 0 0 0 0 0 11 
11 0 0 0 11 0 0 0 0 0 0 0 0 15 0 0 0 0 0 0 0 0 0 11 0 0 0 0 0 0 0 0 0 0 0 0 0 0 11 
11 0 11 0 11 0 0 0 11 11 0 0 0 11 0 0 0 0 0 11 0 11 0 0 0 0 0 0 0 11 0 0 11 0 0 11 0 0 11 
11 11 11 11 11 11 11 11 11 11 11 11 11 11 11 11 11 11 11 11 11 11 11 11 11 11 11 11 11 11 11 11 11 11 11 11 11 11 11 

16337
11 11 11 11 11 11 11 11 11 11 11 11 11 11 11 11 11 11 11 11 11 11 11 11 11 11 11 11 11 11 11 11 11 11 11 11 11 11 11 
11 0 0 11 0 0 11 0 0 0 0 0 0 0 0 0 0 0 0 11 11 0 0 11 0 0 11 0 0 0 11 11 0 0 11 0 0 11 11 
11 0 0 0 0 0 0 0 0 0 11 0 0 0 0 0 0 0 0 11 0 0 0 0 0 0 0 0 0 11 0 0 0 0 0 0 0 11 11 
11 0 11 0 0 0 11 0 0 0 11 0 11 11 0 0 0 0 0 0 0 11 0 0 0 0 0 11 0 0 11 0 0 0 0 0 0 11 11 
11 0 0 0 0 0 0 0 0 0 0 0 0 0 0 11 0 0 0 0 0 0 0 0 11 11 0 11 11 0 0 0 0 11 0 0 0 0 11 
11 0 0 11 0 0 0 0 0 11 15 11 0 15 11 0 0 11 0 0 0 0 0 0 11 0 0 0 11 0 0 11 0 0 11 0 11 0 11 
11 11 0 0 0 0 0 0 0 11 0 0 0 0 0 0 0 11 0 0 0 0 0 0 0 0 0 11 0 0 0 0 11 0 0 15 0 0 11 
11 0 0 0 0 11 0 11 0 11 11 11 0 11 11 11 0 11 0 11 0 0 11 0 0 0 0 11 0 0 0 0 0 0 0 0 0 0 11 
11 0 0 0 0 0 11 11 0 11 0 0 0 11 0 0 0 11 0 0 0 0 0 0 0 0 0 0 0 0 0 0 11 11 0 0 0 0 11 
11 0 0 0 0 0 0 11 0 15 11 0 11 0 0 0 0 11 0 11 0 0 0 0 0 11 0 0 0 0 0 0 0 0 0 0 0 0 11 
11 0 11 0 0 0 0 0 15 11 0 0 11 0 0 0 0 11 0 0 0 11 11 0 0 0 0 0 0 0 0 0 0 0 0 0 0 0 11 
11 0 0 11 0 11 11 11 0 0 0 0 11 0 0 0 0 0 11 0 0 0 11 11 0 0 0 0 11 0 0 11 0 0 0 0 0 0 11 
11 0 0 0 0 0 11 0 11 11 11 11 0 11 0 0 11 11 0 0 0 0 0 0 0 0 11 11 0 0 0 0 0 0 11 0 0 0 11 
11 0 0 0 0 0 11 0 0 0 0 11 0 0 0 0 0 11 0 0 11 11 0 0 0 0 0 11 0 0 0 11 11 0 0 0 0 0 11 
11 0 0 0 0 0 0 0 0 0 0 11 0 11 0 0 0 0 0 0 0 0 0 0 0 0 0 0 0 0 0 11 0 0 0 0 0 0 11 
11 11 0 0 0 0 0 0 0 0 0 11 0 11 0 0 0 0 0 0 0 0 0 0 0 0 0 0 11 11 11 0 11 0 0 0 0 11 11 
11 0 0 0 0 0 0 0 0 11 0 0 0 11 0 0 0 11 0 11 0 0 11 0 0 0 0 0 0 0 0 0 11 0 0 0 0 0 11 
11 0 11 0 0 0 0 0 0 0 0 0 0 0 0 0 0 0 0 0 11 0 11 0 0 0 0 0 11 0 0 0 0 0 0 0 0 0 11 
11 0 0 0 0 0 0 0 11 11 0 11 0 0 0 0 11 0 0 0 0 11 0 0 0 0 0 0 0 0 11 0 0 11 11 0 0 0 11 
11 0 0 11 0 0 0 0 0 0 0 0 11 11 0 0 0 0 0 0 0 11 0 11 0 0 0 11 0 11 0 0 0 0 0 0 0 11 11 
11 0 0 0 0 0 0 0 0 0 0 0 0 0 0 0 0 0 0 11 0 0 11 0 11 0 0 0 0 11 0 0 0 0 0 0 11 0 11 
11 0 0 11 0 11 0 0 0 0 0 11 0 11 0 0 0 0 0 0 0 11 0 0 0 11 0 0 0 0 0 0 0 0 0 0 0 0 11 
11 0 0 0 0 0 0 0 0 0 0 0 0 11 0 0 11 11 11 0 11 11 0 0 0 11 0 0 0 0 15 0 11 0 0 0 0 0 11 
11 11 11 0 0 0 11 0 0 0 0 11 0 0 0 0 11 0 0 11 0 0 0 0 0 0 0 11 0 11 0 0 0 11 0 11 11 0 11 
11 0 0 0 0 0 0 0 11 11 0 0 0 0 0 0 0 0 0 0 0 0 0 11 0 0 0 0 0 0 11 0 0 0 0 0 0 0 11 
11 11 0 0 0 11 0 0 11 0 11 11 0 0 0 0 0 0 0 11 0 0 0 0 0 0 0 0 0 15 0 0 11 0 0 0 0 0 11 
11 0 0 0 0 0 11 0 0 0 0 0 0 0 0 0 0 0 0 0 0 0 0 0 11 0 11 0 0 0 0 0 0 11 0 11 0 0 11 
11 0 0 0 0 0 0 0 0 11 0 11 0 0 11 0 0 0 0 0 0 0 11 0 0 0 0 0 0 0 0 0 0 0 0 0 0 11 11 
11 0 0 0 0 0 0 0 0 11 0 11 0 0 11 0 11 0 0 0 0 0 0 0 11 0 11 11 0 0 0 11 0 0 0 11 0 0 11 
11 0 0 0 0 0 0 0 0 0 0 0 0 11 0 0 0 0 0 0 11 0 0 0 11 11 0 0 0 0 11 0 0 0 0 0 0 0 11 
11 0 0 0 0 0 0 0 0 0 0 0 0 0 11 0 11 0 0 0 0 0 11 0 0 0 0 0 11 0 11 0 0 0 11 0 11 0 11 
11 0 0 0 11 0 0 0 0 0 0 0 0 0 0 0 0 0 11 0 0 0 0 11 0 0 0 0 0 0 11 0 0 0 0 0 0 0 11 
11 0 0 0 11 0 0 0 0 0 0 0 0 15 0 0 0 0 0 0 0 0 0 11 0 0 0 0 0 0 0 0 0 0 0 0 0 0 11 
11 0 11 0 11 0 0 0 11 11 0 0 0 11 0 0 0 0 0 11 0 11 0 0 0 0 0 0 0 11 0 0 11 0 0 11 0 0 11 
11 11 11 11 11 11 11 11 11 11 11 11 11 11 11 11 11 11 11 11 11 11 11 11 11 11 11 11 11 11 11 11 11 11 11 11 11 11 11 

16337
11 11 11 11 11 11 11 11 11 11 11 11 11 11 11 11 11 11 11 11 11 11 11 11 11 11 11 11 11 11 11 11 11 11 11 11 11 11 11 
11 0 0 11 0 0 11 0 0 0 0 0 0 0 0 0 0 0 0 11 11 0 0 11 0 0 11 0 0 0 11 11 0 0 11 0 0 11 11 
11 0 0 0 0 0 0 0 0 0 11 0 0 0 0 0 0 0 0 11 0 0 0 0 0 0 0 0 0 11 0 0 0 0 0 0 0 11 11 
11 0 11 0 0 0 11 0 0 0 11 0 11 11 0 0 0 0 0 0 0 11 0 0 0 0 0 11 0 0 11 0 0 0 0 0 0 11 11 
11 0 0 0 0 0 0 0 0 0 0 0 0 0 0 11 0 0 0 0 0 0 0 0 11 11 0 11 11 0 0 0 0 11 0 0 0 0 11 
11 0 0 11 0 0 0 0 0 11 15 11 0 15 11 0 0 11 0 0 0 0 0 0 11 0 0 0 11 0 0 11 0 0 11 0 11 0 11 
11 11 0 0 0 0 0 0 0 11 0 0 0 0 0 0 0 11 0 0 0 0 0 0 0 0 0 11 0 0 0 0 11 0 0 15 0 0 11 
11 0 0 0 0 11 0 11 0 11 11 11 0 11 11 11 0 11 0 11 0 0 11 0 0 0 0 11 0 0 0 0 0 0 0 0 0 0 11 
11 0 0 0 0 0 11 11 0 11 0 0 0 11 0 0 0 11 0 0 0 0 0 0 0 0 0 0 0 0 0 0 11 11 0 0 0 0 11 
11 0 0 0 0 0 0 11 0 15 11 0 11 0 0 0 0 11 0 11 0 0 0 0 0 11 0 0 0 0 0 0 0 0 0 0 0 0 11 
11 0 11 0 0 0 0 0 15 11 0 0 11 0 0 0 0 11 0 0 0 11 11 0 0 0 0 0 0 0 0 0 0 0 0 0 0 0 11 
11 0 0 11 0 11 11 11 0 0 0 0 11 0 0 0 0 0 11 0 0 0 11 11 0 0 0 0 11 0 0 11 0 0 0 0 0 0 11 
11 0 0 0 0 0 11 0 11 11 11 11 0 11 0 0 11 11 0 0 0 0 0 0 0 0 11 11 0 0 0 0 0 0 11 0 0 0 11 
11 0 0 0 0 0 11 0 0 0 0 11 0 0 0 0 0 11 0 0 11 11 0 0 0 0 0 11 0 0 0 11 11 0 0 0 0 0 11 
11 0 0 0 0 0 0 0 0 0 0 11 0 11 0 0 0 0 0 0 0 0 0 0 0 0 0 0 0 0 0 11 0 0 0 0 0 0 11 
11 11 0 0 0 0 0 0 0 0 0 11 0 11 0 0 0 0 0 0 0 0 0 0 0 0 0 0 11 11 11 0 11 0 0 0 0 11 11 
11 0 0 0 0 0 0 0 0 11 0 0 0 11 0 0 0 11 0 11 0 0 11 0 0 0 0 0 0 0 0 0 11 0 0 0 0 0 11 
11 0 11 0 0 0 0 0 0 0 0 0 0 0 0 0 0 0 0 0 11 0 11 0 0 0 0 0 11 0 0 0 0 0 0 0 0 0 11 
11 0 0 0 0 0 0 0 11 11 0 11 0 0 0 0 11 0 0 0 0 11 0 0 0 0 0 0 0 0 11 0 0 11 11 0 0 0 11 
11 0 0 11 0 0 0 0 0 0 0 0 11 11 0 0 0 0 0 0 0 11 0 11 0 0 0 11 0 11 0 0 0 0 0 0 0 11 11 
11 0 0 0 0 0 0 0 0 0 0 0 0 0 0 0 0 0 0 11 0 0 11 0 11 0 0 0 0 11 0 0 0 0 0 0 11 0 11 
11 0 0 11 0 11 0 0 0 0 0 11 0 11 0 0 0 0 0 0 0 11 0 0 0 11 0 0 0 0 0 0 0 0 0 0 0 0 11 
11 0 0 0 0 0 0 0 0 0 0 0 0 11 0 0 11 11 11 0 11 11 0 0 0 11 0 0 0 0 15 0 11 0 0 0 0 0 11 
11 11 11 0 0 0 11 0 0 0 0 11 0 0 0 0 11 0 0 11 0 0 0 0 0 0 0 11 0 11 0 0 0 11 0 11 11 0 11 
11 0 0 0 0 0 0 0 11 11 0 0 0 0 0 0 0 0 0 0 0 0 0 11 0 0 0 0 0 0 11 0 0 0 0 0 0 0 11 
11 11 0 0 0 11 0 0 11 0 11 11 0 0 0 0 0 0 0 11 0 0 0 0 0 0 0 0 0 15 0 0 11 0 0 0 0 0 11 
11 0 0 0 0 0 11 0 0 0 0 0 0 0 0 0 0 0 0 0 0 0 0 0 11 0 11 0 0 0 0 0 0 11 0 11 0 0 11 
11 0 0 0 0 0 0 0 0 11 0 11 0 0 11 0 0 0 0 0 0 0 11 0 0 0 0 0 0 0 0 0 0 0 0 0 0 11 11 
11 0 0 0 0 0 0 0 0 11 0 11 0 0 11 0 11 0 0 0 0 0 0 0 11 0 11 11 0 0 0 11 0 0 0 11 0 0 11 
11 0 0 0 0 0 0 0 0 0 0 0 0 11 0 0 0 0 0 0 11 0 0 0 11 11 0 0 0 0 11 0 0 0 0 0 0 0 11 
11 0 0 0 0 0 0 0 0 0 0 0 0 0 11 0 11 0 0 0 0 0 11 0 0 0 0 0 11 0 11 0 0 0 11 0 11 0 11 
11 0 0 0 11 0 0 0 0 0 0 0 0 0 0 0 0 0 11 0 0 0 0 11 0 0 0 0 0 0 11 0 0 0 0 0 0 0 11 
11 0 0 0 11 0 0 0 0 0 0 0 0 15 0 0 0 0 0 0 0 0 0 11 0 0 0 0 0 0 0 0 0 0 0 0 0 0 11 
11 0 11 0 11 0 0 0 11 11 0 0 0 11 0 0 0 0 0 11 0 11 0 0 0 0 0 0 0 11 0 0 11 0 0 11 0 0 11 
11 11 11 11 11 11 11 11 11 11 11 11 11 11 11 11 11 11 11 11 11 11 11 11 11 11 11 11 11 11 11 11 11 11 11 11 11 11 11 

16294
11 11 11 11 11 11 11 11 11 11 11 11 11 11 11 11 11 11 11 11 11 11 11 11 11 11 11 11 11 11 11 11 11 11 11 11 11 11 11 
11 0 0 11 0 0 11 0 0 0 0 0 0 0 0 0 0 0 0 11 11 0 0 11 0 0 11 0 0 0 11 11 0 0 11 0 0 11 11 
11 0 0 0 0 0 0 0 0 0 11 0 0 0 0 0 0 0 0 11 0 0 0 0 0 0 0 0 0 11 0 0 0 0 0 0 0 11 11 
11 0 11 0 0 0 11 0 0 0 11 0 11 11 0 0 0 0 0 0 0 11 0 0 0 0 0 11 0 0 11 0 0 0 0 0 0 11 11 
11 0 0 0 0 0 0 0 0 0 0 0 0 0 0 11 0 0 0 0 0 0 0 0 11 11 0 11 11 0 0 0 0 11 0 0 0 0 11 
11 0 0 11 0 0 0 0 0 11 0 11 0 0 11 0 0 11 0 0 0 0 0 0 11 0 0 0 11 0 0 11 0 0 11 0 11 0 11 
11 11 0 0 0 15 0 0 0 11 0 0 0 0 15 0 0 11 0 0 0 0 0 0 0 0 0 11 0 0 0 0 11 0 0 0 0 0 11 
11 0 0 0 0 11 0 11 0 11 11 11 15 11 11 11 0 11 0 11 0 0 11 0 0 0 0 11 0 0 0 0 0 0 0 0 0 0 11 
11 0 0 0 0 0 11 11 0 11 0 0 0 11 0 0 0 11 0 0 0 0 0 0 0 0 0 0 0 0 0 0 11 11 0 0 0 0 11 
11 0 0 0 0 0 0 11 0 15 11 0 11 0 0 0 0 11 0 11 0 0 0 0 0 11 0 0 0 0 0 0 0 0 15 0 0 0 11 
11 0 11 0 0 0 0 0 0 11 0 0 11 0 0 0 0 11 0 0 0 11 11 0 0 0 0 0 0 0 0 0 0 0 0 0 0 0 11 
11 0 0 11 0 11 11 11 0 0 0 0 11 0 0 0 0 0 11 0 0 0 11 11 0 0 0 0 11 0 0 11 0 0 0 0 0 0 11 
11 0 0 0 0 0 11 0 11 11 11 11 0 11 0 0 11 11 0 0 0 0 0 0 0 0 11 11 0 0 0 0 0 0 11 0 0 0 11 
11 0 0 0 0 0 11 0 0 0 0 11 0 0 0 0 0 11 0 0 11 11 0 0 0 0 0 11 0 0 0 11 11 0 0 0 0 0 11 
11 0 0 0 0 0 0 0 0 0 0 11 0 11 0 0 0 0 0 0 0 0 0 0 0 0 0 0 0 0 0 11 0 0 0 0 0 0 11 
11 11 0 0 0 0 0 0 0 0 0 11 0 11 0 0 0 0 0 0 0 0 0 0 0 0 0 0 11 11 11 0 11 0 0 0 0 11 11 
11 0 0 0 0 0 0 0 0 11 0 0 0 11 0 0 0 11 0 11 0 0 11 0 0 0 0 0 0 0 0 0 11 0 0 0 0 0 11 
11 0 11 0 0 0 0 0 0 0 0 0 0 0 0 0 0 0 0 0 11 0 11 0 0 0 0 0 11 0 0 0 0 0 0 0 0 0 11 
11 0 0 0 0 0 0 0 11 11 0 11 0 0 0 0 11 0 0 0 0 11 0 0 0 0 0 0 0 0 11 0 0 11 11 0 0 0 11 
11 0 0 11 0 0 0 0 0 0 0 0 11 11 0 0 0 0 0 0 0 11 0 11 0 0 0 11 0 11 0 0 0 0 0 0 0 11 11 
11 0 0 0 0 0 0 0 0 0 0 0 0 0 0 0 0 0 0 11 0 0 11 0 11 0 0 0 0 11 0 0 0 0 0 0 11 0 11 
11 0 0 11 0 11 0 0 0 0 0 11 0 11 0 0 0 0 0 0 0 11 0 0 0 11 0 0 0 0 0 0 0 0 0 0 0 0 11 
11 0 0 0 0 0 0 0 0 0 0 0 0 11 0 0 11 11 11 0 11 11 0 0 0 11 0 0 0 0 0 0 11 0 0 0 0 0 11 
11 11 11 0 0 0 11 0 0 0 0 11 0 0 0 0 11 0 0 11 0 0 0 0 0 0 0 11 0 11 15 0 0 11 0 11 11 0 11 
11 0 0 0 0 0 0 0 11 11 0 0 0 0 0 0 0 0 0 0 0 0 0 11 0 0 0 0 0 0 11 0 0 0 0 0 0 0 11 
11 11 0 0 0 11 0 0 11 0 11 11 0 0 0 0 0 0 0 11 0 0 0 0 0 0 0 0 0 0 0 0 11 0 0 0 0 0 11 
11 0 0 0 0 0 11 0 0 0 0 0 0 0 0 0 0 0 0 0 0 0 0 0 11 0 11 0 0 0 0 0 0 11 0 11 0 0 11 
11 0 0 0 0 0 0 0 0 11 0 11 0 0 11 0 0 0 0 0 0 0 11 0 0 0 0 0 15 0 0 0 0 0 0 0 0 11 11 
11 0 0 0 0 0 0 0 0 11 0 11 0 0 11 0 11 0 0 0 0 0 0 0 11 0 11 11 0 0 0 11 0 0 0 11 0 0 11 
11 0 0 0 0 0 0 0 0 0 0 0 0 11 0 0 0 0 0 0 11 0 0 0 11 11 0 0 0 0 11 0 0 0 0 0 0 0 11 
11 0 0 0 0 0 0 0 0 0 0 15 0 0 11 0 11 0 0 0 0 0 11 0 0 0 0 0 11 0 11 0 0 0 11 0 11 0 11 
11 0 0 0 11 0 0 0 0 0 0 0 0 0 0 0 0 0 11 0 0 0 0 11 0 0 0 0 0 0 11 0 0 0 0 0 0 0 11 
11 0 0 0 11 0 0 0 0 0 0 0 0 0 0 0 0 0 0 0 0 0 0 11 0 0 0 0 0 0 0 0 0 0 0 0 0 0 11 
11 0 11 0 11 0 0 0 11 11 0 0 0 11 0 0 0 0 0 11 0 11 0 0 0 0 0 0 0 11 0 0 11 0 0 11 0 0 11 
11 11 11 11 11 11 11 11 11 11 11 11 11 11 11 11 11 11 11 11 11 11 11 11 11 11 11 11 11 11 11 11 11 11 11 11 11 11 11 

16250
11 11 11 11 11 11 11 11 11 11 11 11 11 11 11 11 11 11 11 11 11 11 11 11 11 11 11 11 11 11 11 11 11 11 11 11 11 11 11 
11 0 0 11 0 0 11 0 0 0 0 0 0 0 0 0 0 0 0 11 11 0 0 11 0 0 11 0 0 0 11 11 0 0 11 0 0 11 11 
11 0 0 0 0 0 0 0 0 0 11 0 0 0 0 0 0 0 0 11 0 0 0 0 0 0 0 0 0 11 0 0 0 0 0 0 0 11 11 
11 0 11 0 0 0 11 0 0 0 11 0 11 11 0 0 0 0 0 0 0 11 0 0 0 0 0 11 0 0 11 0 0 0 0 0 0 11 11 
11 0 0 0 0 0 0 0 0 0 11 0 0 0 0 11 0 0 0 0 0 0 0 0 11 11 0 11 11 0 0 0 0 11 0 0 0 0 11 
11 0 0 11 0 15 0 0 0 11 0 11 0 0 11 0 0 11 0 0 0 0 0 0 11 0 0 0 11 0 0 11 0 0 11 0 11 0 11 
11 11 0 0 0 0 0 0 0 11 0 15 0 0 0 0 0 11 0 0 0 0 0 0 0 0 0 11 0 0 0 0 11 0 0 0 0 0 11 
11 0 0 0 0 11 0 11 15 11 11 11 0 11 11 11 0 11 0 11 0 0 11 0 0 0 0 11 0 15 0 0 0 0 0 0 0 0 11 
11 0 0 0 0 0 11 11 0 11 0 0 0 11 0 0 0 11 0 0 0 0 0 0 0 0 0 0 0 0 0 0 11 11 0 0 0 0 11 
11 0 0 0 0 0 0 11 0 15 11 0 11 0 0 0 0 11 0 11 0 0 0 0 0 11 0 0 0 0 0 0 0 0 0 0 0 0 11 
11 0 11 0 0 0 0 0 0 11 0 0 11 0 0 0 0 11 0 0 0 11 11 0 0 0 0 0 0 0 0 0 0 0 0 0 0 0 11 
11 0 0 11 0 11 11 11 0 0 0 0 11 0 0 0 0 0 11 0 0 0 11 11 0 0 0 0 11 0 0 11 0 0 0 0 0 0 11 
11 0 0 0 0 0 11 0 11 11 11 11 0 11 0 11 11 11 0 0 0 0 0 0 0 0 11 11 0 0 0 0 0 0 11 0 0 0 11 
11 0 0 0 0 0 11 0 0 0 0 11 0 0 0 0 0 11 0 0 11 11 0 0 0 0 0 11 0 0 0 11 11 0 0 0 0 0 11 
11 0 0 0 0 0 0 0 0 0 0 11 0 11 0 0 0 0 0 0 0 0 0 0 0 0 0 0 0 0 0 11 0 0 0 0 0 0 11 
11 11 0 0 0 0 0 0 0 0 0 11 0 11 0 0 0 0 0 0 0 0 0 0 0 0 0 0 11 11 11 0 11 0 0 0 0 11 11 
11 0 0 0 0 0 0 0 0 11 0 0 0 11 0 0 0 11 0 11 0 0 11 0 0 0 0 0 0 0 0 0 11 0 0 0 0 0 11 
11 0 11 0 0 0 0 0 0 0 0 0 0 0 0 0 0 0 0 0 11 0 11 0 0 0 0 0 11 0 0 0 0 0 0 0 0 0 11 
11 0 0 0 0 0 0 0 11 11 0 11 0 0 0 0 11 0 0 0 0 11 0 0 0 0 0 0 0 0 11 0 0 11 11 0 0 0 11 
11 0 0 11 0 0 0 0 0 0 0 0 11 11 0 0 0 0 0 0 0 11 0 11 0 0 0 11 0 11 0 0 0 0 0 0 0 11 11 
11 0 0 0 0 0 0 0 0 0 0 0 0 0 0 0 0 0 0 11 0 0 11 0 11 0 0 0 0 11 0 0 0 0 0 0 11 0 11 
11 0 0 11 0 11 0 0 0 0 0 11 0 11 0 0 0 0 0 0 0 11 0 0 0 15 0 0 0 0 0 0 0 0 0 0 0 0 11 
11 0 0 0 0 0 0 0 0 0 0 0 0 11 0 0 11 11 11 0 11 11 0 0 0 11 0 0 0 0 0 0 11 0 0 0 0 0 11 
11 11 11 0 0 0 11 0 0 0 0 11 0 0 0 0 11 0 0 11 0 0 0 0 0 0 0 11 0 11 0 0 0 11 0 11 11 0 11 
11 0 0 0 0 0 0 0 11 11 0 0 0 0 0 0 0 0 0 0 0 0 0 11 0 0 0 0 0 0 11 0 0 0 0 0 0 0 11 
11 11 0 0 0 11 0 0 11 0 11 11 0 0 0 0 0 0 0 11 0 0 0 0 0 0 0 0 0 0 0 0 11 0 0 0 0 0 11 
11 0 0 0 0 0 11 0 0 0 0 0 0 0 0 0 0 0 0 0 0 0 0 0 11 0 11 0 0 0 0 0 0 11 0 11 0 0 11 
11 0 0 0 0 0 0 0 0 11 0 11 0 0 11 0 0 0 0 0 0 0 11 0 0 0 0 0 0 0 0 15 0 0 0 0 0 11 11 
11 0 0 0 0 0 0 0 0 11 0 11 0 0 11 0 11 0 0 0 0 0 0 0 11 0 11 11 0 0 0 11 0 0 0 11 0 0 11 
11 0 0 0 0 0 0 0 0 0 0 0 0 11 0 0 0 0 0 0 11 0 0 0 11 11 0 0 0 0 11 0 0 0 0 0 0 0 11 
11 0 0 0 0 0 0 0 0 0 0 0 0 0 11 0 11 0 0 0 0 0 11 0 0 0 0 0 11 0 11 0 0 0 11 0 11 0 11 
11 0 0 0 11 0 0 0 0 0 0 0 0 0 0 0 0 0 11 0 0 0 0 11 0 0 0 0 0 0 11 0 0 0 0 0 0 0 11 
11 0 0 0 11 0 0 0 0 0 0 0 0 15 0 0 0 0 0 0 0 0 0 11 0 0 0 0 0 0 0 0 0 0 0 0 0 0 11 
11 0 11 0 11 0 0 0 11 11 0 0 0 11 0 0 0 0 0 11 0 11 0 0 0 0 0 0 0 11 0 0 11 0 0 11 0 0 11 
11 11 11 11 11 11 11 11 11 11 11 11 11 11 11 11 11 11 11 11 11 11 11 11 11 11 11 11 11 11 11 11 11 11 11 11 11 11 11 

