16394
11 11 11 11 11 11 11 11 11 11 11 11 11 11 11 11 11 11 11 11 11 11 11 11 11 11 11 11 11 11 11 11 11 11 11 11 11 11 11 
11 0 0 0 11 0 0 0 11 0 0 0 0 0 0 0 0 0 0 0 11 0 11 0 0 11 11 0 0 0 0 0 0 0 0 0 0 0 11 
11 0 0 0 0 0 0 0 0 0 0 0 0 0 0 11 0 0 0 0 0 0 0 0 0 11 11 0 0 11 11 11 0 0 0 0 0 0 11 
11 0 11 0 0 0 0 0 11 0 11 0 11 0 0 0 0 11 0 0 0 0 0 0 0 0 0 11 11 11 11 0 11 0 0 11 0 0 11 
11 11 0 0 0 0 0 0 11 0 0 0 0 0 0 0 11 0 11 0 0 0 0 0 0 0 0 0 11 11 0 0 0 0 11 0 0 0 11 
11 0 0 0 0 11 11 0 0 0 11 0 0 0 0 0 0 0 0 11 0 0 11 0 0 0 0 0 0 0 0 0 11 0 0 0 0 0 11 
11 0 0 0 0 0 0 0 0 11 0 0 0 11 0 0 0 11 0 0 0 0 0 0 0 11 0 0 0 11 0 0 0 0 0 0 0 0 11 
11 0 0 0 11 0 0 15 0 0 0 11 0 0 11 0 0 0 0 0 0 0 11 0 11 0 0 0 0 0 0 0 0 0 0 0 0 0 11 
11 0 0 11 0 11 0 0 0 0 0 0 0 0 0 11 0 0 0 0 0 11 0 0 11 0 0 0 0 0 11 11 0 0 0 0 0 0 11 
11 0 0 11 0 0 0 0 0 0 0 0 11 0 0 15 11 11 0 0 11 0 11 0 0 0 0 0 0 0 0 11 0 0 0 0 0 0 11 
11 0 0 0 0 15 0 11 11 11 0 0 0 0 0 0 0 0 11 0 11 11 0 0 0 0 0 0 11 11 0 0 0 11 0 11 0 11 11 
11 0 0 0 0 11 0 11 0 0 11 0 0 0 0 0 11 0 0 0 0 0 11 0 0 0 11 0 0 0 0 0 11 11 0 0 0 0 11 
11 0 0 11 11 0 0 11 11 11 0 0 0 0 11 11 11 0 0 0 0 0 0 0 0 0 0 0 11 0 0 11 0 11 0 0 0 11 11 
11 0 0 0 0 0 0 0 0 0 0 11 0 0 0 0 0 0 0 0 0 0 0 0 0 0 0 0 0 0 0 0 0 11 0 0 0 0 11 
11 0 11 11 0 0 0 0 0 0 0 11 0 0 0 0 0 0 0 0 0 0 0 11 11 0 0 0 0 0 11 0 0 15 11 0 0 11 11 
11 11 0 0 0 0 0 0 0 0 0 0 0 0 0 0 11 0 0 0 0 11 0 0 0 0 0 0 0 0 0 0 0 0 0 0 0 0 11 
11 0 0 0 0 0 11 0 11 0 0 0 0 0 0 0 0 0 11 0 0 0 0 0 11 0 11 11 0 0 0 0 0 0 0 0 0 0 11 
11 0 0 0 11 0 0 0 0 11 0 0 0 0 0 0 11 0 0 11 0 0 0 0 0 0 14 0 0 0 0 0 0 0 11 11 0 0 11 
11 0 0 0 0 0 0 0 11 0 0 0 0 0 0 0 0 11 0 0 0 0 0 0 11 0 0 0 0 0 0 11 0 0 11 0 0 0 11 
11 0 0 0 0 11 11 0 0 0 0 11 0 0 0 11 0 0 11 0 0 11 11 0 0 11 0 0 0 0 0 0 0 0 11 11 0 0 11 
11 11 0 0 0 11 0 11 11 11 0 0 0 0 0 0 0 0 11 0 0 0 0 0 0 0 0 0 11 0 11 0 0 0 0 11 0 0 11 
11 0 11 0 0 0 0 11 0 0 0 0 0 0 11 11 0 11 0 11 0 0 0 0 0 11 0 0 0 0 0 0 0 0 0 0 0 0 11 
11 0 11 0 11 0 11 0 0 0 0 0 11 0 0 0 0 0 0 0 0 0 0 0 0 0 11 0 0 0 0 0 0 11 0 0 0 0 11 
11 0 11 0 0 0 0 11 0 0 0 0 0 0 0 11 11 0 11 11 11 0 0 0 0 0 0 0 0 0 0 0 0 11 0 0 0 0 11 
11 11 11 0 11 0 0 0 0 0 0 0 0 0 0 0 0 0 0 0 0 0 0 11 0 0 0 0 0 0 0 0 0 0 0 0 0 0 11 
11 0 0 0 0 11 0 0 11 0 11 11 0 0 11 0 0 11 11 11 0 11 0 0 0 0 0 0 0 0 0 0 0 0 0 0 0 0 11 
11 0 0 0 0 0 11 0 11 0 0 0 0 0 11 15 0 0 0 15 0 0 0 11 0 0 0 0 0 0 0 0 0 0 0 11 0 0 11 
11 0 11 11 0 0 11 0 0 15 11 0 0 11 0 11 0 0 0 0 0 0 11 0 0 0 0 0 0 11 0 0 0 0 0 0 0 0 11 
11 11 0 0 0 0 0 0 11 0 0 0 0 0 0 0 0 0 0 11 0 0 0 0 0 11 0 0 0 0 0 0 0 0 0 0 11 0 11 
11 11 0 0 0 0 0 0 0 0 0 0 0 11 0 0 0 11 11 0 0 0 0 0 0 0 0 0 0 11 0 0 0 0 0 11 0 0 11 
11 0 0 0 0 0 0 0 0 11 0 11 11 0 0 11 0 0 0 0 11 11 11 11 11 0 0 0 11 11 0 0 0 0 0 0 0 11 11 
11 0 0 0 11 0 11 0 0 0 0 0 0 0 0 0 0 0 0 11 11 0 0 0 0 0 0 0 0 0 0 11 0 0 0 11 0 0 11 
11 0 0 0 11 0 0 0 0 0 0 0 0 0 0 0 0 0 0 11 0 0 0 0 0 0 0 11 0 15 0 0 11 0 0 0 0 0 11 
11 0 11 0 0 0 11 0 0 0 0 11 0 11 0 0 0 11 0 0 0 0 11 0 0 0 0 0 0 0 11 11 0 11 0 0 0 11 11 
11 11 0 11 0 0 11 0 0 0 0 0 11 0 11 0 0 0 0 0 0 0 0 11 11 0 0 0 15 0 0 0 11 11 0 11 0 0 11 
11 11 0 0 0 0 11 0 0 0 0 11 0 0 0 0 0 0 0 0 0 0 0 0 0 0 0 0 0 0 0 0 0 0 0 0 0 0 11 
11 11 11 11 11 11 11 11 11 11 11 11 11 11 11 11 11 11 11 11 11 11 11 11 11 11 11 11 11 11 11 11 11 11 11 11 11 11 11 

16391
11 11 11 11 11 11 11 11 11 11 11 11 11 11 11 11 11 11 11 11 11 11 11 11 11 11 11 11 11 11 11 11 11 11 11 11 11 11 11 
11 0 0 0 11 0 0 0 11 0 0 0 0 0 0 0 0 0 0 0 11 0 0 0 0 11 11 0 0 0 0 0 0 0 0 0 0 0 11 
11 0 0 0 0 0 0 0 0 0 0 0 0 0 0 11 0 0 0 0 0 0 0 0 0 11 11 0 0 11 11 11 0 0 0 0 0 0 11 
11 0 11 0 0 0 0 0 11 0 11 0 11 0 0 0 0 11 0 0 0 0 0 0 0 0 0 11 11 11 11 0 11 0 0 11 0 0 11 
11 11 0 0 0 0 0 0 11 0 0 0 0 0 0 0 11 0 11 0 0 0 0 0 0 0 0 0 11 11 0 0 0 0 11 0 0 0 11 
11 0 0 0 0 11 11 0 0 0 11 0 0 0 0 0 0 0 0 11 0 0 11 0 0 0 0 0 0 0 0 0 11 0 0 0 0 0 11 
11 0 0 0 0 0 0 0 0 11 0 0 0 11 0 0 0 11 0 0 0 0 0 0 0 11 0 0 0 11 0 0 0 0 0 0 0 0 11 
11 0 0 0 11 0 0 0 0 0 0 11 0 0 11 0 0 0 0 0 0 0 11 0 11 0 0 0 0 0 0 0 0 0 0 0 0 0 11 
11 0 0 11 0 11 0 0 15 0 0 0 0 0 0 11 0 0 0 0 0 11 0 0 11 0 0 0 0 0 11 11 0 0 0 0 0 0 11 
11 0 0 11 0 0 0 0 0 0 0 0 11 0 0 15 11 11 0 0 11 0 11 0 0 0 15 0 0 0 0 11 0 0 0 0 0 0 11 
11 0 0 0 0 0 0 11 11 11 0 0 0 0 0 0 0 0 11 0 11 11 0 0 0 0 0 0 11 11 0 0 0 11 0 11 0 11 11 
11 0 0 0 0 11 0 11 0 0 11 0 0 0 0 0 11 0 0 0 0 0 11 0 0 0 11 0 0 0 0 0 11 11 0 0 0 0 11 
11 0 0 11 11 0 0 11 11 11 0 0 0 0 11 11 11 0 0 0 0 0 0 0 0 0 0 0 11 0 0 11 0 11 0 0 0 11 11 
11 0 0 0 0 0 0 0 0 0 0 11 0 0 0 0 0 0 0 0 0 0 0 0 0 0 0 0 0 0 0 0 0 11 0 0 0 0 11 
11 0 11 11 0 0 0 0 0 0 0 11 0 0 0 0 0 0 0 0 0 0 0 11 11 0 0 0 0 0 11 0 0 15 11 0 0 11 11 
11 11 0 0 0 0 0 0 0 0 0 0 0 0 0 0 11 0 0 0 0 11 0 0 0 0 0 0 0 0 0 0 0 0 0 0 0 0 11 
11 0 0 0 0 0 11 0 11 0 0 0 0 0 0 0 0 0 11 0 0 0 0 0 11 0 11 11 0 0 0 0 0 0 0 0 0 0 11 
11 0 0 0 11 0 0 0 0 11 0 0 0 0 0 0 11 0 0 11 0 0 0 0 0 0 0 0 0 0 0 0 0 0 11 11 0 0 11 
11 0 0 0 0 0 0 0 11 0 0 0 0 0 0 0 0 11 0 0 0 0 0 0 11 0 0 0 0 0 0 11 0 0 11 0 0 0 11 
11 0 0 0 15 11 11 0 0 0 0 11 0 0 0 11 0 0 11 0 0 11 11 0 0 11 0 0 0 0 0 0 0 0 11 11 0 0 11 
11 11 0 0 0 11 0 11 11 11 0 0 0 0 0 0 0 0 11 0 0 0 0 0 0 0 0 0 11 0 11 0 0 0 0 11 0 0 11 
11 0 11 0 0 0 0 11 0 0 0 0 0 0 11 11 0 11 0 11 0 0 0 0 0 11 0 0 0 0 0 0 0 0 0 0 0 0 11 
11 0 11 0 11 0 11 0 0 0 0 0 11 0 0 0 0 0 0 0 0 0 0 0 0 0 11 0 0 0 0 0 0 11 0 0 0 0 11 
11 0 11 0 0 0 0 11 0 0 0 0 0 0 0 11 11 0 11 11 11 0 0 0 0 0 0 0 0 0 0 0 0 11 0 0 0 0 11 
11 11 11 0 11 0 0 0 0 0 0 0 0 0 0 0 0 0 0 0 0 0 0 11 0 0 0 0 0 0 0 0 0 0 0 0 0 0 11 
11 0 0 0 0 11 0 0 11 0 11 11 0 0 11 0 0 11 11 11 0 11 0 14 0 0 0 0 0 0 0 0 0 0 0 0 0 0 11 
11 0 0 0 0 0 11 0 11 0 0 0 0 0 11 0 0 0 0 0 0 12 0 11 0 0 0 0 0 0 0 0 0 0 0 11 0 0 11 
11 0 11 11 0 0 11 0 0 0 11 0 0 11 0 11 0 0 0 0 0 0 11 0 0 0 0 0 0 11 0 0 0 0 0 0 0 0 11 
11 11 0 0 0 0 0 0 11 0 15 0 0 0 0 0 0 0 0 11 0 0 0 0 15 11 0 0 0 0 0 0 0 0 0 0 11 0 11 
11 11 0 0 0 0 0 0 0 0 0 0 0 11 0 0 0 11 11 0 0 0 0 0 0 0 0 0 0 11 0 0 0 0 0 11 0 0 11 
11 0 0 0 0 0 0 0 0 11 0 11 11 0 0 11 0 0 0 0 11 11 11 11 11 0 0 0 11 11 0 0 0 0 0 0 0 11 11 
11 0 0 0 11 0 11 0 0 0 0 0 0 0 0 0 0 0 0 11 11 0 0 0 0 0 0 0 0 0 15 11 0 0 0 11 0 0 11 
11 0 0 0 11 0 0 0 0 0 0 0 0 0 0 0 0 0 0 11 0 0 0 0 0 0 0 11 0 0 0 0 11 0 0 0 0 0 11 
11 0 11 0 0 0 11 0 0 0 0 11 0 11 0 0 0 11 0 0 0 0 11 0 0 0 0 0 0 0 11 11 0 11 0 0 0 11 11 
11 11 0 11 0 0 11 0 0 0 0 0 11 0 11 0 0 0 0 0 0 0 0 11 11 0 0 0 0 0 0 0 11 11 0 11 0 0 11 
11 11 0 0 0 0 11 0 0 0 0 11 0 0 0 0 0 0 0 0 0 0 0 0 0 0 0 0 0 0 0 0 0 0 0 0 0 0 11 
11 11 11 11 11 11 11 11 11 11 11 11 11 11 11 11 11 11 11 11 11 11 11 11 11 11 11 11 11 11 11 11 11 11 11 11 11 11 11 

16391
11 11 11 11 11 11 11 11 11 11 11 11 11 11 11 11 11 11 11 11 11 11 11 11 11 11 11 11 11 11 11 11 11 11 11 11 11 11 11 
11 0 0 0 11 0 0 0 11 0 0 0 0 0 0 0 0 0 0 0 11 0 0 0 0 11 11 0 0 0 0 0 0 0 0 0 0 0 11 
11 0 0 0 0 0 0 0 0 0 0 0 0 0 0 11 0 0 0 0 0 0 0 0 0 11 11 0 0 11 11 11 0 0 0 0 0 0 11 
11 0 11 0 0 0 0 0 11 0 11 0 11 0 0 0 0 11 0 0 0 0 0 0 0 0 0 11 11 11 11 0 11 0 0 11 0 0 11 
11 11 0 0 0 0 0 0 11 0 0 0 0 0 0 0 11 0 11 0 0 0 0 0 0 0 0 0 11 11 0 0 0 0 11 0 0 0 11 
11 0 0 0 0 11 11 0 0 0 11 0 0 0 0 0 0 0 0 11 0 0 11 0 0 0 0 0 0 0 0 0 11 0 0 0 0 0 11 
11 0 0 0 0 0 0 0 0 11 0 0 0 11 0 0 0 11 0 0 0 0 0 0 0 11 0 0 0 11 0 0 0 0 0 0 0 0 11 
11 0 0 0 11 0 0 0 0 0 0 11 0 0 11 0 0 0 0 0 0 0 11 0 11 0 0 0 0 0 0 0 0 0 0 0 0 0 11 
11 0 0 11 0 11 0 0 15 0 0 0 0 0 0 11 0 0 0 0 0 11 0 0 11 0 0 0 0 0 11 11 0 0 0 0 0 0 11 
11 0 0 11 0 0 0 0 0 0 0 0 11 0 0 15 11 11 0 0 11 0 11 0 0 0 15 0 0 0 0 11 0 0 0 0 0 0 11 
11 0 0 0 0 0 0 11 11 11 0 0 0 0 0 0 0 0 11 0 11 11 0 0 0 0 0 0 11 11 0 0 0 11 0 11 0 11 11 
11 0 0 0 0 11 0 11 0 0 11 0 0 0 0 0 11 0 0 0 0 0 11 0 0 0 11 0 0 0 0 0 11 11 0 0 0 0 11 
11 0 0 11 11 0 0 11 11 11 0 0 0 0 11 11 11 0 0 0 0 0 0 0 0 0 0 0 11 0 0 11 0 11 0 0 0 11 11 
11 0 0 0 0 0 0 0 0 0 0 11 0 0 0 0 0 0 0 0 0 0 0 0 0 0 0 0 0 0 0 0 0 11 0 0 0 0 11 
11 0 11 11 0 0 0 0 0 0 0 11 0 0 0 0 0 0 0 0 0 0 0 11 11 0 0 0 0 0 11 0 0 15 11 0 0 11 11 
11 11 0 0 0 0 0 0 0 0 0 0 0 0 0 0 11 0 0 0 0 11 0 0 0 0 0 0 0 0 0 0 0 0 0 0 0 0 11 
11 0 0 0 0 0 11 0 11 0 0 0 0 0 0 0 0 0 11 0 0 0 0 0 11 0 11 11 0 0 0 0 0 0 0 0 0 0 11 
11 0 0 0 11 0 0 0 0 11 0 0 0 0 0 0 11 0 0 11 0 0 0 0 0 0 0 0 0 0 0 0 0 0 11 11 0 0 11 
11 0 0 0 0 0 0 0 11 0 0 0 0 0 0 0 0 11 0 0 0 0 0 0 11 0 0 0 0 0 0 11 0 0 11 0 0 0 11 
11 0 0 0 15 11 11 0 0 0 0 11 0 0 0 11 0 0 11 0 0 11 11 0 0 11 0 0 0 0 0 0 0 0 11 11 0 0 11 
11 11 0 0 0 11 0 11 11 11 0 0 0 0 0 0 0 0 11 0 0 0 0 0 0 0 0 0 11 0 11 0 0 0 0 11 0 0 11 
11 0 11 0 0 0 0 11 0 0 0 0 0 0 11 11 0 11 0 11 0 0 0 0 0 11 0 0 0 0 0 0 0 0 0 0 0 0 11 
11 0 11 0 11 0 11 0 0 0 0 0 11 0 0 0 0 0 0 0 0 0 0 0 0 0 11 0 0 0 0 0 0 11 0 0 0 0 11 
11 0 11 0 0 0 0 11 0 0 0 0 0 0 0 11 11 0 11 11 11 0 0 0 0 0 0 0 0 0 0 0 0 11 0 0 0 0 11 
11 11 11 0 11 0 0 0 0 0 0 0 0 0 0 0 0 0 0 0 0 0 0 11 0 0 0 0 0 0 0 0 0 0 0 0 0 0 11 
11 0 0 0 0 11 0 0 11 0 11 11 0 0 11 0 0 11 11 11 0 11 0 14 0 0 0 0 0 0 0 0 0 0 0 0 0 0 11 
11 0 0 0 0 0 11 0 11 0 0 0 0 0 11 0 0 0 0 0 0 12 0 11 0 0 0 0 0 0 0 0 0 0 0 11 0 0 11 
11 0 11 11 0 0 11 0 0 0 11 0 0 11 0 11 0 0 0 0 0 0 11 0 0 0 0 0 0 11 0 0 0 0 0 0 0 0 11 
11 11 0 0 0 0 0 0 11 0 15 0 0 0 0 0 0 0 0 11 0 0 0 0 15 11 0 0 0 0 0 0 0 0 0 0 11 0 11 
11 11 0 0 0 0 0 0 0 0 0 0 0 11 0 0 0 11 11 0 0 0 0 0 0 0 0 0 0 11 0 0 0 0 0 11 0 0 11 
11 0 0 0 0 0 0 0 0 11 0 11 11 0 0 11 0 0 0 0 11 11 11 11 11 0 0 0 11 11 0 0 0 0 0 0 0 11 11 
11 0 0 0 11 0 11 0 0 0 0 0 0 0 0 0 0 0 0 11 11 0 0 0 0 0 0 0 0 0 15 11 0 0 0 11 0 0 11 
11 0 0 0 11 0 0 0 0 0 0 0 0 0 0 0 0 0 0 11 0 0 0 0 0 0 0 11 0 0 0 0 11 0 0 0 0 0 11 
11 0 11 0 0 0 11 0 0 0 0 11 0 11 0 0 0 11 0 0 0 0 11 0 0 0 0 0 0 0 11 11 0 11 0 0 0 11 11 
11 11 0 11 0 0 11 0 0 0 0 0 11 0 11 0 0 0 0 0 0 0 0 11 11 0 0 0 0 0 0 0 11 11 0 11 0 0 11 
11 11 0 0 0 0 11 0 0 0 0 11 0 0 0 0 0 0 0 0 0 0 0 0 0 0 0 0 0 0 0 0 0 0 0 0 0 0 11 
11 11 11 11 11 11 11 11 11 11 11 11 11 11 11 11 11 11 11 11 11 11 11 11 11 11 11 11 11 11 11 11 11 11 11 11 11 11 11 

16391
11 11 11 11 11 11 11 11 11 11 11 11 11 11 11 11 11 11 11 11 11 11 11 11 11 11 11 11 11 11 11 11 11 11 11 11 11 11 11 
11 0 0 0 11 0 0 0 11 0 0 0 0 0 0 0 0 0 0 0 11 0 0 0 0 11 11 0 0 0 0 0 0 0 0 0 0 0 11 
11 0 0 0 0 0 0 0 0 0 0 0 0 0 0 11 0 0 0 0 0 0 0 0 0 11 11 0 0 11 11 11 0 0 0 0 0 0 11 
11 0 11 0 0 0 0 0 11 0 11 0 11 0 0 0 0 11 0 0 0 0 0 0 0 0 0 11 11 11 11 0 11 0 0 11 0 0 11 
11 11 0 0 0 0 0 0 11 0 0 0 0 0 0 0 11 0 11 0 0 0 0 0 0 0 0 0 11 11 0 0 0 0 11 0 0 0 11 
11 0 0 0 0 11 11 0 0 0 11 0 0 0 0 0 0 0 0 11 0 0 11 0 0 0 0 0 0 0 0 0 11 0 0 0 0 0 11 
11 0 0 0 0 0 0 0 0 11 0 0 0 11 0 0 0 11 0 0 0 0 0 0 0 11 0 0 0 11 0 0 0 0 0 0 0 0 11 
11 0 0 0 11 0 0 0 0 0 0 11 0 0 11 0 0 0 0 0 0 0 11 0 11 0 0 0 0 0 0 0 0 0 0 0 0 0 11 
11 0 0 11 0 11 0 0 15 0 0 0 0 0 0 11 0 0 0 0 0 11 0 0 11 0 0 0 0 0 11 11 0 0 0 0 0 0 11 
11 0 0 11 0 0 0 0 0 0 0 0 11 0 0 15 11 11 0 0 11 0 11 0 0 0 15 0 0 0 0 11 0 0 0 0 0 0 11 
11 0 0 0 0 0 0 11 11 11 0 0 0 0 0 0 0 0 11 0 11 11 0 0 0 0 0 0 11 11 0 0 0 11 0 11 0 11 11 
11 0 0 0 0 11 0 11 0 0 11 0 0 0 0 0 11 0 0 0 0 0 11 0 0 0 11 0 0 0 0 0 11 11 0 0 0 0 11 
11 0 0 11 11 0 0 11 11 11 0 0 0 0 11 11 11 0 0 0 0 0 0 0 0 0 0 0 11 0 0 11 0 11 0 0 0 11 11 
11 0 0 0 0 0 0 0 0 0 0 11 0 0 0 0 0 0 0 0 0 0 0 0 0 0 0 0 0 0 0 0 0 11 0 0 0 0 11 
11 0 11 11 0 0 0 0 0 0 0 11 0 0 0 0 0 0 0 0 0 0 0 11 11 0 0 0 0 0 11 0 0 15 11 0 0 11 11 
11 11 0 0 0 0 0 0 0 0 0 0 0 0 0 0 11 0 0 0 0 11 0 0 0 0 0 0 0 0 0 0 0 0 0 0 0 0 11 
11 0 0 0 0 0 11 0 11 0 0 0 0 0 0 0 0 0 11 0 0 0 0 0 11 0 11 11 0 0 0 0 0 0 0 0 0 0 11 
11 0 0 0 11 0 0 0 0 11 0 0 0 0 0 0 11 0 0 11 0 0 0 0 0 0 0 0 0 0 0 0 0 0 11 11 0 0 11 
11 0 0 0 0 0 0 0 11 0 0 0 0 0 0 0 0 11 0 0 0 0 0 0 11 0 0 0 0 0 0 11 0 0 11 0 0 0 11 
11 0 0 0 15 11 11 0 0 0 0 11 0 0 0 11 0 0 11 0 0 11 11 0 0 11 0 0 0 0 0 0 0 0 11 11 0 0 11 
11 11 0 0 0 11 0 11 11 11 0 0 0 0 0 0 0 0 11 0 0 0 0 0 0 0 0 0 11 0 11 0 0 0 0 11 0 0 11 
11 0 11 0 0 0 0 11 0 0 0 0 0 0 11 11 0 11 0 11 0 0 0 0 0 11 0 0 0 0 0 0 0 0 0 0 0 0 11 
11 0 11 0 11 0 11 0 0 0 0 0 11 0 0 0 0 0 0 0 0 0 0 0 0 0 11 0 0 0 0 0 0 11 0 0 0 0 11 
11 0 11 0 0 0 0 11 0 0 0 0 0 0 0 11 11 0 11 11 11 0 0 0 0 0 0 0 0 0 0 0 0 11 0 0 0 0 11 
11 11 11 0 11 0 0 0 0 0 0 0 0 0 0 0 0 0 0 0 0 0 0 11 0 0 0 0 0 0 0 0 0 0 0 0 0 0 11 
11 0 0 0 0 11 0 0 11 0 11 11 0 0 11 0 0 11 11 11 0 11 0 14 0 0 0 0 0 0 0 0 0 0 0 0 0 0 11 
11 0 0 0 0 0 11 0 11 0 0 0 0 0 11 0 0 0 0 0 0 12 0 11 0 0 0 0 0 0 0 0 0 0 0 11 0 0 11 
11 0 11 11 0 0 11 0 0 0 11 0 0 11 0 11 0 0 0 0 0 0 11 0 0 0 0 0 0 11 0 0 0 0 0 0 0 0 11 
11 11 0 0 0 0 0 0 11 0 15 0 0 0 0 0 0 0 0 11 0 0 0 0 15 11 0 0 0 0 0 0 0 0 0 0 11 0 11 
11 11 0 0 0 0 0 0 0 0 0 0 0 11 0 0 0 11 11 0 0 0 0 0 0 0 0 0 0 11 0 0 0 0 0 11 0 0 11 
11 0 0 0 0 0 0 0 0 11 0 11 11 0 0 11 0 0 0 0 11 11 11 11 11 0 0 0 11 11 0 0 0 0 0 0 0 11 11 
11 0 0 0 11 0 11 0 0 0 0 0 0 0 0 0 0 0 0 11 11 0 0 0 0 0 0 0 0 0 15 11 0 0 0 11 0 0 11 
11 0 0 0 11 0 0 0 0 0 0 0 0 0 0 0 0 0 0 11 0 0 0 0 0 0 0 11 0 0 0 0 11 0 0 0 0 0 11 
11 0 11 0 0 0 11 0 0 0 0 11 0 11 0 0 0 11 0 0 0 0 11 0 0 0 0 0 0 0 11 11 0 11 0 0 0 11 11 
11 11 0 11 0 0 11 0 0 0 0 0 11 0 11 0 0 0 0 0 0 0 0 11 11 0 0 0 0 0 0 0 11 11 0 11 0 0 11 
11 11 0 0 0 0 11 0 0 0 0 11 0 0 0 0 0 0 0 0 0 0 0 0 0 0 0 0 0 0 0 0 0 0 0 0 0 0 11 
11 11 11 11 11 11 11 11 11 11 11 11 11 11 11 11 11 11 11 11 11 11 11 11 11 11 11 11 11 11 11 11 11 11 11 11 11 11 11 

16318
11 11 11 11 11 11 11 11 11 11 11 11 11 11 11 11 11 11 11 11 11 11 11 11 11 11 11 11 11 11 11 11 11 11 11 11 11 11 11 
11 0 0 0 11 0 0 0 11 0 0 0 0 0 0 0 0 0 0 0 11 0 0 0 0 11 11 0 0 0 0 0 0 0 0 0 0 0 11 
11 0 0 0 0 0 0 0 0 0 0 0 0 0 0 11 0 0 0 0 0 0 0 0 0 11 11 0 0 11 11 11 0 0 0 0 0 0 11 
11 0 11 0 0 0 0 0 11 0 11 0 11 0 0 0 0 0 0 0 0 0 0 0 0 0 0 11 11 11 11 0 11 0 0 11 0 0 11 
11 11 0 0 0 0 0 0 11 0 0 0 0 0 0 0 11 0 11 11 0 0 0 0 0 0 0 0 11 11 0 0 0 0 11 0 0 0 11 
11 0 0 0 0 11 11 0 0 0 11 0 0 0 15 0 0 0 0 11 0 0 11 0 0 0 0 0 0 0 0 0 11 0 0 0 0 0 11 
11 0 0 0 0 0 0 0 0 11 0 0 0 11 0 0 0 11 0 0 0 0 0 0 0 11 0 0 0 11 0 0 0 0 0 0 0 0 11 
11 0 0 0 11 0 0 0 0 0 0 11 0 0 11 0 0 0 0 0 0 0 11 0 11 0 0 0 0 0 0 0 0 0 0 0 0 0 11 
11 0 0 11 0 11 0 15 0 0 0 0 0 0 0 11 0 0 0 0 0 11 0 0 11 0 0 0 0 0 11 11 0 0 0 0 0 0 11 
11 0 0 11 0 0 0 0 0 0 0 0 11 0 0 0 11 11 0 0 11 0 11 0 0 0 0 0 0 0 0 11 14 0 0 0 0 0 11 
11 0 0 0 0 0 0 11 11 11 0 0 0 0 0 0 0 0 11 0 11 11 0 0 0 0 0 0 11 11 0 0 0 11 0 11 0 11 11 
11 0 0 0 0 11 0 11 15 0 11 0 0 0 0 0 11 0 0 0 0 0 11 0 0 0 11 0 0 0 0 0 11 11 0 0 0 0 11 
11 0 0 11 11 0 0 11 11 11 0 0 0 0 11 11 11 0 0 0 0 0 0 0 0 0 0 0 11 0 0 11 0 11 13 0 0 11 11 
11 0 0 0 0 0 0 0 0 0 0 11 0 0 0 0 0 0 0 0 0 0 0 0 0 0 0 0 0 0 0 0 0 11 0 0 0 0 11 
11 0 11 11 0 0 0 0 0 0 0 11 0 0 0 0 0 0 0 0 0 0 0 11 11 0 0 0 0 0 11 0 0 0 11 0 0 11 11 
11 11 0 0 0 0 0 0 0 0 0 0 0 0 0 0 11 0 0 0 0 11 0 0 0 0 0 0 0 0 0 0 0 0 0 0 0 0 11 
11 0 0 0 0 0 11 0 11 0 0 0 0 0 0 0 0 0 11 0 0 0 0 0 11 0 11 11 0 0 0 0 0 0 0 0 0 0 11 
11 0 0 0 11 0 0 0 0 11 0 0 0 0 0 0 11 0 0 11 0 0 0 0 0 0 14 0 0 0 0 0 0 0 11 11 0 0 11 
11 0 0 0 0 0 0 0 11 0 0 0 0 0 0 0 0 11 0 0 0 0 0 0 11 0 0 0 0 0 0 11 0 0 11 0 0 0 11 
11 0 0 0 0 11 11 0 0 0 0 11 0 0 0 11 0 0 11 0 0 11 11 0 0 11 15 0 0 0 0 0 0 0 11 11 0 0 11 
11 11 0 0 0 11 0 11 11 11 0 0 0 0 0 0 0 0 11 0 0 0 0 0 0 0 0 0 11 0 11 0 0 0 0 11 0 0 11 
11 0 11 0 0 0 0 11 0 0 0 0 0 0 11 11 0 11 0 11 0 0 0 0 0 11 0 0 0 0 0 0 0 0 0 0 0 0 11 
11 0 11 0 11 0 11 0 0 0 0 0 11 0 0 0 0 0 0 0 0 0 0 0 0 0 11 0 0 0 0 0 0 11 0 0 0 0 11 
11 0 11 0 0 0 0 11 15 0 0 0 0 0 0 11 11 0 11 11 11 0 0 0 0 0 0 0 0 0 0 0 0 11 0 0 0 0 11 
11 11 11 0 11 0 0 0 0 0 0 0 0 0 0 0 0 0 0 0 0 0 0 11 0 0 0 0 0 0 0 0 0 0 0 0 0 0 11 
11 0 0 0 0 11 0 0 11 0 11 11 0 0 11 0 0 11 11 11 0 11 0 0 0 0 0 0 0 0 0 0 0 0 0 0 0 0 11 
11 0 0 0 0 0 11 0 11 0 0 0 0 0 11 0 15 0 0 0 0 0 0 11 0 0 0 0 0 0 0 0 0 0 0 11 0 0 11 
11 0 11 11 0 0 11 0 0 0 11 0 0 11 0 11 0 0 0 0 0 0 11 0 0 0 0 0 0 11 0 0 0 0 0 0 0 0 11 
11 11 0 0 0 0 0 0 11 0 0 0 0 0 0 0 0 0 0 11 0 0 0 0 15 11 0 0 0 0 0 0 0 15 0 0 11 0 11 
11 11 0 0 0 0 0 0 0 0 0 0 0 11 0 0 0 11 11 0 0 0 0 0 0 0 0 0 0 11 0 0 0 0 0 11 0 0 11 
11 0 0 0 0 0 0 0 0 11 0 11 11 0 0 11 0 0 0 0 11 11 11 11 11 0 0 0 11 11 0 0 0 0 0 0 0 11 11 
11 0 0 0 11 0 11 0 0 0 0 0 0 0 0 0 0 0 0 11 11 0 0 0 0 0 0 0 0 0 0 11 0 0 0 11 0 0 11 
11 0 0 0 11 0 0 0 0 0 0 0 0 0 0 0 0 0 0 11 0 0 0 0 0 0 0 11 0 0 0 0 11 0 0 0 0 0 11 
11 0 11 0 0 0 11 0 0 0 0 11 0 11 0 0 0 11 0 0 0 0 11 0 0 0 0 0 0 0 11 11 0 11 0 0 0 11 11 
11 11 0 11 0 0 11 0 0 0 0 0 11 0 11 0 0 0 0 0 0 0 0 11 11 0 0 0 0 0 0 0 11 11 0 11 0 0 11 
11 11 0 0 0 0 11 0 0 0 0 11 0 0 0 0 0 0 0 0 0 0 0 0 0 0 0 0 0 0 0 0 0 0 0 0 0 0 11 
11 11 11 11 11 11 11 11 11 11 11 11 11 11 11 11 11 11 11 11 11 11 11 11 11 11 11 11 11 11 11 11 11 11 11 11 11 11 11 

16408
11 11 11 11 11 11 11 11 11 11 11 11 11 11 11 11 11 11 11 11 11 11 11 11 11 11 11 11 11 11 11 11 11 11 11 11 11 11 11 
11 0 0 0 11 0 0 0 11 0 0 0 0 0 0 0 0 0 0 0 11 0 0 0 0 11 11 0 0 0 0 0 0 0 0 0 0 0 11 
11 0 0 0 0 0 0 0 0 0 0 0 0 0 0 11 0 0 0 0 0 0 0 0 0 11 11 0 0 11 11 11 0 0 0 0 0 0 11 
11 0 11 0 0 0 0 0 11 0 11 0 11 15 0 0 0 0 11 0 0 0 0 0 0 0 0 11 11 11 11 0 11 0 0 11 0 0 11 
11 11 0 0 0 0 0 0 11 0 0 0 0 0 0 0 11 0 11 0 0 0 0 0 0 0 0 0 11 11 0 0 0 0 11 0 0 0 11 
11 0 0 0 0 11 11 0 0 11 11 0 0 0 0 0 0 0 0 11 0 0 11 0 0 0 0 0 0 0 0 0 11 0 0 0 0 0 11 
11 0 0 0 0 0 15 0 0 11 0 0 0 11 0 0 0 11 0 0 0 0 0 0 0 11 0 11 0 11 0 0 0 0 0 0 0 0 11 
11 0 0 0 0 0 0 0 0 0 0 11 0 0 11 0 0 0 0 0 0 0 11 0 11 0 0 0 0 0 0 0 0 0 0 0 0 0 11 
11 0 0 11 0 11 0 0 0 0 0 0 0 0 0 11 0 0 0 0 0 11 0 0 11 0 0 0 0 0 11 11 0 0 0 0 0 0 11 
11 0 0 11 0 0 0 0 0 0 0 0 11 0 0 0 11 11 0 0 11 0 11 0 0 0 0 0 0 0 0 11 0 0 0 0 0 0 11 
11 0 0 0 0 0 0 11 0 11 0 0 0 0 0 0 11 0 11 0 11 11 0 0 0 0 0 0 11 11 0 0 11 11 0 11 0 11 11 
11 0 0 0 0 11 0 11 0 0 11 11 0 0 0 0 0 0 0 0 0 0 11 0 0 0 11 0 0 0 0 0 11 11 0 0 15 0 11 
11 0 0 11 11 0 0 11 11 11 0 0 0 0 11 11 11 0 0 0 0 0 0 0 0 0 0 0 11 0 0 11 0 11 0 0 0 11 11 
11 0 0 0 0 0 0 0 0 0 0 11 0 0 0 0 0 0 0 0 0 0 0 0 0 0 0 0 0 0 0 0 0 11 0 0 0 0 11 
11 0 11 11 0 0 0 0 0 0 0 11 0 0 0 0 0 0 0 0 0 0 0 11 11 0 0 0 15 0 11 0 0 0 11 0 0 11 11 
11 11 0 0 0 0 0 0 0 0 0 0 0 0 0 0 11 0 0 0 0 11 0 0 0 0 0 0 0 0 0 0 0 0 0 0 0 0 11 
11 0 0 0 0 0 11 0 11 0 0 0 0 0 0 0 0 0 11 0 0 0 0 0 11 0 11 11 0 0 0 0 0 0 0 0 0 0 11 
11 0 0 0 11 0 0 0 0 11 0 0 0 0 0 0 11 11 0 11 0 0 0 0 0 0 0 0 0 0 0 0 0 0 11 11 0 0 11 
11 0 0 0 0 0 0 0 11 0 0 0 0 0 0 0 0 11 0 0 0 0 0 0 11 0 0 0 0 0 0 11 0 0 11 0 0 0 11 
11 0 0 15 0 11 11 0 0 0 0 11 0 0 0 11 0 0 11 0 0 11 11 0 0 11 0 0 0 0 0 0 0 0 11 11 0 0 11 
11 11 0 0 0 11 14 11 11 11 0 0 0 0 0 0 15 0 11 0 0 0 0 0 0 0 0 0 11 0 11 0 0 0 0 11 0 0 11 
11 0 11 0 0 0 0 11 0 0 0 0 0 0 11 11 0 11 0 11 0 0 0 0 0 11 0 0 0 0 0 11 0 0 0 0 0 0 11 
11 0 11 0 11 0 11 0 0 0 0 0 11 0 0 0 0 0 0 0 0 11 0 0 0 0 11 0 0 0 0 0 0 11 0 0 0 0 11 
11 0 11 0 0 0 0 11 0 0 0 0 0 0 0 0 11 0 11 11 11 0 0 0 0 0 0 0 0 0 0 0 0 11 0 0 0 0 11 
11 11 11 0 11 0 0 0 0 0 0 0 0 0 0 0 0 0 0 0 0 0 0 0 0 0 0 0 0 0 0 0 0 0 0 0 0 0 11 
11 0 0 0 0 0 0 0 11 0 11 11 0 0 11 0 0 11 11 11 0 11 15 0 0 0 0 0 0 0 0 0 0 0 0 0 0 0 11 
11 0 0 0 0 0 11 0 11 0 0 0 0 0 11 0 0 0 0 0 0 0 0 11 0 0 0 0 0 0 0 0 0 0 0 11 0 0 11 
11 0 11 0 0 0 11 0 0 0 11 0 0 11 0 11 0 0 0 0 0 0 11 0 0 0 0 0 0 11 0 0 0 0 0 0 0 0 11 
11 11 0 0 0 0 0 0 11 0 0 0 0 0 0 0 0 0 0 11 0 0 0 0 0 11 0 0 0 0 0 0 0 0 0 0 11 0 11 
11 11 0 11 0 0 0 0 0 0 0 0 0 0 0 0 0 11 11 0 0 0 0 0 0 0 0 0 0 11 0 0 0 0 0 11 0 0 11 
11 0 0 0 0 0 0 11 0 11 0 11 11 0 0 11 11 0 0 0 11 11 11 11 11 0 0 0 11 11 0 0 0 0 0 0 0 11 11 
11 0 0 0 11 0 11 0 0 0 0 0 0 0 0 0 0 0 0 11 11 0 0 0 0 0 0 0 0 0 0 11 0 0 0 11 0 0 11 
11 0 0 0 11 0 0 0 0 0 0 0 0 0 0 0 0 0 0 11 0 0 0 0 0 0 0 11 15 0 0 0 11 0 0 0 0 0 11 
11 0 11 0 0 0 11 0 0 0 0 0 0 11 0 0 0 11 0 0 0 0 11 0 0 0 0 0 0 0 11 11 0 11 0 0 0 11 11 
11 11 0 11 0 0 0 0 0 0 0 0 11 0 11 0 0 0 0 0 0 0 0 0 11 0 0 0 0 15 0 0 11 11 0 11 0 0 11 
11 11 0 0 0 0 11 0 0 0 0 11 0 0 0 0 0 0 0 0 0 0 0 0 0 0 0 0 0 0 0 0 0 0 0 0 0 0 11 
11 11 11 11 11 11 11 11 11 11 11 11 11 11 11 11 11 11 11 11 11 11 11 11 11 11 11 11 11 11 11 11 11 11 11 11 11 11 11 

16350
11 11 11 11 11 11 11 11 11 11 11 11 11 11 11 11 11 11 11 11 11 11 11 11 11 11 11 11 11 11 11 11 11 11 11 11 11 11 11 
11 0 0 0 11 0 0 0 11 0 0 0 0 0 0 0 0 0 0 0 11 0 0 0 0 11 11 0 0 0 0 0 0 0 0 0 0 0 11 
11 0 0 0 0 0 0 0 0 0 0 0 0 0 0 11 0 0 0 0 0 0 0 0 0 11 11 0 0 11 11 11 0 0 0 0 0 0 11 
11 0 11 0 0 0 0 0 11 0 11 0 11 0 0 13 0 0 0 0 0 0 0 0 0 0 0 11 11 11 11 0 11 0 0 11 0 0 11 
11 11 0 0 0 0 0 0 11 0 0 0 0 0 0 0 11 0 11 0 0 0 0 0 0 0 0 0 11 11 0 0 0 0 11 0 0 0 11 
11 0 0 0 0 11 11 0 0 11 11 0 0 0 0 0 0 0 0 11 0 0 11 0 0 0 0 0 0 0 0 0 11 0 0 0 0 0 11 
11 0 0 0 0 0 0 0 0 11 0 0 0 11 0 0 0 11 0 0 0 0 0 0 0 11 0 11 0 11 0 0 0 0 0 0 0 0 11 
11 0 0 0 0 0 0 0 0 0 0 11 0 0 11 0 0 0 0 0 0 0 11 0 11 0 0 0 0 0 0 0 0 0 0 0 0 0 11 
11 0 0 11 0 11 0 15 0 0 0 0 0 0 0 11 0 0 0 0 0 11 0 0 11 0 0 0 0 0 11 11 0 0 0 0 0 0 11 
11 0 0 11 0 0 15 0 0 0 0 0 11 0 0 0 11 11 0 0 11 15 11 0 0 0 0 0 0 0 0 11 0 0 0 0 0 0 11 
11 0 0 0 0 0 0 11 0 11 0 0 0 0 0 0 11 0 11 0 11 11 0 0 0 0 0 0 11 11 0 0 11 11 0 11 0 11 11 
11 0 0 0 0 11 0 11 0 0 11 11 0 0 0 0 0 0 0 0 0 0 11 0 0 0 11 0 0 0 0 0 11 11 0 0 15 0 11 
11 0 0 11 11 0 0 11 11 11 0 0 0 0 11 11 11 0 0 0 0 0 0 0 0 0 0 0 11 0 0 11 0 11 0 0 0 11 11 
11 0 0 0 0 0 0 0 0 0 0 11 0 0 0 0 0 0 0 0 0 0 0 0 0 0 0 0 0 0 0 0 0 11 0 0 0 0 11 
11 0 11 11 0 0 0 0 0 0 0 11 0 0 0 0 0 0 0 0 0 0 0 11 11 0 0 0 0 0 11 0 0 0 11 0 0 11 11 
11 11 0 0 0 0 0 0 0 0 0 0 0 0 0 0 11 0 0 0 0 11 0 0 0 0 0 0 15 0 0 0 0 0 0 0 0 0 11 
11 0 0 0 0 0 11 0 11 0 0 0 0 0 0 0 0 0 11 0 0 0 0 0 11 0 11 11 0 0 0 0 0 0 0 0 0 0 11 
11 0 0 0 11 0 0 0 0 11 0 0 0 0 0 0 11 11 0 11 0 0 0 0 0 0 0 0 0 0 0 0 0 0 11 11 0 0 11 
11 0 0 0 0 0 0 0 11 0 0 0 0 0 0 0 0 11 0 0 0 0 0 0 11 0 0 0 0 0 0 11 0 0 11 0 0 0 11 
11 0 0 0 0 11 11 0 0 0 0 11 0 0 0 11 0 0 11 0 0 11 11 0 0 11 0 0 0 0 0 0 0 0 11 11 0 0 11 
11 11 0 0 0 11 0 11 11 11 0 0 0 0 0 0 0 0 11 0 0 0 0 0 0 0 0 0 11 0 11 0 0 0 0 11 0 0 11 
11 0 11 0 0 0 13 11 0 0 0 0 0 0 11 11 0 11 0 11 0 0 0 0 0 11 0 0 0 0 0 11 0 0 0 0 0 0 11 
11 0 11 0 11 0 11 0 0 0 0 0 11 0 0 0 0 0 0 0 0 11 0 0 0 0 11 0 0 0 0 0 0 11 0 0 0 0 11 
11 0 11 0 0 0 0 11 0 0 0 0 0 0 0 0 11 0 11 11 11 0 0 0 0 0 0 0 0 0 0 0 0 11 0 0 0 0 11 
11 11 11 0 11 0 0 0 0 0 0 0 0 0 0 0 0 0 0 0 0 0 0 0 0 0 0 0 0 0 0 0 0 0 0 0 0 0 11 
11 0 0 0 0 14 0 0 11 0 11 11 0 0 11 0 0 11 11 11 0 11 0 0 0 0 0 0 0 0 0 0 0 0 0 0 0 0 11 
11 0 0 0 0 0 11 0 11 0 0 0 0 0 11 0 15 0 0 0 0 0 0 11 0 0 0 0 0 0 0 0 0 0 0 11 0 0 11 
11 0 11 0 0 0 11 0 0 0 11 0 0 11 0 11 0 0 0 0 0 0 11 0 0 0 0 0 0 11 0 0 0 0 0 0 0 0 11 
11 11 0 0 0 0 0 0 11 0 0 0 0 0 0 0 0 0 0 11 0 0 0 0 0 11 0 0 0 0 0 0 0 0 0 0 11 0 11 
11 11 0 11 0 0 0 0 0 0 0 0 0 0 0 0 0 11 11 0 0 0 0 0 0 0 0 0 0 11 0 0 0 0 0 11 0 0 11 
11 0 0 0 0 0 0 11 0 11 0 11 11 0 0 11 11 0 0 0 11 11 11 11 11 0 0 0 11 11 0 0 0 0 0 0 0 11 11 
11 0 0 0 11 0 11 0 0 0 0 0 0 0 0 0 0 0 0 11 11 0 0 0 0 0 0 0 15 0 0 11 0 0 0 11 0 0 11 
11 0 0 0 11 0 0 0 0 0 0 0 0 0 0 0 0 0 0 11 0 0 0 0 0 0 0 11 0 0 0 0 11 0 0 0 0 0 11 
11 0 11 0 0 0 11 0 0 0 0 0 0 11 0 0 0 11 0 0 0 0 11 0 0 0 0 0 15 0 11 11 0 11 0 0 0 11 11 
11 11 0 11 0 0 0 0 0 0 0 0 11 0 11 0 0 0 0 0 0 0 0 0 11 0 0 0 0 0 0 0 11 11 0 11 0 0 11 
11 11 0 0 0 0 11 0 0 0 0 11 0 0 0 0 0 0 0 0 0 0 0 0 0 0 0 0 0 0 0 0 0 0 0 0 0 0 11 
11 11 11 11 11 11 11 11 11 11 11 11 11 11 11 11 11 11 11 11 11 11 11 11 11 11 11 11 11 11 11 11 11 11 11 11 11 11 11 

16303
11 11 11 11 11 11 11 11 11 11 11 11 11 11 11 11 11 11 11 11 11 11 11 11 11 11 11 11 11 11 11 11 11 11 11 11 11 11 11 
11 0 0 0 11 0 0 0 11 0 0 0 0 0 0 0 0 0 0 0 11 0 0 0 0 11 11 0 0 0 0 0 0 0 0 0 0 0 11 
11 0 0 0 0 0 0 0 0 0 0 0 0 0 0 11 0 0 0 0 0 0 0 0 0 11 11 0 0 11 11 11 0 0 0 0 0 0 11 
11 0 11 0 0 0 0 0 11 0 11 0 11 0 0 0 0 0 0 0 0 0 13 0 0 0 0 11 11 11 11 0 11 0 0 11 0 0 11 
11 11 0 0 0 0 0 0 11 0 0 0 0 0 0 0 11 0 11 0 0 0 0 0 0 0 0 0 11 11 0 0 0 0 11 0 0 0 11 
11 0 0 0 0 11 11 0 0 11 11 0 0 0 0 0 0 0 0 11 0 0 11 0 0 0 0 0 0 0 0 0 11 0 0 0 0 0 11 
11 0 0 0 0 0 0 0 0 11 0 0 0 11 0 0 0 11 0 0 0 0 0 0 0 11 0 11 0 11 0 0 0 0 0 0 0 0 11 
11 0 0 0 0 0 15 0 0 0 0 11 0 0 11 0 0 0 0 0 0 0 11 0 11 0 0 0 0 0 0 0 0 0 0 0 0 0 11 
11 0 0 11 0 11 15 0 0 0 0 0 0 0 0 11 0 0 15 0 0 11 0 0 11 0 0 0 0 0 11 11 0 0 0 0 0 0 11 
11 0 0 11 0 0 0 0 0 0 0 0 11 0 0 0 11 11 0 0 11 0 11 0 0 0 0 0 0 0 14 11 0 0 0 0 0 0 11 
11 0 0 0 0 0 0 11 0 11 0 0 0 0 0 0 11 0 11 0 11 11 0 0 0 0 0 0 11 11 0 0 11 11 0 11 12 11 11 
11 0 0 0 0 11 0 11 0 0 11 11 0 0 0 0 0 0 0 0 0 0 11 0 0 0 11 0 0 0 0 0 11 11 0 0 0 0 11 
11 0 0 11 11 0 0 11 11 11 0 0 0 0 11 11 11 0 0 0 0 0 0 0 0 0 0 0 11 0 0 11 0 11 0 0 0 11 11 
11 0 0 0 0 0 0 0 0 0 0 11 0 0 0 0 0 0 0 0 0 0 0 0 0 0 0 0 0 0 0 0 0 11 0 0 0 0 11 
11 0 11 11 0 0 0 0 0 0 0 11 0 0 0 0 0 0 0 0 0 0 0 11 11 0 0 15 0 0 11 0 0 0 11 0 0 11 11 
11 11 0 0 0 0 0 0 0 0 0 0 0 0 0 0 11 0 0 0 0 11 0 0 0 0 0 0 0 0 0 0 0 0 0 0 0 0 11 
11 0 0 0 0 0 11 0 11 0 0 0 0 0 0 0 0 0 11 0 0 0 0 0 11 0 11 11 0 0 0 0 0 0 0 0 0 0 11 
11 0 0 0 11 0 0 0 0 11 0 0 0 0 0 0 11 11 0 11 0 0 0 0 0 0 0 0 0 0 0 0 0 0 11 11 0 0 11 
11 0 0 0 0 0 0 0 11 0 0 0 0 0 0 0 0 11 0 0 0 0 0 0 11 0 0 0 0 0 0 11 0 0 11 0 0 0 11 
11 0 0 0 0 11 11 0 0 0 0 11 0 0 0 11 0 0 11 0 0 11 11 0 0 11 0 0 0 0 0 0 0 0 11 11 0 0 11 
11 11 0 0 0 11 0 11 11 11 0 0 0 0 0 0 0 0 11 0 0 0 0 0 0 0 0 0 11 0 11 0 0 0 0 11 0 0 11 
11 0 11 0 0 0 0 11 0 0 0 0 0 0 11 11 0 11 0 11 0 0 0 0 0 11 0 0 0 0 0 11 0 0 0 0 0 0 11 
11 0 11 0 11 0 11 0 0 0 0 0 11 0 0 0 0 0 0 0 0 11 0 0 0 0 11 0 0 0 0 0 0 11 0 0 0 0 11 
11 0 11 0 0 0 0 11 0 0 0 0 0 0 0 0 11 0 11 11 11 0 0 0 0 0 0 0 0 0 0 0 0 11 0 0 0 0 11 
11 11 11 0 11 0 0 0 0 15 0 0 0 0 0 0 0 0 0 0 0 0 0 0 0 0 0 0 0 0 0 0 0 0 0 0 0 0 11 
11 0 0 0 0 0 0 0 11 0 11 11 0 13 11 0 0 11 11 11 0 11 0 0 0 0 0 0 0 0 0 0 0 0 0 0 0 0 11 
11 0 0 0 0 0 11 0 11 0 0 0 0 0 11 0 0 0 0 0 0 0 0 11 0 0 0 0 0 0 0 0 0 0 0 11 0 0 11 
11 0 11 0 0 0 11 0 0 0 11 0 0 11 0 11 0 0 0 0 0 0 11 0 0 0 0 0 0 11 0 0 0 0 0 0 0 0 11 
11 11 0 0 0 0 0 0 11 0 0 0 0 0 0 0 0 0 0 11 0 0 0 0 15 11 0 0 0 0 0 0 0 0 0 0 11 0 11 
11 11 0 11 0 0 0 0 0 0 0 0 0 0 0 0 0 11 11 0 0 0 0 0 0 0 0 0 0 11 0 0 0 15 0 11 0 0 11 
11 0 0 0 0 0 0 11 0 11 0 11 11 0 0 11 11 0 0 0 11 11 11 11 11 0 0 0 11 11 0 0 0 0 0 0 0 11 11 
11 0 0 0 11 0 11 0 0 0 0 0 0 0 0 0 0 0 0 11 11 0 0 0 11 0 0 0 0 0 0 11 0 0 0 11 0 0 11 
11 0 0 0 11 0 0 0 0 0 0 0 0 0 0 0 0 0 0 11 0 0 0 0 0 0 0 11 0 0 12 0 11 0 0 0 0 0 11 
11 0 11 0 0 0 11 0 0 0 0 0 0 11 0 0 0 11 0 0 0 0 11 0 0 0 0 0 0 0 11 11 0 11 0 0 0 11 11 
11 11 0 11 0 0 0 0 0 0 0 0 11 0 11 0 0 0 0 0 0 0 0 0 11 0 0 0 0 0 0 0 11 11 0 11 0 0 11 
11 11 0 0 0 0 11 0 0 0 0 11 0 0 0 0 0 0 0 0 0 0 0 0 0 0 0 0 0 0 0 0 0 0 0 0 0 0 11 
11 11 11 11 11 11 11 11 11 11 11 11 11 11 11 11 11 11 11 11 11 11 11 11 11 11 11 11 11 11 11 11 11 11 11 11 11 11 11 

16303
11 11 11 11 11 11 11 11 11 11 11 11 11 11 11 11 11 11 11 11 11 11 11 11 11 11 11 11 11 11 11 11 11 11 11 11 11 11 11 
11 0 0 0 11 0 0 0 11 0 0 0 0 0 0 0 0 0 0 0 11 0 0 0 0 11 11 0 0 0 0 0 0 0 0 0 0 0 11 
11 0 0 0 0 0 0 0 0 0 0 0 0 0 0 11 0 0 0 0 0 0 0 0 0 11 11 0 0 11 11 11 0 0 0 0 0 0 11 
11 0 11 0 0 0 0 0 11 0 11 0 11 0 0 0 0 0 0 0 0 0 13 0 0 0 0 11 11 11 11 0 11 0 0 11 0 0 11 
11 11 0 0 0 0 0 0 11 0 0 0 0 0 0 0 11 0 11 0 0 0 0 0 0 0 0 0 11 11 0 0 0 0 11 0 0 0 11 
11 0 0 0 0 11 11 0 0 11 11 0 0 0 0 0 0 0 0 11 0 0 11 0 0 0 0 0 0 0 0 0 11 0 0 0 0 0 11 
11 0 0 0 0 0 0 0 0 11 0 0 0 11 0 0 0 11 0 0 0 0 0 0 0 11 0 11 0 11 0 0 0 0 0 0 0 0 11 
11 0 0 0 0 0 15 0 0 0 0 11 0 0 11 0 0 0 0 0 0 0 11 0 11 0 0 0 0 0 0 0 0 0 0 0 0 0 11 
11 0 0 11 0 11 15 0 0 0 0 0 0 0 0 11 0 0 15 0 0 11 0 0 11 0 0 0 0 0 11 11 0 0 0 0 0 0 11 
11 0 0 11 0 0 0 0 0 0 0 0 11 0 0 0 11 11 0 0 11 0 11 0 0 0 0 0 0 0 14 11 0 0 0 0 0 0 11 
11 0 0 0 0 0 0 11 0 11 0 0 0 0 0 0 11 0 11 0 11 11 0 0 0 0 0 0 11 11 0 0 11 11 0 11 12 11 11 
11 0 0 0 0 11 0 11 0 0 11 11 0 0 0 0 0 0 0 0 0 0 11 0 0 0 11 0 0 0 0 0 11 11 0 0 0 0 11 
11 0 0 11 11 0 0 11 11 11 0 0 0 0 11 11 11 0 0 0 0 0 0 0 0 0 0 0 11 0 0 11 0 11 0 0 0 11 11 
11 0 0 0 0 0 0 0 0 0 0 11 0 0 0 0 0 0 0 0 0 0 0 0 0 0 0 0 0 0 0 0 0 11 0 0 0 0 11 
11 0 11 11 0 0 0 0 0 0 0 11 0 0 0 0 0 0 0 0 0 0 0 11 11 0 0 15 0 0 11 0 0 0 11 0 0 11 11 
11 11 0 0 0 0 0 0 0 0 0 0 0 0 0 0 11 0 0 0 0 11 0 0 0 0 0 0 0 0 0 0 0 0 0 0 0 0 11 
11 0 0 0 0 0 11 0 11 0 0 0 0 0 0 0 0 0 11 0 0 0 0 0 11 0 11 11 0 0 0 0 0 0 0 0 0 0 11 
11 0 0 0 11 0 0 0 0 11 0 0 0 0 0 0 11 11 0 11 0 0 0 0 0 0 0 0 0 0 0 0 0 0 11 11 0 0 11 
11 0 0 0 0 0 0 0 11 0 0 0 0 0 0 0 0 11 0 0 0 0 0 0 11 0 0 0 0 0 0 11 0 0 11 0 0 0 11 
11 0 0 0 0 11 11 0 0 0 0 11 0 0 0 11 0 0 11 0 0 11 11 0 0 11 0 0 0 0 0 0 0 0 11 11 0 0 11 
11 11 0 0 0 11 0 11 11 11 0 0 0 0 0 0 0 0 11 0 0 0 0 0 0 0 0 0 11 0 11 0 0 0 0 11 0 0 11 
11 0 11 0 0 0 0 11 0 0 0 0 0 0 11 11 0 11 0 11 0 0 0 0 0 11 0 0 0 0 0 11 0 0 0 0 0 0 11 
11 0 11 0 11 0 11 0 0 0 0 0 11 0 0 0 0 0 0 0 0 11 0 0 0 0 11 0 0 0 0 0 0 11 0 0 0 0 11 
11 0 11 0 0 0 0 11 0 0 0 0 0 0 0 0 11 0 11 11 11 0 0 0 0 0 0 0 0 0 0 0 0 11 0 0 0 0 11 
11 11 11 0 11 0 0 0 0 15 0 0 0 0 0 0 0 0 0 0 0 0 0 0 0 0 0 0 0 0 0 0 0 0 0 0 0 0 11 
11 0 0 0 0 0 0 0 11 0 11 11 0 13 11 0 0 11 11 11 0 11 0 0 0 0 0 0 0 0 0 0 0 0 0 0 0 0 11 
11 0 0 0 0 0 11 0 11 0 0 0 0 0 11 0 0 0 0 0 0 0 0 11 0 0 0 0 0 0 0 0 0 0 0 11 0 0 11 
11 0 11 0 0 0 11 0 0 0 11 0 0 11 0 11 0 0 0 0 0 0 11 0 0 0 0 0 0 11 0 0 0 0 0 0 0 0 11 
11 11 0 0 0 0 0 0 11 0 0 0 0 0 0 0 0 0 0 11 0 0 0 0 15 11 0 0 0 0 0 0 0 0 0 0 11 0 11 
11 11 0 11 0 0 0 0 0 0 0 0 0 0 0 0 0 11 11 0 0 0 0 0 0 0 0 0 0 11 0 0 0 15 0 11 0 0 11 
11 0 0 0 0 0 0 11 0 11 0 11 11 0 0 11 11 0 0 0 11 11 11 11 11 0 0 0 11 11 0 0 0 0 0 0 0 11 11 
11 0 0 0 11 0 11 0 0 0 0 0 0 0 0 0 0 0 0 11 11 0 0 0 11 0 0 0 0 0 0 11 0 0 0 11 0 0 11 
11 0 0 0 11 0 0 0 0 0 0 0 0 0 0 0 0 0 0 11 0 0 0 0 0 0 0 11 0 0 12 0 11 0 0 0 0 0 11 
11 0 11 0 0 0 11 0 0 0 0 0 0 11 0 0 0 11 0 0 0 0 11 0 0 0 0 0 0 0 11 11 0 11 0 0 0 11 11 
11 11 0 11 0 0 0 0 0 0 0 0 11 0 11 0 0 0 0 0 0 0 0 0 11 0 0 0 0 0 0 0 11 11 0 11 0 0 11 
11 11 0 0 0 0 11 0 0 0 0 11 0 0 0 0 0 0 0 0 0 0 0 0 0 0 0 0 0 0 0 0 0 0 0 0 0 0 11 
11 11 11 11 11 11 11 11 11 11 11 11 11 11 11 11 11 11 11 11 11 11 11 11 11 11 11 11 11 11 11 11 11 11 11 11 11 11 11 

16303
11 11 11 11 11 11 11 11 11 11 11 11 11 11 11 11 11 11 11 11 11 11 11 11 11 11 11 11 11 11 11 11 11 11 11 11 11 11 11 
11 0 0 0 11 0 0 0 11 0 0 0 0 0 0 0 0 0 0 0 11 0 0 0 0 11 11 0 0 0 0 0 0 0 0 0 0 0 11 
11 0 0 0 0 0 0 0 0 0 0 0 0 0 0 11 0 0 0 0 0 0 0 0 0 11 11 0 0 11 11 11 0 0 0 0 0 0 11 
11 0 11 0 0 0 0 0 11 0 11 0 11 0 0 0 0 0 0 0 0 0 13 0 0 0 0 11 11 11 11 0 11 0 0 11 0 0 11 
11 11 0 0 0 0 0 0 11 0 0 0 0 0 0 0 11 0 11 0 0 0 0 0 0 0 0 0 11 11 0 0 0 0 11 0 0 0 11 
11 0 0 0 0 11 11 0 0 11 11 0 0 0 0 0 0 0 0 11 0 0 11 0 0 0 0 0 0 0 0 0 11 0 0 0 0 0 11 
11 0 0 0 0 0 0 0 0 11 0 0 0 11 0 0 0 11 0 0 0 0 0 0 0 11 0 11 0 11 0 0 0 0 0 0 0 0 11 
11 0 0 0 0 0 15 0 0 0 0 11 0 0 11 0 0 0 0 0 0 0 11 0 11 0 0 0 0 0 0 0 0 0 0 0 0 0 11 
11 0 0 11 0 11 15 0 0 0 0 0 0 0 0 11 0 0 15 0 0 11 0 0 11 0 0 0 0 0 11 11 0 0 0 0 0 0 11 
11 0 0 11 0 0 0 0 0 0 0 0 11 0 0 0 11 11 0 0 11 0 11 0 0 0 0 0 0 0 14 11 0 0 0 0 0 0 11 
11 0 0 0 0 0 0 11 0 11 0 0 0 0 0 0 11 0 11 0 11 11 0 0 0 0 0 0 11 11 0 0 11 11 0 11 12 11 11 
11 0 0 0 0 11 0 11 0 0 11 11 0 0 0 0 0 0 0 0 0 0 11 0 0 0 11 0 0 0 0 0 11 11 0 0 0 0 11 
11 0 0 11 11 0 0 11 11 11 0 0 0 0 11 11 11 0 0 0 0 0 0 0 0 0 0 0 11 0 0 11 0 11 0 0 0 11 11 
11 0 0 0 0 0 0 0 0 0 0 11 0 0 0 0 0 0 0 0 0 0 0 0 0 0 0 0 0 0 0 0 0 11 0 0 0 0 11 
11 0 11 11 0 0 0 0 0 0 0 11 0 0 0 0 0 0 0 0 0 0 0 11 11 0 0 15 0 0 11 0 0 0 11 0 0 11 11 
11 11 0 0 0 0 0 0 0 0 0 0 0 0 0 0 11 0 0 0 0 11 0 0 0 0 0 0 0 0 0 0 0 0 0 0 0 0 11 
11 0 0 0 0 0 11 0 11 0 0 0 0 0 0 0 0 0 11 0 0 0 0 0 11 0 11 11 0 0 0 0 0 0 0 0 0 0 11 
11 0 0 0 11 0 0 0 0 11 0 0 0 0 0 0 11 11 0 11 0 0 0 0 0 0 0 0 0 0 0 0 0 0 11 11 0 0 11 
11 0 0 0 0 0 0 0 11 0 0 0 0 0 0 0 0 11 0 0 0 0 0 0 11 0 0 0 0 0 0 11 0 0 11 0 0 0 11 
11 0 0 0 0 11 11 0 0 0 0 11 0 0 0 11 0 0 11 0 0 11 11 0 0 11 0 0 0 0 0 0 0 0 11 11 0 0 11 
11 11 0 0 0 11 0 11 11 11 0 0 0 0 0 0 0 0 11 0 0 0 0 0 0 0 0 0 11 0 11 0 0 0 0 11 0 0 11 
11 0 11 0 0 0 0 11 0 0 0 0 0 0 11 11 0 11 0 11 0 0 0 0 0 11 0 0 0 0 0 11 0 0 0 0 0 0 11 
11 0 11 0 11 0 11 0 0 0 0 0 11 0 0 0 0 0 0 0 0 11 0 0 0 0 11 0 0 0 0 0 0 11 0 0 0 0 11 
11 0 11 0 0 0 0 11 0 0 0 0 0 0 0 0 11 0 11 11 11 0 0 0 0 0 0 0 0 0 0 0 0 11 0 0 0 0 11 
11 11 11 0 11 0 0 0 0 15 0 0 0 0 0 0 0 0 0 0 0 0 0 0 0 0 0 0 0 0 0 0 0 0 0 0 0 0 11 
11 0 0 0 0 0 0 0 11 0 11 11 0 13 11 0 0 11 11 11 0 11 0 0 0 0 0 0 0 0 0 0 0 0 0 0 0 0 11 
11 0 0 0 0 0 11 0 11 0 0 0 0 0 11 0 0 0 0 0 0 0 0 11 0 0 0 0 0 0 0 0 0 0 0 11 0 0 11 
11 0 11 0 0 0 11 0 0 0 11 0 0 11 0 11 0 0 0 0 0 0 11 0 0 0 0 0 0 11 0 0 0 0 0 0 0 0 11 
11 11 0 0 0 0 0 0 11 0 0 0 0 0 0 0 0 0 0 11 0 0 0 0 15 11 0 0 0 0 0 0 0 0 0 0 11 0 11 
11 11 0 11 0 0 0 0 0 0 0 0 0 0 0 0 0 11 11 0 0 0 0 0 0 0 0 0 0 11 0 0 0 15 0 11 0 0 11 
11 0 0 0 0 0 0 11 0 11 0 11 11 0 0 11 11 0 0 0 11 11 11 11 11 0 0 0 11 11 0 0 0 0 0 0 0 11 11 
11 0 0 0 11 0 11 0 0 0 0 0 0 0 0 0 0 0 0 11 11 0 0 0 11 0 0 0 0 0 0 11 0 0 0 11 0 0 11 
11 0 0 0 11 0 0 0 0 0 0 0 0 0 0 0 0 0 0 11 0 0 0 0 0 0 0 11 0 0 12 0 11 0 0 0 0 0 11 
11 0 11 0 0 0 11 0 0 0 0 0 0 11 0 0 0 11 0 0 0 0 11 0 0 0 0 0 0 0 11 11 0 11 0 0 0 11 11 
11 11 0 11 0 0 0 0 0 0 0 0 11 0 11 0 0 0 0 0 0 0 0 0 11 0 0 0 0 0 0 0 11 11 0 11 0 0 11 
11 11 0 0 0 0 11 0 0 0 0 11 0 0 0 0 0 0 0 0 0 0 0 0 0 0 0 0 0 0 0 0 0 0 0 0 0 0 11 
11 11 11 11 11 11 11 11 11 11 11 11 11 11 11 11 11 11 11 11 11 11 11 11 11 11 11 11 11 11 11 11 11 11 11 11 11 11 11 

16391
11 11 11 11 11 11 11 11 11 11 11 11 11 11 11 11 11 11 11 11 11 11 11 11 11 11 11 11 11 11 11 11 11 11 11 11 11 11 11 
11 0 0 0 11 0 0 0 11 0 0 0 0 0 0 0 0 0 0 0 11 0 0 0 0 11 11 0 0 0 0 0 0 0 0 0 0 0 11 
11 0 0 0 0 0 0 0 0 0 0 0 0 0 0 11 0 0 0 0 0 0 0 0 0 11 11 0 0 11 11 11 0 0 0 0 0 0 11 
11 0 11 0 0 0 0 0 11 0 11 0 11 0 0 0 0 0 0 0 0 0 0 0 0 0 0 11 11 11 11 0 11 0 0 11 0 0 11 
11 11 0 0 0 0 0 0 11 0 0 0 0 0 15 0 11 0 11 11 0 0 0 0 0 0 0 0 11 11 0 0 0 0 11 0 0 0 11 
11 0 0 0 0 11 11 0 0 0 11 0 0 0 0 0 0 0 0 11 0 11 11 0 0 0 0 0 0 0 0 0 11 0 0 0 0 0 11 
11 0 0 0 0 0 0 0 0 11 0 0 0 11 0 0 0 11 0 0 11 0 0 0 0 11 0 0 0 11 0 0 0 0 0 0 0 0 11 
11 0 0 0 11 0 0 0 0 0 0 11 0 0 11 0 0 0 0 0 0 0 11 0 11 0 0 0 0 0 0 0 0 0 0 0 0 0 11 
11 15 0 11 0 11 0 0 0 0 0 0 0 0 0 11 0 0 0 0 0 0 0 0 11 0 0 0 0 0 11 11 0 0 0 0 0 0 11 
11 0 0 11 0 0 15 0 0 0 0 0 11 0 0 0 11 11 0 0 11 0 11 0 0 0 0 0 0 0 0 11 0 0 0 0 0 0 11 
11 0 0 0 0 0 0 11 11 11 0 0 0 0 0 0 0 0 11 0 11 11 0 0 0 0 0 0 11 11 0 0 0 11 0 11 0 11 11 
11 0 0 0 0 11 0 11 0 0 11 0 0 0 0 0 11 0 0 0 0 0 11 0 0 0 11 0 0 0 0 0 11 0 0 0 11 0 11 
11 0 0 11 11 0 0 11 11 11 0 0 0 0 11 11 11 0 0 0 0 0 0 0 0 0 0 0 0 0 0 11 11 11 0 0 0 11 11 
11 0 0 0 0 0 0 0 0 0 0 11 0 0 0 0 0 0 0 0 0 0 0 0 0 0 0 0 0 0 0 0 0 11 0 0 0 0 11 
11 0 11 11 0 0 0 0 0 0 0 11 0 0 0 0 0 0 0 0 0 0 0 11 11 0 0 15 0 0 11 0 0 11 11 0 0 11 11 
11 11 0 0 0 0 0 0 0 11 0 0 0 0 0 0 11 0 0 0 0 11 0 0 0 0 0 0 0 15 0 0 0 0 0 0 0 0 11 
11 0 0 0 0 0 11 0 11 0 0 0 0 0 0 0 0 0 11 0 0 0 0 0 11 0 11 11 0 0 0 0 0 0 0 0 0 0 11 
11 0 0 0 11 0 0 0 0 11 0 0 0 0 0 0 11 11 0 11 0 0 0 0 0 0 0 0 0 0 0 0 0 0 11 11 11 0 11 
11 0 0 0 0 0 0 0 11 0 0 0 0 0 0 0 0 11 0 0 0 0 0 0 11 0 0 0 0 0 0 11 0 0 11 0 0 0 11 
11 0 0 0 0 11 11 15 0 0 0 11 0 0 0 11 0 0 11 0 0 11 11 0 0 11 0 0 0 0 0 0 0 0 11 11 0 0 11 
11 11 0 0 0 11 0 11 11 11 0 0 0 0 0 0 0 0 11 0 0 0 0 0 0 0 0 0 11 0 11 0 0 0 0 11 0 0 11 
11 0 11 0 0 0 0 11 0 0 0 0 0 0 11 11 0 11 0 11 0 0 0 0 0 11 0 0 0 0 0 11 0 0 0 0 0 0 11 
11 0 11 0 11 0 11 0 0 0 0 0 11 0 0 0 0 0 0 0 0 11 0 0 0 0 11 0 0 0 0 0 0 11 0 0 0 0 11 
11 0 11 0 0 0 0 11 0 0 0 0 0 0 0 11 11 0 11 11 11 0 0 0 0 0 0 0 0 0 0 0 0 11 0 0 0 0 11 
11 11 11 0 11 11 0 0 0 0 0 0 0 14 0 0 0 0 0 0 0 0 15 11 0 0 0 0 0 0 0 0 0 0 0 0 0 0 11 
11 0 0 0 0 0 0 0 11 0 11 11 0 0 11 0 0 11 11 11 0 11 0 0 0 0 0 0 0 0 0 0 0 0 0 0 0 0 11 
11 0 0 0 0 0 11 0 11 0 0 0 0 0 11 0 0 0 0 0 0 0 0 11 0 0 0 0 0 0 0 0 0 0 0 11 0 0 11 
11 0 11 11 0 0 11 0 0 0 11 0 0 11 0 11 0 0 0 0 0 0 11 0 0 0 0 0 0 11 0 0 0 0 0 0 0 0 11 
11 0 0 0 0 0 0 0 11 0 0 0 0 0 0 0 0 0 0 11 0 0 0 0 0 11 0 0 0 0 0 0 0 15 0 0 11 0 11 
11 11 0 0 0 0 0 0 0 0 0 0 11 11 0 0 0 11 11 0 0 0 0 0 0 0 0 0 0 11 0 0 0 0 0 11 0 0 11 
11 0 0 0 0 0 0 11 0 11 0 11 11 0 0 11 0 0 0 0 11 11 11 0 11 0 0 0 11 11 0 0 0 0 0 0 0 11 11 
11 0 0 0 11 0 11 0 0 0 0 0 0 0 0 0 0 0 0 11 11 0 0 0 0 0 0 0 0 0 15 11 0 11 0 11 0 0 11 
11 0 0 0 11 0 0 0 0 0 0 0 0 0 0 0 0 0 0 11 0 0 0 0 0 0 0 11 0 0 0 0 11 0 0 0 0 0 11 
11 0 11 0 0 0 11 0 0 0 0 0 0 0 0 0 0 11 0 0 0 0 11 0 0 0 0 0 0 0 11 11 0 11 0 0 0 11 11 
11 11 0 11 0 0 0 0 0 0 0 0 11 0 11 0 0 0 0 0 0 0 0 11 11 0 0 0 0 0 0 0 11 0 0 11 0 0 11 
11 11 0 0 0 0 11 0 0 0 0 11 0 0 0 0 0 0 0 0 0 0 0 0 0 0 0 0 0 0 0 0 0 0 0 0 0 0 11 
11 11 11 11 11 11 11 11 11 11 11 11 11 11 11 11 11 11 11 11 11 11 11 11 11 11 11 11 11 11 11 11 11 11 11 11 11 11 11 

16391
11 11 11 11 11 11 11 11 11 11 11 11 11 11 11 11 11 11 11 11 11 11 11 11 11 11 11 11 11 11 11 11 11 11 11 11 11 11 11 
11 0 0 0 11 0 0 0 11 0 0 0 0 0 0 0 0 0 0 0 11 0 0 0 0 11 11 0 0 0 0 0 0 0 0 0 0 0 11 
11 0 0 0 0 0 0 0 0 0 0 0 0 0 0 11 0 0 0 0 0 0 0 0 0 11 11 0 0 11 11 11 0 0 0 0 0 0 11 
11 0 11 0 0 0 0 0 11 0 11 0 11 0 0 0 0 0 0 0 0 0 0 0 0 0 0 11 11 11 11 0 11 0 0 11 0 0 11 
11 11 0 0 0 0 0 0 11 0 0 0 0 0 15 0 11 0 11 11 0 0 0 0 0 0 0 0 11 11 0 0 0 0 11 0 0 0 11 
11 0 0 0 0 11 11 0 0 0 11 0 0 0 0 0 0 0 0 11 0 11 11 0 0 0 0 0 0 0 0 0 11 0 0 0 0 0 11 
11 0 0 0 0 0 0 0 0 11 0 0 0 11 0 0 0 11 0 0 11 0 0 0 0 11 0 0 0 11 0 0 0 0 0 0 0 0 11 
11 0 0 0 11 0 0 0 0 0 0 11 0 0 11 0 0 0 0 0 0 0 11 0 11 0 0 0 0 0 0 0 0 0 0 0 0 0 11 
11 15 0 11 0 11 0 0 0 0 0 0 0 0 0 11 0 0 0 0 0 0 0 0 11 0 0 0 0 0 11 11 0 0 0 0 0 0 11 
11 0 0 11 0 0 15 0 0 0 0 0 11 0 0 0 11 11 0 0 11 0 11 0 0 0 0 0 0 0 0 11 0 0 0 0 0 0 11 
11 0 0 0 0 0 0 11 11 11 0 0 0 0 0 0 0 0 11 0 11 11 0 0 0 0 0 0 11 11 0 0 0 11 0 11 0 11 11 
11 0 0 0 0 11 0 11 0 0 11 0 0 0 0 0 11 0 0 0 0 0 11 0 0 0 11 0 0 0 0 0 11 0 0 0 11 0 11 
11 0 0 11 11 0 0 11 11 11 0 0 0 0 11 11 11 0 0 0 0 0 0 0 0 0 0 0 0 0 0 11 11 11 0 0 0 11 11 
11 0 0 0 0 0 0 0 0 0 0 11 0 0 0 0 0 0 0 0 0 0 0 0 0 0 0 0 0 0 0 0 0 11 0 0 0 0 11 
11 0 11 11 0 0 0 0 0 0 0 11 0 0 0 0 0 0 0 0 0 0 0 11 11 0 0 15 0 0 11 0 0 11 11 0 0 11 11 
11 11 0 0 0 0 0 0 0 11 0 0 0 0 0 0 11 0 0 0 0 11 0 0 0 0 0 0 0 15 0 0 0 0 0 0 0 0 11 
11 0 0 0 0 0 11 0 11 0 0 0 0 0 0 0 0 0 11 0 0 0 0 0 11 0 11 11 0 0 0 0 0 0 0 0 0 0 11 
11 0 0 0 11 0 0 0 0 11 0 0 0 0 0 0 11 11 0 11 0 0 0 0 0 0 0 0 0 0 0 0 0 0 11 11 11 0 11 
11 0 0 0 0 0 0 0 11 0 0 0 0 0 0 0 0 11 0 0 0 0 0 0 11 0 0 0 0 0 0 11 0 0 11 0 0 0 11 
11 0 0 0 0 11 11 15 0 0 0 11 0 0 0 11 0 0 11 0 0 11 11 0 0 11 0 0 0 0 0 0 0 0 11 11 0 0 11 
11 11 0 0 0 11 0 11 11 11 0 0 0 0 0 0 0 0 11 0 0 0 0 0 0 0 0 0 11 0 11 0 0 0 0 11 0 0 11 
11 0 11 0 0 0 0 11 0 0 0 0 0 0 11 11 0 11 0 11 0 0 0 0 0 11 0 0 0 0 0 11 0 0 0 0 0 0 11 
11 0 11 0 11 0 11 0 0 0 0 0 11 0 0 0 0 0 0 0 0 11 0 0 0 0 11 0 0 0 0 0 0 11 0 0 0 0 11 
11 0 11 0 0 0 0 11 0 0 0 0 0 0 0 11 11 0 11 11 11 0 0 0 0 0 0 0 0 0 0 0 0 11 0 0 0 0 11 
11 11 11 0 11 11 0 0 0 0 0 0 0 14 0 0 0 0 0 0 0 0 15 11 0 0 0 0 0 0 0 0 0 0 0 0 0 0 11 
11 0 0 0 0 0 0 0 11 0 11 11 0 0 11 0 0 11 11 11 0 11 0 0 0 0 0 0 0 0 0 0 0 0 0 0 0 0 11 
11 0 0 0 0 0 11 0 11 0 0 0 0 0 11 0 0 0 0 0 0 0 0 11 0 0 0 0 0 0 0 0 0 0 0 11 0 0 11 
11 0 11 11 0 0 11 0 0 0 11 0 0 11 0 11 0 0 0 0 0 0 11 0 0 0 0 0 0 11 0 0 0 0 0 0 0 0 11 
11 0 0 0 0 0 0 0 11 0 0 0 0 0 0 0 0 0 0 11 0 0 0 0 0 11 0 0 0 0 0 0 0 15 0 0 11 0 11 
11 11 0 0 0 0 0 0 0 0 0 0 11 11 0 0 0 11 11 0 0 0 0 0 0 0 0 0 0 11 0 0 0 0 0 11 0 0 11 
11 0 0 0 0 0 0 11 0 11 0 11 11 0 0 11 0 0 0 0 11 11 11 0 11 0 0 0 11 11 0 0 0 0 0 0 0 11 11 
11 0 0 0 11 0 11 0 0 0 0 0 0 0 0 0 0 0 0 11 11 0 0 0 0 0 0 0 0 0 15 11 0 11 0 11 0 0 11 
11 0 0 0 11 0 0 0 0 0 0 0 0 0 0 0 0 0 0 11 0 0 0 0 0 0 0 11 0 0 0 0 11 0 0 0 0 0 11 
11 0 11 0 0 0 11 0 0 0 0 0 0 0 0 0 0 11 0 0 0 0 11 0 0 0 0 0 0 0 11 11 0 11 0 0 0 11 11 
11 11 0 11 0 0 0 0 0 0 0 0 11 0 11 0 0 0 0 0 0 0 0 11 11 0 0 0 0 0 0 0 11 0 0 11 0 0 11 
11 11 0 0 0 0 11 0 0 0 0 11 0 0 0 0 0 0 0 0 0 0 0 0 0 0 0 0 0 0 0 0 0 0 0 0 0 0 11 
11 11 11 11 11 11 11 11 11 11 11 11 11 11 11 11 11 11 11 11 11 11 11 11 11 11 11 11 11 11 11 11 11 11 11 11 11 11 11 

16391
11 11 11 11 11 11 11 11 11 11 11 11 11 11 11 11 11 11 11 11 11 11 11 11 11 11 11 11 11 11 11 11 11 11 11 11 11 11 11 
11 0 0 0 11 0 0 0 11 0 0 0 0 0 0 0 0 0 0 0 11 0 0 0 0 11 11 0 0 0 0 0 0 0 0 0 0 0 11 
11 0 0 0 0 0 0 0 0 0 0 0 0 0 0 11 0 0 0 0 0 0 0 0 0 11 11 0 0 11 11 11 0 0 0 0 0 0 11 
11 0 11 0 0 0 0 0 11 0 11 0 11 0 0 0 0 0 0 0 0 0 0 0 0 0 0 11 11 11 11 0 11 0 0 11 0 0 11 
11 11 0 0 0 0 0 0 11 0 0 0 0 0 15 0 11 0 11 11 0 0 0 0 0 0 0 0 11 11 0 0 0 0 11 0 0 0 11 
11 0 0 0 0 11 11 0 0 0 11 0 0 0 0 0 0 0 0 11 0 11 11 0 0 0 0 0 0 0 0 0 11 0 0 0 0 0 11 
11 0 0 0 0 0 0 0 0 11 0 0 0 11 0 0 0 11 0 0 11 0 0 0 0 11 0 0 0 11 0 0 0 0 0 0 0 0 11 
11 0 0 0 11 0 0 0 0 0 0 11 0 0 11 0 0 0 0 0 0 0 11 0 11 0 0 0 0 0 0 0 0 0 0 0 0 0 11 
11 15 0 11 0 11 0 0 0 0 0 0 0 0 0 11 0 0 0 0 0 0 0 0 11 0 0 0 0 0 11 11 0 0 0 0 0 0 11 
11 0 0 11 0 0 15 0 0 0 0 0 11 0 0 0 11 11 0 0 11 0 11 0 0 0 0 0 0 0 0 11 0 0 0 0 0 0 11 
11 0 0 0 0 0 0 11 11 11 0 0 0 0 0 0 0 0 11 0 11 11 0 0 0 0 0 0 11 11 0 0 0 11 0 11 0 11 11 
11 0 0 0 0 11 0 11 0 0 11 0 0 0 0 0 11 0 0 0 0 0 11 0 0 0 11 0 0 0 0 0 11 0 0 0 11 0 11 
11 0 0 11 11 0 0 11 11 11 0 0 0 0 11 11 11 0 0 0 0 0 0 0 0 0 0 0 0 0 0 11 11 11 0 0 0 11 11 
11 0 0 0 0 0 0 0 0 0 0 11 0 0 0 0 0 0 0 0 0 0 0 0 0 0 0 0 0 0 0 0 0 11 0 0 0 0 11 
11 0 11 11 0 0 0 0 0 0 0 11 0 0 0 0 0 0 0 0 0 0 0 11 11 0 0 15 0 0 11 0 0 11 11 0 0 11 11 
11 11 0 0 0 0 0 0 0 11 0 0 0 0 0 0 11 0 0 0 0 11 0 0 0 0 0 0 0 15 0 0 0 0 0 0 0 0 11 
11 0 0 0 0 0 11 0 11 0 0 0 0 0 0 0 0 0 11 0 0 0 0 0 11 0 11 11 0 0 0 0 0 0 0 0 0 0 11 
11 0 0 0 11 0 0 0 0 11 0 0 0 0 0 0 11 11 0 11 0 0 0 0 0 0 0 0 0 0 0 0 0 0 11 11 11 0 11 
11 0 0 0 0 0 0 0 11 0 0 0 0 0 0 0 0 11 0 0 0 0 0 0 11 0 0 0 0 0 0 11 0 0 11 0 0 0 11 
11 0 0 0 0 11 11 15 0 0 0 11 0 0 0 11 0 0 11 0 0 11 11 0 0 11 0 0 0 0 0 0 0 0 11 11 0 0 11 
11 11 0 0 0 11 0 11 11 11 0 0 0 0 0 0 0 0 11 0 0 0 0 0 0 0 0 0 11 0 11 0 0 0 0 11 0 0 11 
11 0 11 0 0 0 0 11 0 0 0 0 0 0 11 11 0 11 0 11 0 0 0 0 0 11 0 0 0 0 0 11 0 0 0 0 0 0 11 
11 0 11 0 11 0 11 0 0 0 0 0 11 0 0 0 0 0 0 0 0 11 0 0 0 0 11 0 0 0 0 0 0 11 0 0 0 0 11 
11 0 11 0 0 0 0 11 0 0 0 0 0 0 0 11 11 0 11 11 11 0 0 0 0 0 0 0 0 0 0 0 0 11 0 0 0 0 11 
11 11 11 0 11 11 0 0 0 0 0 0 0 14 0 0 0 0 0 0 0 0 15 11 0 0 0 0 0 0 0 0 0 0 0 0 0 0 11 
11 0 0 0 0 0 0 0 11 0 11 11 0 0 11 0 0 11 11 11 0 11 0 0 0 0 0 0 0 0 0 0 0 0 0 0 0 0 11 
11 0 0 0 0 0 11 0 11 0 0 0 0 0 11 0 0 0 0 0 0 0 0 11 0 0 0 0 0 0 0 0 0 0 0 11 0 0 11 
11 0 11 11 0 0 11 0 0 0 11 0 0 11 0 11 0 0 0 0 0 0 11 0 0 0 0 0 0 11 0 0 0 0 0 0 0 0 11 
11 0 0 0 0 0 0 0 11 0 0 0 0 0 0 0 0 0 0 11 0 0 0 0 0 11 0 0 0 0 0 0 0 15 0 0 11 0 11 
11 11 0 0 0 0 0 0 0 0 0 0 11 11 0 0 0 11 11 0 0 0 0 0 0 0 0 0 0 11 0 0 0 0 0 11 0 0 11 
11 0 0 0 0 0 0 11 0 11 0 11 11 0 0 11 0 0 0 0 11 11 11 0 11 0 0 0 11 11 0 0 0 0 0 0 0 11 11 
11 0 0 0 11 0 11 0 0 0 0 0 0 0 0 0 0 0 0 11 11 0 0 0 0 0 0 0 0 0 15 11 0 11 0 11 0 0 11 
11 0 0 0 11 0 0 0 0 0 0 0 0 0 0 0 0 0 0 11 0 0 0 0 0 0 0 11 0 0 0 0 11 0 0 0 0 0 11 
11 0 11 0 0 0 11 0 0 0 0 0 0 0 0 0 0 11 0 0 0 0 11 0 0 0 0 0 0 0 11 11 0 11 0 0 0 11 11 
11 11 0 11 0 0 0 0 0 0 0 0 11 0 11 0 0 0 0 0 0 0 0 11 11 0 0 0 0 0 0 0 11 0 0 11 0 0 11 
11 11 0 0 0 0 11 0 0 0 0 11 0 0 0 0 0 0 0 0 0 0 0 0 0 0 0 0 0 0 0 0 0 0 0 0 0 0 11 
11 11 11 11 11 11 11 11 11 11 11 11 11 11 11 11 11 11 11 11 11 11 11 11 11 11 11 11 11 11 11 11 11 11 11 11 11 11 11 

16345
11 11 11 11 11 11 11 11 11 11 11 11 11 11 11 11 11 11 11 11 11 11 11 11 11 11 11 11 11 11 11 11 11 11 11 11 11 11 11 
11 0 0 0 11 0 0 0 11 0 0 0 0 0 0 0 0 0 0 0 11 0 0 0 0 11 11 0 0 0 0 0 0 0 0 0 0 0 11 
11 0 0 0 0 0 0 0 0 0 0 0 0 0 0 11 0 0 0 0 0 0 0 0 0 11 11 0 0 11 11 11 0 0 0 0 0 0 11 
11 0 11 0 0 0 0 0 11 0 11 0 11 0 0 0 0 0 0 0 0 0 0 0 0 0 0 11 11 11 11 0 11 0 0 11 0 0 11 
11 11 0 0 0 0 0 0 11 0 0 0 0 0 0 0 11 0 11 0 0 0 0 0 0 0 0 0 11 11 0 0 0 0 11 0 0 0 11 
11 0 0 0 0 11 11 0 0 0 11 0 0 0 0 0 0 0 0 11 0 11 11 0 0 0 0 0 0 0 0 0 11 0 0 0 0 0 11 
11 0 0 0 0 0 0 0 0 11 0 0 0 11 0 0 0 11 0 0 11 0 0 0 0 11 0 0 0 11 0 0 0 0 0 0 0 0 11 
11 0 0 0 11 0 0 0 0 0 0 11 0 0 11 0 0 0 0 0 0 0 11 0 11 0 0 0 0 0 0 0 0 0 0 0 0 0 11 
11 0 0 11 0 11 0 15 0 0 0 0 0 0 0 11 0 0 0 0 0 0 0 0 11 0 0 0 0 0 11 11 0 0 0 0 0 0 11 
11 0 0 11 0 0 0 15 0 0 0 0 11 0 0 0 11 11 0 0 11 14 11 0 0 0 0 0 0 0 0 11 0 0 0 0 0 0 11 
11 0 0 0 0 0 0 11 11 11 0 0 0 0 0 0 0 0 11 15 11 11 0 0 0 0 0 0 11 11 0 0 0 11 0 11 0 11 11 
11 0 0 0 0 11 0 11 0 0 11 0 0 0 0 0 11 0 0 0 0 0 11 0 0 0 11 0 0 0 0 0 11 0 0 0 12 0 11 
11 0 0 11 11 0 0 11 11 11 0 0 0 0 11 11 11 0 0 0 0 0 0 0 0 0 0 0 0 0 0 11 0 11 0 0 0 11 11 
11 0 0 0 0 0 0 0 0 0 0 11 0 0 0 0 0 0 0 0 0 0 0 0 0 0 0 0 0 0 0 0 0 11 0 0 0 0 11 
11 0 11 11 0 0 0 0 0 0 0 11 0 0 0 0 0 0 0 0 0 0 0 11 11 0 0 0 0 0 11 0 0 15 11 0 0 11 11 
11 11 0 0 0 0 0 0 0 11 0 0 0 0 0 0 11 0 0 0 0 11 0 0 0 0 0 0 0 0 0 0 0 0 0 0 0 0 11 
11 0 0 0 0 0 11 0 11 0 0 0 0 0 0 0 0 0 11 0 0 0 0 0 11 0 11 11 0 0 0 0 0 0 0 0 0 0 11 
11 0 0 0 11 0 0 0 0 11 0 0 0 0 0 0 11 11 0 11 0 0 0 0 0 0 0 0 0 0 0 0 0 0 11 11 11 0 11 
11 0 0 0 0 0 0 0 11 0 0 0 0 0 0 0 0 11 0 0 0 0 0 0 11 0 0 0 0 0 0 11 0 0 11 0 0 0 11 
11 0 0 0 0 11 11 0 0 0 0 11 0 0 0 11 0 0 11 0 0 11 11 0 0 11 0 0 0 0 0 0 0 0 11 11 0 0 11 
11 11 0 0 0 11 0 11 11 11 0 0 0 0 0 0 0 0 11 0 0 0 0 0 0 0 0 0 11 0 11 0 0 0 0 11 0 0 11 
11 0 11 0 0 0 0 11 0 0 0 0 0 0 11 11 0 11 0 11 0 0 0 0 0 11 0 0 0 0 0 11 0 0 0 0 0 0 11 
11 0 11 0 11 0 11 0 0 0 0 0 11 0 0 0 0 0 0 0 0 11 0 0 0 0 11 0 0 0 0 0 0 11 0 0 0 0 11 
11 0 11 0 0 0 0 11 0 0 0 0 0 0 0 11 11 0 11 11 11 0 0 0 0 0 0 0 0 0 0 0 0 11 0 0 0 0 11 
11 11 11 0 11 0 0 0 0 0 0 0 0 12 0 0 0 0 0 0 0 0 0 11 0 0 0 0 0 0 0 0 0 0 0 0 0 0 11 
11 0 0 0 0 0 0 13 11 0 11 11 0 0 11 0 0 11 11 11 0 11 0 0 0 0 0 0 0 0 0 0 0 0 0 0 0 0 11 
11 0 0 0 0 0 11 0 11 0 15 0 0 0 11 0 0 0 0 0 0 0 0 11 0 15 0 0 0 0 0 0 0 0 0 11 0 0 11 
11 0 11 11 0 0 11 0 0 0 11 0 0 11 0 11 0 0 0 0 0 0 11 15 0 0 0 0 0 11 0 0 0 0 0 0 0 0 11 
11 0 0 0 0 0 0 0 11 0 0 0 0 0 0 0 0 0 0 11 0 0 0 0 0 11 0 0 0 0 0 0 0 0 0 0 11 0 11 
11 11 0 0 0 0 0 0 0 0 0 0 11 11 0 0 0 11 11 0 0 0 0 0 0 0 0 0 0 11 15 0 0 0 0 11 0 0 11 
11 0 0 0 0 0 0 11 0 11 0 11 11 0 0 11 0 0 0 0 11 11 11 0 11 0 0 0 11 11 0 0 0 0 0 0 0 11 11 
11 0 0 0 11 0 11 0 0 0 0 0 0 0 0 0 0 0 0 11 11 0 0 0 0 0 0 0 0 0 0 11 0 11 0 11 0 0 11 
11 0 0 0 11 0 0 0 0 0 0 0 0 0 0 0 0 0 0 11 0 0 0 0 0 0 0 11 0 0 13 0 11 0 0 0 0 0 11 
11 0 11 0 0 0 11 0 0 0 0 0 0 0 0 0 0 11 0 0 0 0 11 0 0 0 0 0 0 0 11 11 0 11 0 0 0 11 11 
11 11 0 11 0 0 0 0 0 0 0 0 11 0 11 0 0 0 0 0 0 0 0 11 11 0 0 0 0 0 0 0 11 0 0 11 0 0 11 
11 11 0 0 0 0 11 0 0 0 0 11 0 0 0 0 0 0 0 0 0 0 0 0 0 0 0 0 0 0 0 0 0 0 0 0 0 0 11 
11 11 11 11 11 11 11 11 11 11 11 11 11 11 11 11 11 11 11 11 11 11 11 11 11 11 11 11 11 11 11 11 11 11 11 11 11 11 11 

16305
11 11 11 11 11 11 11 11 11 11 11 11 11 11 11 11 11 11 11 11 11 11 11 11 11 11 11 11 11 11 11 11 11 11 11 11 11 11 11 
11 0 0 0 11 0 0 0 11 0 0 0 0 0 0 0 0 0 0 12 11 0 0 0 0 11 11 0 0 0 0 0 0 0 0 0 0 0 11 
11 0 0 0 0 0 0 0 0 0 0 0 0 0 0 11 0 0 0 0 0 0 0 0 0 11 11 0 0 11 11 11 0 0 0 0 0 0 11 
11 0 11 0 0 0 0 0 11 0 11 0 11 0 0 0 0 0 0 0 0 0 0 0 0 0 0 11 11 11 11 0 11 0 0 11 0 0 11 
11 11 0 0 0 0 0 0 11 0 0 0 0 0 0 0 11 0 11 0 0 0 0 0 0 0 0 0 11 11 0 0 0 0 11 0 0 0 11 
11 0 0 0 0 11 11 0 0 0 11 0 0 0 0 0 0 0 0 11 0 11 11 0 0 0 0 0 0 0 0 0 11 0 0 0 0 0 11 
11 0 0 0 0 0 0 0 0 11 0 0 0 11 0 0 0 11 0 0 11 0 0 0 0 11 0 0 0 11 0 0 0 0 0 0 0 0 11 
11 0 0 0 11 14 0 0 0 0 0 11 0 0 11 0 0 0 0 0 15 0 11 0 11 0 0 0 0 0 0 0 0 0 0 0 0 0 11 
11 0 0 11 0 11 0 0 0 0 0 0 0 0 0 11 0 0 0 0 0 0 0 0 11 0 0 0 0 0 11 11 0 0 0 0 0 0 11 
11 0 0 11 0 0 0 15 0 0 0 0 11 0 0 0 11 11 0 0 11 0 11 0 0 0 0 0 0 0 0 11 0 0 0 0 0 0 11 
11 0 0 0 0 0 0 11 11 11 0 0 0 0 0 0 0 0 11 0 11 11 0 0 0 0 0 0 11 11 0 0 0 11 0 11 0 11 11 
11 0 0 0 0 11 0 11 0 0 11 0 0 0 0 0 11 0 0 0 0 0 11 0 0 0 11 0 0 0 0 0 11 0 0 0 13 0 11 
11 0 0 11 11 0 0 11 11 11 0 0 0 0 11 11 11 0 0 0 0 0 0 0 0 0 0 0 0 0 0 11 0 11 0 0 0 11 11 
11 0 0 0 0 0 0 0 0 0 0 11 0 0 0 0 0 0 0 0 0 0 0 0 0 0 0 0 0 0 0 0 0 11 0 0 0 0 11 
11 0 11 11 0 0 0 0 0 0 0 11 0 0 0 0 0 0 0 0 0 0 0 11 11 0 0 0 0 15 11 0 0 0 11 0 0 11 11 
11 11 0 0 0 0 0 0 0 11 0 0 0 0 0 0 11 0 0 0 0 11 0 0 0 0 0 0 0 0 0 0 0 0 0 0 0 0 11 
11 0 0 0 0 0 11 0 11 0 0 0 0 0 0 0 0 0 11 0 0 0 0 0 11 0 11 11 0 0 0 0 0 0 0 0 0 0 11 
11 0 0 0 11 0 0 0 0 11 0 0 0 0 0 0 11 11 0 11 0 0 0 0 0 0 14 0 0 0 0 0 0 0 11 11 11 0 11 
11 0 0 0 0 0 0 0 11 0 0 0 0 0 0 0 0 11 0 0 0 0 0 0 11 0 0 0 0 0 0 11 0 0 11 0 0 0 11 
11 0 0 0 0 11 11 15 0 0 0 11 0 0 0 11 0 0 11 0 0 11 11 0 0 11 0 0 0 0 0 0 0 0 11 11 0 0 11 
11 11 0 0 0 11 0 11 11 11 0 0 0 0 0 0 0 0 11 0 0 0 0 0 0 0 0 0 11 0 11 0 0 0 0 11 0 0 11 
11 0 11 0 0 0 0 11 0 0 0 0 0 0 11 11 0 11 0 11 0 0 0 0 0 11 0 0 0 0 0 11 0 0 0 0 0 0 11 
11 0 11 0 11 0 11 0 0 0 0 0 11 0 14 0 0 0 0 0 0 11 0 0 0 0 11 0 0 0 0 0 0 11 0 0 0 0 11 
11 0 11 0 0 0 0 11 0 0 0 0 0 0 0 11 11 0 11 11 11 0 0 0 0 0 0 0 0 0 0 0 0 11 0 0 0 0 11 
11 11 11 0 11 0 0 0 0 0 0 0 0 0 0 0 0 0 0 0 0 0 0 11 0 0 0 0 0 0 0 0 0 0 0 0 0 0 11 
11 0 0 0 0 0 0 0 11 0 11 11 0 0 11 0 0 11 11 11 0 11 0 0 0 0 0 0 0 0 0 0 0 0 0 0 0 0 11 
11 0 0 0 0 0 11 0 11 0 0 13 0 0 11 0 0 0 0 0 0 0 0 11 0 0 0 0 0 0 0 0 0 0 0 11 0 0 11 
11 0 11 11 0 0 11 0 0 0 11 0 0 11 0 11 0 0 0 0 0 0 11 0 0 0 0 0 0 11 0 0 0 0 0 0 0 0 11 
11 0 0 0 0 0 0 0 11 0 0 0 0 0 0 0 0 0 0 11 15 0 0 11 0 11 0 0 0 0 0 0 0 0 0 0 11 0 11 
11 11 0 0 0 0 0 0 0 0 0 0 11 11 0 0 0 11 11 0 0 0 0 0 0 0 0 0 0 11 0 0 0 0 0 11 0 0 11 
11 0 0 0 0 0 0 11 0 11 0 11 11 0 0 11 0 0 0 0 11 11 11 0 11 0 0 0 11 11 15 0 0 0 0 0 0 11 11 
11 0 0 0 11 0 11 0 0 0 0 0 0 0 0 0 0 0 0 11 11 0 0 0 0 0 0 0 0 0 0 11 0 11 0 11 0 0 11 
11 0 0 0 11 0 0 0 0 0 0 0 0 0 0 0 0 0 0 11 0 0 0 0 0 0 0 11 0 0 0 0 11 0 0 0 0 0 11 
11 0 11 0 0 0 11 0 0 0 0 0 0 0 0 0 0 11 0 0 0 0 11 0 0 0 0 0 0 0 11 11 0 11 0 0 0 11 11 
11 11 0 11 0 0 0 0 0 0 0 0 11 0 11 0 0 0 0 0 0 0 0 11 11 0 0 0 0 0 0 0 11 0 0 11 0 0 11 
11 11 0 0 0 0 11 0 0 0 0 11 0 0 0 0 0 0 0 0 0 0 0 0 0 0 0 0 0 0 0 0 0 0 0 0 0 0 11 
11 11 11 11 11 11 11 11 11 11 11 11 11 11 11 11 11 11 11 11 11 11 11 11 11 11 11 11 11 11 11 11 11 11 11 11 11 11 11 

16404
11 11 11 11 11 11 11 11 11 11 11 11 11 11 11 11 11 11 11 11 11 11 11 11 11 11 11 11 11 11 11 11 11 11 11 11 11 11 11 
11 0 0 0 11 0 0 0 11 0 0 0 0 0 15 0 0 0 0 0 11 0 0 0 0 11 11 0 0 0 0 0 0 0 0 0 0 0 11 
11 0 0 0 0 0 0 0 0 0 0 0 0 0 0 11 0 0 0 0 0 0 0 0 0 11 11 0 0 11 11 11 0 0 0 0 0 0 11 
11 0 11 0 0 0 0 0 11 0 11 0 11 0 0 0 0 0 0 0 0 0 0 0 0 0 0 11 11 11 11 0 0 0 0 11 0 0 11 
11 11 0 0 0 0 0 0 11 0 0 0 0 0 0 0 11 0 11 0 0 0 0 0 0 0 0 0 11 11 0 0 0 11 11 0 0 0 11 
11 0 0 0 0 11 0 0 0 11 11 0 0 0 0 0 0 0 0 11 0 11 11 0 0 0 0 0 0 0 0 0 11 0 0 0 0 0 11 
11 0 0 0 0 0 0 0 0 11 0 0 0 11 0 0 0 11 0 0 0 0 0 0 0 11 0 0 0 11 0 0 0 0 0 0 0 0 11 
11 0 0 0 0 0 0 0 0 0 0 11 0 0 11 0 0 0 0 0 0 0 11 0 11 0 0 0 0 0 0 0 0 0 0 0 0 0 11 
11 0 0 11 0 11 0 0 0 0 0 0 0 0 0 11 0 0 0 0 0 11 0 0 11 0 0 0 0 15 11 11 0 0 0 0 0 0 11 
11 0 0 11 0 0 0 0 0 0 0 0 11 0 0 15 11 11 0 0 11 0 11 0 0 0 0 0 0 0 0 11 0 11 0 0 0 0 11 
11 0 0 0 0 15 0 11 0 11 0 0 0 0 0 0 11 0 11 11 11 11 0 0 0 0 0 0 11 11 0 0 0 11 0 11 0 11 11 
11 0 0 0 0 11 0 11 0 0 11 11 0 0 0 0 0 0 0 0 0 0 11 0 0 0 11 0 0 0 0 0 11 11 0 0 0 0 11 
11 0 0 11 11 0 0 11 11 11 0 0 0 0 11 11 11 0 0 0 0 0 0 0 0 0 0 0 11 0 0 11 0 11 0 0 0 11 11 
11 0 0 0 0 0 0 0 0 0 0 11 0 0 0 0 0 0 0 0 0 0 0 0 0 0 0 0 0 0 0 0 0 11 0 0 0 0 11 
11 0 11 11 0 0 0 0 0 0 0 11 0 0 0 0 0 0 0 0 0 0 0 11 11 0 0 0 0 0 11 0 0 0 11 0 0 11 11 
11 11 0 0 0 0 0 0 0 11 0 0 0 0 0 0 11 0 0 0 0 11 0 0 0 0 0 0 0 0 0 0 0 0 0 0 0 0 11 
11 0 0 0 0 0 11 0 11 0 0 0 0 0 0 0 0 0 11 0 0 0 0 0 11 0 11 0 0 0 0 0 0 0 0 0 0 0 11 
11 0 0 0 11 0 0 0 0 11 0 0 0 0 0 0 11 11 0 11 0 0 0 0 0 0 0 0 0 0 0 0 0 0 11 11 0 0 11 
11 0 0 0 0 0 0 0 11 0 0 0 11 0 0 0 0 11 0 0 0 0 0 0 11 0 0 0 0 0 0 11 0 0 11 0 0 0 11 
11 0 0 15 0 11 11 0 0 0 0 11 0 0 0 11 0 0 11 0 0 11 11 0 0 11 0 0 0 0 0 0 0 0 11 11 0 0 11 
11 11 0 0 0 11 0 11 11 11 0 0 0 0 0 0 0 0 11 0 0 0 0 0 0 0 0 0 11 0 11 0 0 0 0 11 0 0 11 
11 0 11 0 0 0 0 11 0 0 0 0 0 0 11 11 0 11 0 11 0 0 0 0 0 11 0 0 0 0 15 11 0 0 0 0 0 0 11 
11 0 11 0 11 0 11 0 0 0 0 0 11 0 0 0 0 0 0 0 0 0 0 0 0 0 11 0 0 0 0 0 0 11 0 0 0 0 11 
11 0 11 0 0 0 0 11 0 0 0 0 0 0 0 11 11 11 11 11 11 0 0 0 0 0 0 0 0 0 0 0 0 11 0 0 0 0 11 
11 11 11 0 11 0 0 0 0 0 0 0 0 0 0 0 0 0 0 0 0 0 0 11 0 0 0 0 0 0 0 0 0 0 0 0 0 0 11 
11 0 0 0 0 11 0 0 11 0 11 11 0 0 11 0 0 11 11 11 0 11 0 0 0 0 0 0 0 0 0 0 0 0 0 0 0 0 11 
11 0 0 0 0 0 11 0 11 0 0 0 0 0 11 0 0 0 0 0 0 0 0 11 0 0 0 0 0 0 0 0 0 0 0 11 0 0 11 
11 0 11 0 0 0 11 0 0 15 11 0 0 11 0 11 0 0 0 0 0 0 11 0 0 15 0 0 0 11 0 0 0 0 0 0 0 0 11 
11 11 0 0 0 0 0 0 11 0 0 0 0 0 0 0 0 0 0 11 15 0 0 0 0 11 0 0 0 0 0 0 0 0 0 0 11 0 11 
11 11 0 11 0 0 0 0 0 0 0 0 0 0 0 0 0 11 11 0 0 0 0 0 0 0 0 0 0 11 0 0 0 0 0 11 0 0 11 
11 0 0 0 0 0 0 0 0 11 0 11 11 0 0 11 0 0 0 0 11 11 11 0 11 0 0 0 11 11 0 0 0 0 0 0 0 11 11 
11 0 0 0 11 0 11 0 0 0 0 0 0 0 0 0 0 0 0 11 11 0 0 0 0 0 0 0 0 0 15 11 0 0 0 11 0 0 11 
11 0 0 0 11 0 0 0 0 0 0 0 0 0 0 0 0 0 0 11 0 0 0 0 0 0 0 11 0 0 0 0 11 0 0 0 0 0 11 
11 0 11 0 0 0 0 0 0 0 0 11 0 0 0 0 0 11 0 0 0 0 11 0 0 0 0 0 0 0 11 11 0 11 0 0 0 11 11 
11 11 0 11 0 0 0 0 0 0 0 0 11 0 11 0 0 0 0 0 0 0 0 0 11 0 0 0 0 0 0 0 11 11 0 11 0 0 11 
11 11 0 0 0 0 11 0 0 0 0 11 0 0 0 0 0 0 0 0 0 0 0 0 0 0 0 0 0 0 0 0 0 0 0 0 0 0 11 
11 11 11 11 11 11 11 11 11 11 11 11 11 11 11 11 11 11 11 11 11 11 11 11 11 11 11 11 11 11 11 11 11 11 11 11 11 11 11 

16404
11 11 11 11 11 11 11 11 11 11 11 11 11 11 11 11 11 11 11 11 11 11 11 11 11 11 11 11 11 11 11 11 11 11 11 11 11 11 11 
11 0 0 0 11 0 0 0 11 0 0 0 0 0 15 0 0 0 0 0 11 0 0 0 0 11 11 0 0 0 0 0 0 0 0 0 0 0 11 
11 0 0 0 0 0 0 0 0 0 0 0 0 0 0 11 0 0 0 0 0 0 0 0 0 11 11 0 0 11 11 11 0 0 0 0 0 0 11 
11 0 11 0 0 0 0 0 11 0 11 0 11 0 0 0 0 0 0 0 0 0 0 0 0 0 0 11 11 11 11 0 0 0 0 11 0 0 11 
11 11 0 0 0 0 0 0 11 0 0 0 0 0 0 0 11 0 11 0 0 0 0 0 0 0 0 0 11 11 0 0 0 11 11 0 0 0 11 
11 0 0 0 0 11 0 0 0 11 11 0 0 0 0 0 0 0 0 11 0 11 11 0 0 0 0 0 0 0 0 0 11 0 0 0 0 0 11 
11 0 0 0 0 0 0 0 0 11 0 0 0 11 0 0 0 11 0 0 0 0 0 0 0 11 0 0 0 11 0 0 0 0 0 0 0 0 11 
11 0 0 0 0 0 0 0 0 0 0 11 0 0 11 0 0 0 0 0 0 0 11 0 11 0 0 0 0 0 0 0 0 0 0 0 0 0 11 
11 0 0 11 0 11 0 0 0 0 0 0 0 0 0 11 0 0 0 0 0 11 0 0 11 0 0 0 0 15 11 11 0 0 0 0 0 0 11 
11 0 0 11 0 0 0 0 0 0 0 0 11 0 0 15 11 11 0 0 11 0 11 0 0 0 0 0 0 0 0 11 0 11 0 0 0 0 11 
11 0 0 0 0 15 0 11 0 11 0 0 0 0 0 0 11 0 11 11 11 11 0 0 0 0 0 0 11 11 0 0 0 11 0 11 0 11 11 
11 0 0 0 0 11 0 11 0 0 11 11 0 0 0 0 0 0 0 0 0 0 11 0 0 0 11 0 0 0 0 0 11 11 0 0 0 0 11 
11 0 0 11 11 0 0 11 11 11 0 0 0 0 11 11 11 0 0 0 0 0 0 0 0 0 0 0 11 0 0 11 0 11 0 0 0 11 11 
11 0 0 0 0 0 0 0 0 0 0 11 0 0 0 0 0 0 0 0 0 0 0 0 0 0 0 0 0 0 0 0 0 11 0 0 0 0 11 
11 0 11 11 0 0 0 0 0 0 0 11 0 0 0 0 0 0 0 0 0 0 0 11 11 0 0 0 0 0 11 0 0 0 11 0 0 11 11 
11 11 0 0 0 0 0 0 0 11 0 0 0 0 0 0 11 0 0 0 0 11 0 0 0 0 0 0 0 0 0 0 0 0 0 0 0 0 11 
11 0 0 0 0 0 11 0 11 0 0 0 0 0 0 0 0 0 11 0 0 0 0 0 11 0 11 0 0 0 0 0 0 0 0 0 0 0 11 
11 0 0 0 11 0 0 0 0 11 0 0 0 0 0 0 11 11 0 11 0 0 0 0 0 0 0 0 0 0 0 0 0 0 11 11 0 0 11 
11 0 0 0 0 0 0 0 11 0 0 0 11 0 0 0 0 11 0 0 0 0 0 0 11 0 0 0 0 0 0 11 0 0 11 0 0 0 11 
11 0 0 15 0 11 11 0 0 0 0 11 0 0 0 11 0 0 11 0 0 11 11 0 0 11 0 0 0 0 0 0 0 0 11 11 0 0 11 
11 11 0 0 0 11 0 11 11 11 0 0 0 0 0 0 0 0 11 0 0 0 0 0 0 0 0 0 11 0 11 0 0 0 0 11 0 0 11 
11 0 11 0 0 0 0 11 0 0 0 0 0 0 11 11 0 11 0 11 0 0 0 0 0 11 0 0 0 0 15 11 0 0 0 0 0 0 11 
11 0 11 0 11 0 11 0 0 0 0 0 11 0 0 0 0 0 0 0 0 0 0 0 0 0 11 0 0 0 0 0 0 11 0 0 0 0 11 
11 0 11 0 0 0 0 11 0 0 0 0 0 0 0 11 11 11 11 11 11 0 0 0 0 0 0 0 0 0 0 0 0 11 0 0 0 0 11 
11 11 11 0 11 0 0 0 0 0 0 0 0 0 0 0 0 0 0 0 0 0 0 11 0 0 0 0 0 0 0 0 0 0 0 0 0 0 11 
11 0 0 0 0 11 0 0 11 0 11 11 0 0 11 0 0 11 11 11 0 11 0 0 0 0 0 0 0 0 0 0 0 0 0 0 0 0 11 
11 0 0 0 0 0 11 0 11 0 0 0 0 0 11 0 0 0 0 0 0 0 0 11 0 0 0 0 0 0 0 0 0 0 0 11 0 0 11 
11 0 11 0 0 0 11 0 0 15 11 0 0 11 0 11 0 0 0 0 0 0 11 0 0 15 0 0 0 11 0 0 0 0 0 0 0 0 11 
11 11 0 0 0 0 0 0 11 0 0 0 0 0 0 0 0 0 0 11 15 0 0 0 0 11 0 0 0 0 0 0 0 0 0 0 11 0 11 
11 11 0 11 0 0 0 0 0 0 0 0 0 0 0 0 0 11 11 0 0 0 0 0 0 0 0 0 0 11 0 0 0 0 0 11 0 0 11 
11 0 0 0 0 0 0 0 0 11 0 11 11 0 0 11 0 0 0 0 11 11 11 0 11 0 0 0 11 11 0 0 0 0 0 0 0 11 11 
11 0 0 0 11 0 11 0 0 0 0 0 0 0 0 0 0 0 0 11 11 0 0 0 0 0 0 0 0 0 15 11 0 0 0 11 0 0 11 
11 0 0 0 11 0 0 0 0 0 0 0 0 0 0 0 0 0 0 11 0 0 0 0 0 0 0 11 0 0 0 0 11 0 0 0 0 0 11 
11 0 11 0 0 0 0 0 0 0 0 11 0 0 0 0 0 11 0 0 0 0 11 0 0 0 0 0 0 0 11 11 0 11 0 0 0 11 11 
11 11 0 11 0 0 0 0 0 0 0 0 11 0 11 0 0 0 0 0 0 0 0 0 11 0 0 0 0 0 0 0 11 11 0 11 0 0 11 
11 11 0 0 0 0 11 0 0 0 0 11 0 0 0 0 0 0 0 0 0 0 0 0 0 0 0 0 0 0 0 0 0 0 0 0 0 0 11 
11 11 11 11 11 11 11 11 11 11 11 11 11 11 11 11 11 11 11 11 11 11 11 11 11 11 11 11 11 11 11 11 11 11 11 11 11 11 11 

16404
11 11 11 11 11 11 11 11 11 11 11 11 11 11 11 11 11 11 11 11 11 11 11 11 11 11 11 11 11 11 11 11 11 11 11 11 11 11 11 
11 0 0 0 11 0 0 0 11 0 0 0 0 0 15 0 0 0 0 0 11 0 0 0 0 11 11 0 0 0 0 0 0 0 0 0 0 0 11 
11 0 0 0 0 0 0 0 0 0 0 0 0 0 0 11 0 0 0 0 0 0 0 0 0 11 11 0 0 11 11 11 0 0 0 0 0 0 11 
11 0 11 0 0 0 0 0 11 0 11 0 11 0 0 0 0 0 0 0 0 0 0 0 0 0 0 11 11 11 11 0 0 0 0 11 0 0 11 
11 11 0 0 0 0 0 0 11 0 0 0 0 0 0 0 11 0 11 0 0 0 0 0 0 0 0 0 11 11 0 0 0 11 11 0 0 0 11 
11 0 0 0 0 11 0 0 0 11 11 0 0 0 0 0 0 0 0 11 0 11 11 0 0 0 0 0 0 0 0 0 11 0 0 0 0 0 11 
11 0 0 0 0 0 0 0 0 11 0 0 0 11 0 0 0 11 0 0 0 0 0 0 0 11 0 0 0 11 0 0 0 0 0 0 0 0 11 
11 0 0 0 0 0 0 0 0 0 0 11 0 0 11 0 0 0 0 0 0 0 11 0 11 0 0 0 0 0 0 0 0 0 0 0 0 0 11 
11 0 0 11 0 11 0 0 0 0 0 0 0 0 0 11 0 0 0 0 0 11 0 0 11 0 0 0 0 15 11 11 0 0 0 0 0 0 11 
11 0 0 11 0 0 0 0 0 0 0 0 11 0 0 15 11 11 0 0 11 0 11 0 0 0 0 0 0 0 0 11 0 11 0 0 0 0 11 
11 0 0 0 0 15 0 11 0 11 0 0 0 0 0 0 11 0 11 11 11 11 0 0 0 0 0 0 11 11 0 0 0 11 0 11 0 11 11 
11 0 0 0 0 11 0 11 0 0 11 11 0 0 0 0 0 0 0 0 0 0 11 0 0 0 11 0 0 0 0 0 11 11 0 0 0 0 11 
11 0 0 11 11 0 0 11 11 11 0 0 0 0 11 11 11 0 0 0 0 0 0 0 0 0 0 0 11 0 0 11 0 11 0 0 0 11 11 
11 0 0 0 0 0 0 0 0 0 0 11 0 0 0 0 0 0 0 0 0 0 0 0 0 0 0 0 0 0 0 0 0 11 0 0 0 0 11 
11 0 11 11 0 0 0 0 0 0 0 11 0 0 0 0 0 0 0 0 0 0 0 11 11 0 0 0 0 0 11 0 0 0 11 0 0 11 11 
11 11 0 0 0 0 0 0 0 11 0 0 0 0 0 0 11 0 0 0 0 11 0 0 0 0 0 0 0 0 0 0 0 0 0 0 0 0 11 
11 0 0 0 0 0 11 0 11 0 0 0 0 0 0 0 0 0 11 0 0 0 0 0 11 0 11 0 0 0 0 0 0 0 0 0 0 0 11 
11 0 0 0 11 0 0 0 0 11 0 0 0 0 0 0 11 11 0 11 0 0 0 0 0 0 0 0 0 0 0 0 0 0 11 11 0 0 11 
11 0 0 0 0 0 0 0 11 0 0 0 11 0 0 0 0 11 0 0 0 0 0 0 11 0 0 0 0 0 0 11 0 0 11 0 0 0 11 
11 0 0 15 0 11 11 0 0 0 0 11 0 0 0 11 0 0 11 0 0 11 11 0 0 11 0 0 0 0 0 0 0 0 11 11 0 0 11 
11 11 0 0 0 11 0 11 11 11 0 0 0 0 0 0 0 0 11 0 0 0 0 0 0 0 0 0 11 0 11 0 0 0 0 11 0 0 11 
11 0 11 0 0 0 0 11 0 0 0 0 0 0 11 11 0 11 0 11 0 0 0 0 0 11 0 0 0 0 15 11 0 0 0 0 0 0 11 
11 0 11 0 11 0 11 0 0 0 0 0 11 0 0 0 0 0 0 0 0 0 0 0 0 0 11 0 0 0 0 0 0 11 0 0 0 0 11 
11 0 11 0 0 0 0 11 0 0 0 0 0 0 0 11 11 11 11 11 11 0 0 0 0 0 0 0 0 0 0 0 0 11 0 0 0 0 11 
11 11 11 0 11 0 0 0 0 0 0 0 0 0 0 0 0 0 0 0 0 0 0 11 0 0 0 0 0 0 0 0 0 0 0 0 0 0 11 
11 0 0 0 0 11 0 0 11 0 11 11 0 0 11 0 0 11 11 11 0 11 0 0 0 0 0 0 0 0 0 0 0 0 0 0 0 0 11 
11 0 0 0 0 0 11 0 11 0 0 0 0 0 11 0 0 0 0 0 0 0 0 11 0 0 0 0 0 0 0 0 0 0 0 11 0 0 11 
11 0 11 0 0 0 11 0 0 15 11 0 0 11 0 11 0 0 0 0 0 0 11 0 0 15 0 0 0 11 0 0 0 0 0 0 0 0 11 
11 11 0 0 0 0 0 0 11 0 0 0 0 0 0 0 0 0 0 11 15 0 0 0 0 11 0 0 0 0 0 0 0 0 0 0 11 0 11 
11 11 0 11 0 0 0 0 0 0 0 0 0 0 0 0 0 11 11 0 0 0 0 0 0 0 0 0 0 11 0 0 0 0 0 11 0 0 11 
11 0 0 0 0 0 0 0 0 11 0 11 11 0 0 11 0 0 0 0 11 11 11 0 11 0 0 0 11 11 0 0 0 0 0 0 0 11 11 
11 0 0 0 11 0 11 0 0 0 0 0 0 0 0 0 0 0 0 11 11 0 0 0 0 0 0 0 0 0 15 11 0 0 0 11 0 0 11 
11 0 0 0 11 0 0 0 0 0 0 0 0 0 0 0 0 0 0 11 0 0 0 0 0 0 0 11 0 0 0 0 11 0 0 0 0 0 11 
11 0 11 0 0 0 0 0 0 0 0 11 0 0 0 0 0 11 0 0 0 0 11 0 0 0 0 0 0 0 11 11 0 11 0 0 0 11 11 
11 11 0 11 0 0 0 0 0 0 0 0 11 0 11 0 0 0 0 0 0 0 0 0 11 0 0 0 0 0 0 0 11 11 0 11 0 0 11 
11 11 0 0 0 0 11 0 0 0 0 11 0 0 0 0 0 0 0 0 0 0 0 0 0 0 0 0 0 0 0 0 0 0 0 0 0 0 11 
11 11 11 11 11 11 11 11 11 11 11 11 11 11 11 11 11 11 11 11 11 11 11 11 11 11 11 11 11 11 11 11 11 11 11 11 11 11 11 

16335
11 11 11 11 11 11 11 11 11 11 11 11 11 11 11 11 11 11 11 11 11 11 11 11 11 11 11 11 11 11 11 11 11 11 11 11 11 11 11 
11 0 0 0 11 0 0 0 11 0 0 0 0 0 0 0 13 0 0 0 11 0 0 0 0 11 11 0 0 0 0 0 0 0 0 0 0 0 11 
11 0 0 0 0 0 0 0 0 0 0 0 0 0 0 11 0 0 0 0 0 0 0 0 0 11 11 0 0 11 11 11 0 0 0 0 0 0 11 
11 0 11 0 0 0 0 0 11 0 11 0 11 0 0 0 0 0 0 0 0 0 0 0 0 0 0 11 11 11 11 0 0 0 0 11 0 0 11 
11 11 0 0 0 0 0 0 11 0 0 0 0 0 0 0 11 0 11 0 0 0 0 0 0 0 0 0 11 11 0 0 0 11 11 0 0 0 11 
11 0 0 0 0 11 0 0 0 11 11 0 0 0 0 0 0 0 0 11 0 11 11 0 0 0 0 0 0 0 0 0 11 0 0 0 0 0 11 
11 0 0 0 0 0 0 0 0 11 0 0 0 11 0 0 0 11 0 0 0 0 0 0 0 11 0 0 0 11 0 0 0 0 0 0 0 0 11 
11 0 0 0 0 0 0 0 0 0 0 11 0 0 11 0 0 0 0 0 0 0 11 0 11 0 0 0 0 0 0 0 0 0 0 0 0 0 11 
11 0 0 11 0 11 15 0 14 0 0 0 0 0 0 11 0 0 0 0 0 11 0 0 11 0 0 0 0 0 11 11 0 0 0 0 0 0 11 
11 0 0 11 0 0 0 0 0 0 0 0 11 0 0 0 11 11 0 0 11 15 11 0 0 0 0 0 0 0 0 11 0 11 0 0 0 0 11 
11 0 0 0 0 0 0 11 0 11 0 0 0 0 0 0 11 0 11 11 11 11 0 0 0 0 0 0 11 11 0 0 0 11 0 11 0 11 11 
11 0 0 0 0 11 0 11 0 0 11 11 0 0 0 0 0 0 0 0 0 0 11 0 0 0 11 0 0 0 0 0 11 11 0 0 0 0 11 
11 0 0 11 11 0 0 11 11 11 0 0 0 0 11 11 11 0 0 0 0 0 0 0 0 0 0 0 11 0 0 11 0 11 0 0 0 11 11 
11 0 0 0 0 0 0 0 0 0 0 11 0 0 0 0 0 0 0 0 0 0 0 0 0 0 0 0 0 0 0 0 0 11 0 0 0 0 11 
11 0 11 11 0 0 0 0 0 0 0 11 0 0 0 0 0 0 0 0 0 0 0 11 11 0 0 0 0 0 11 0 0 15 11 0 0 11 11 
11 11 0 0 0 0 0 0 0 11 0 0 0 0 0 0 11 0 0 0 0 11 0 0 0 0 0 0 0 0 0 0 0 0 0 0 0 0 11 
11 0 0 0 0 0 11 0 11 0 0 0 0 0 0 0 0 0 11 0 0 0 0 0 11 0 11 0 0 0 0 0 0 0 0 0 0 0 11 
11 0 0 0 11 0 0 0 0 11 0 0 0 0 0 0 11 11 0 11 0 0 0 0 0 0 0 0 0 0 0 0 0 0 11 11 0 0 11 
11 0 0 0 0 0 0 0 11 0 0 0 11 0 0 0 0 11 0 0 0 0 0 0 11 0 0 15 0 0 0 11 0 0 11 0 0 0 11 
11 0 0 15 0 11 11 0 0 0 0 11 0 0 0 11 0 0 11 0 0 11 11 0 0 11 0 0 0 0 0 0 0 0 11 11 0 0 11 
11 11 0 0 0 11 0 11 11 11 0 0 0 0 0 0 0 0 11 0 0 0 0 0 0 0 0 0 11 0 11 0 0 0 0 11 0 0 11 
11 0 11 0 0 0 0 11 0 0 0 0 0 0 11 11 0 11 0 11 0 0 0 0 0 11 0 0 0 0 0 11 0 0 0 0 0 0 11 
11 0 11 0 11 0 11 0 0 0 0 0 11 0 0 0 0 0 0 0 0 0 0 0 0 0 11 0 0 0 0 0 0 11 0 0 0 0 11 
11 0 11 0 0 0 0 11 0 0 0 0 0 0 0 11 11 11 11 11 11 0 0 0 0 0 0 0 0 0 0 0 0 11 0 0 0 0 11 
11 11 11 0 11 0 0 0 0 0 0 0 0 0 0 0 0 0 0 0 0 0 0 11 0 0 0 0 0 0 0 0 0 0 0 0 0 0 11 
11 0 0 0 0 11 0 0 11 0 11 11 0 0 11 0 0 11 11 11 0 11 0 0 0 0 0 0 0 0 0 0 0 0 0 0 0 0 11 
11 0 0 0 0 0 11 0 11 0 0 0 0 0 11 0 0 0 0 0 0 0 0 11 0 0 0 0 0 0 0 0 0 0 0 11 0 0 11 
11 0 11 0 0 0 11 0 0 0 11 0 0 11 0 11 0 0 0 0 0 0 11 0 0 0 0 0 0 11 0 0 0 0 0 0 0 0 11 
11 11 0 0 0 0 0 0 11 0 15 0 0 0 0 0 0 0 0 11 0 0 0 0 0 11 0 0 0 0 0 0 0 0 0 0 11 0 11 
11 11 0 11 0 0 0 0 0 0 0 0 0 0 0 0 0 11 11 0 0 0 0 0 0 0 0 0 0 11 0 0 0 0 0 11 0 0 11 
11 0 0 0 0 0 0 0 0 11 0 11 11 0 0 11 0 0 0 0 11 11 11 0 11 0 0 0 11 11 0 15 0 0 0 0 0 11 11 
11 0 0 0 11 0 11 0 0 0 0 0 0 0 0 0 13 0 0 11 11 0 0 0 0 0 0 0 0 0 0 11 0 0 0 11 0 0 11 
11 0 0 0 11 0 0 0 0 0 0 0 0 0 0 0 0 0 0 11 0 0 0 0 0 0 0 11 0 0 0 0 11 0 0 0 0 0 11 
11 0 11 0 0 0 0 0 0 0 0 11 0 0 0 0 0 11 0 0 0 0 11 0 0 0 0 0 0 0 11 11 0 11 0 0 0 11 11 
11 11 0 11 0 0 0 0 0 0 0 0 11 0 11 0 0 0 0 0 0 0 0 0 11 0 0 15 0 0 0 0 11 11 0 11 0 0 11 
11 11 0 0 0 0 11 0 0 0 0 11 0 0 0 0 0 0 0 0 0 0 0 0 0 0 0 0 0 0 0 0 0 0 0 0 0 0 11 
11 11 11 11 11 11 11 11 11 11 11 11 11 11 11 11 11 11 11 11 11 11 11 11 11 11 11 11 11 11 11 11 11 11 11 11 11 11 11 

16334
11 11 11 11 11 11 11 11 11 11 11 11 11 11 11 11 11 11 11 11 11 11 11 11 11 11 11 11 11 11 11 11 11 11 11 11 11 11 11 
11 0 0 0 11 0 0 0 11 0 0 0 0 0 0 0 0 0 0 0 11 0 0 0 0 11 11 0 0 0 0 0 0 0 0 0 0 0 11 
11 0 0 0 0 0 0 0 0 0 0 0 0 0 0 11 0 0 0 0 0 0 0 0 0 11 11 0 0 11 11 11 0 0 0 0 0 0 11 
11 0 11 0 0 0 0 0 11 0 11 0 11 0 0 0 0 0 0 0 0 0 0 0 0 0 0 11 11 11 11 0 0 0 0 11 0 0 11 
11 11 0 0 0 0 0 0 11 0 0 0 0 0 0 0 11 0 11 0 0 0 0 0 0 0 0 0 11 11 0 0 0 11 11 0 0 0 11 
11 0 0 0 0 11 0 0 0 11 11 0 0 0 0 0 0 0 0 11 0 11 11 0 0 0 0 0 0 0 0 0 11 0 0 0 0 0 11 
11 0 0 0 0 0 0 0 0 11 0 0 0 11 0 0 0 11 0 0 0 0 0 0 0 11 0 0 0 11 0 0 0 0 0 0 0 0 11 
11 0 0 0 0 0 0 0 0 0 0 11 0 0 11 0 0 0 0 0 0 0 11 0 11 0 0 0 0 0 0 0 0 0 0 0 0 0 11 
11 0 0 11 0 11 0 0 15 0 0 0 0 0 0 11 0 0 0 0 0 11 0 0 11 0 0 0 0 0 11 11 0 0 0 0 0 0 11 
11 0 0 11 0 0 0 0 0 0 0 0 11 0 0 0 11 11 0 0 11 15 11 14 0 0 0 0 0 0 0 11 0 11 0 0 0 0 11 
11 0 0 0 0 0 0 11 0 11 0 0 0 0 0 0 11 0 11 11 11 11 0 0 0 0 0 0 11 11 0 0 0 11 0 11 0 11 11 
11 0 0 0 0 11 0 11 15 0 11 11 0 0 0 0 0 0 0 0 0 0 11 0 0 0 11 0 0 0 0 0 11 11 0 0 0 0 11 
11 0 0 11 11 0 0 11 11 11 0 0 0 0 11 11 11 0 0 0 0 0 0 0 0 0 0 0 11 0 0 11 0 11 0 0 0 11 11 
11 0 0 0 0 0 0 0 0 0 0 11 0 0 0 0 0 0 0 0 0 0 0 0 0 0 0 0 0 0 0 0 11 11 0 0 0 0 11 
11 0 11 11 0 0 0 0 0 0 0 11 0 0 0 0 0 0 0 0 0 0 0 11 11 0 0 0 0 0 11 0 0 15 11 0 0 11 11 
11 11 0 0 0 0 0 0 0 11 0 0 0 0 0 0 11 0 0 0 0 11 0 0 0 0 0 0 0 0 0 0 0 0 0 0 0 0 11 
11 0 0 0 0 0 11 0 11 0 0 0 0 0 0 0 0 0 11 0 0 0 0 0 11 0 11 0 0 0 0 0 0 0 0 0 0 0 11 
11 0 0 0 11 0 0 0 0 11 0 0 0 0 0 0 11 11 0 11 0 0 0 0 0 0 0 0 0 0 0 0 0 0 11 11 0 0 11 
11 0 0 0 0 0 0 0 11 0 0 0 11 0 0 0 0 11 0 0 0 0 0 0 11 0 0 0 13 0 0 11 0 0 11 0 0 0 11 
11 0 0 0 0 11 11 0 0 0 0 11 0 0 0 11 0 0 11 0 0 11 11 0 0 11 0 0 0 0 0 0 0 0 11 11 0 0 11 
11 11 0 0 0 11 0 11 11 11 0 0 0 0 0 0 0 0 11 0 0 0 0 0 0 0 0 0 11 0 11 0 0 0 0 11 0 0 11 
11 0 11 0 0 14 0 11 0 0 0 0 0 0 11 11 0 11 0 11 0 0 0 0 0 11 0 0 0 0 0 11 0 0 0 0 0 0 11 
11 0 11 0 11 0 11 0 0 0 0 0 11 0 0 0 0 0 0 0 0 0 0 0 0 0 11 0 0 0 0 0 0 11 0 0 0 0 11 
11 0 11 0 0 0 0 11 0 0 0 0 0 0 0 11 11 11 11 11 11 0 0 0 0 0 0 0 0 0 0 0 0 11 0 0 0 0 11 
11 11 11 0 11 0 0 0 0 0 0 0 0 0 0 0 0 0 0 0 0 0 0 11 0 0 0 0 0 0 0 0 0 0 0 0 0 0 11 
11 0 0 0 0 11 0 0 11 0 11 11 0 0 11 0 0 11 11 11 0 11 15 0 0 0 0 0 0 0 0 0 0 0 0 0 0 0 11 
11 0 0 0 0 0 11 0 11 0 0 0 0 0 11 0 0 0 0 0 15 0 0 11 0 0 0 0 0 0 0 0 0 0 0 11 0 0 11 
11 0 11 0 0 0 11 0 0 0 11 0 0 11 0 11 0 0 0 0 0 0 11 0 0 0 0 0 0 11 0 0 0 0 0 0 0 0 11 
11 11 0 0 0 0 0 0 11 15 0 0 0 0 0 0 0 0 0 11 0 0 0 0 0 11 0 0 0 0 0 0 0 0 0 0 11 0 11 
11 11 0 11 0 0 0 0 0 0 0 0 0 0 0 0 0 11 11 0 0 0 0 0 0 0 0 0 0 11 0 0 0 0 0 11 0 0 11 
11 0 0 0 0 0 0 0 0 11 0 11 11 0 0 11 0 0 0 0 11 11 11 0 11 0 0 0 11 11 13 0 0 0 0 0 0 11 11 
11 0 0 0 11 0 11 0 0 0 0 0 0 0 0 0 0 0 0 11 11 0 0 0 0 0 0 0 0 0 0 11 0 0 0 11 0 0 11 
11 0 0 0 11 0 0 0 0 0 0 0 0 0 0 0 0 0 0 11 0 0 0 0 0 0 0 11 0 0 0 0 11 0 0 0 0 0 11 
11 0 11 0 0 0 0 0 0 0 0 11 0 0 0 0 0 11 0 0 0 0 11 0 0 0 0 0 0 0 11 11 0 11 0 0 0 11 11 
11 11 0 11 0 0 0 0 0 0 0 0 11 0 11 0 0 0 0 0 0 0 0 0 11 0 0 0 0 0 0 15 11 11 0 11 0 0 11 
11 11 0 0 0 0 11 0 0 0 0 11 0 0 0 0 0 0 0 0 0 0 0 0 0 0 0 0 0 0 0 0 0 0 0 0 0 0 11 
11 11 11 11 11 11 11 11 11 11 11 11 11 11 11 11 11 11 11 11 11 11 11 11 11 11 11 11 11 11 11 11 11 11 11 11 11 11 11 

16405
11 11 11 11 11 11 11 11 11 11 11 11 11 11 11 11 11 11 11 11 11 11 11 11 11 11 11 11 11 11 11 11 11 11 11 11 11 11 11 
11 0 0 0 11 0 0 0 11 0 0 0 0 0 0 0 0 0 0 0 11 0 0 0 0 11 11 0 0 0 0 0 0 0 0 0 0 0 11 
11 0 0 0 0 0 0 0 0 0 0 11 0 0 0 11 0 0 0 0 0 0 0 0 0 11 11 0 0 11 11 11 0 0 0 0 0 0 11 
11 0 11 0 0 0 0 0 11 0 11 0 11 0 0 0 0 0 0 0 0 0 0 0 0 0 0 11 11 11 11 0 0 0 0 11 0 0 11 
11 11 0 0 0 0 0 0 11 0 0 0 0 0 0 0 11 0 11 0 0 0 0 0 0 0 0 0 11 11 0 0 0 0 11 0 0 0 11 
11 0 0 0 0 11 0 0 0 11 11 0 0 0 0 0 0 0 0 11 0 0 11 0 0 0 0 0 0 0 0 0 11 0 0 0 0 0 11 
11 0 0 0 0 0 0 0 0 11 0 0 0 11 0 0 0 11 0 0 0 0 0 0 0 11 0 0 0 11 0 0 0 0 0 0 0 0 11 
11 0 0 0 0 15 0 13 0 0 0 11 0 0 11 0 0 0 0 11 0 0 11 0 11 0 0 0 0 0 0 0 0 0 0 0 0 0 11 
11 0 0 11 0 11 0 0 0 0 0 0 0 0 0 11 0 15 0 0 0 0 0 0 11 0 0 0 0 0 11 11 0 0 0 0 0 0 11 
11 0 0 11 0 0 0 0 0 0 0 0 11 0 0 0 11 11 0 0 11 0 11 0 0 0 0 0 0 0 0 11 0 11 0 0 0 0 11 
11 0 0 0 0 0 0 11 11 11 0 0 0 0 0 0 0 0 11 11 11 11 0 0 0 0 0 0 11 11 0 0 0 11 0 11 0 11 11 
11 0 0 0 0 11 0 11 0 0 11 11 0 0 0 0 0 0 0 0 0 0 11 0 0 0 11 0 0 0 0 0 11 11 0 0 0 0 11 
11 0 0 11 11 0 0 11 11 11 0 0 0 0 11 11 11 0 0 0 0 0 0 0 0 0 0 0 0 0 0 11 15 11 0 0 0 11 11 
11 0 0 0 0 0 0 0 0 0 0 11 0 0 0 0 0 0 0 0 0 0 0 0 0 0 0 0 0 0 0 0 0 11 0 0 0 0 11 
11 0 11 11 0 0 0 0 0 0 0 11 0 0 0 0 0 0 0 0 0 0 0 11 11 0 0 0 0 0 11 0 0 0 11 0 11 11 11 
11 11 0 0 0 0 0 0 0 0 0 0 0 0 0 0 11 0 0 14 0 11 0 0 0 0 0 0 0 0 0 0 0 0 0 0 0 0 11 
11 0 0 0 0 0 11 0 11 0 0 0 0 0 0 0 0 0 11 0 0 0 0 0 11 0 11 11 0 0 0 0 0 0 0 0 0 0 11 
11 0 0 0 11 0 0 0 0 0 0 0 0 0 0 0 11 11 0 11 0 0 0 0 0 0 0 0 0 0 0 0 0 0 11 11 11 0 11 
11 0 0 0 0 0 0 0 11 0 0 0 11 0 0 0 0 11 0 0 0 0 0 0 11 0 0 0 0 0 0 11 0 0 11 0 0 0 11 
11 0 0 0 0 11 11 0 0 0 0 11 0 0 0 11 0 0 11 0 0 11 11 0 0 11 0 0 0 0 0 0 0 0 11 11 0 0 11 
11 11 0 15 0 11 0 11 11 11 0 0 0 0 0 0 0 0 11 0 0 0 0 0 0 0 0 0 11 0 11 0 0 0 0 11 0 0 11 
11 0 11 0 0 0 0 11 0 0 0 0 0 0 11 11 0 11 0 11 0 0 0 0 0 11 0 0 0 0 0 0 0 0 0 0 0 0 11 
11 0 11 0 11 0 11 0 11 0 0 0 11 0 0 0 0 0 0 0 0 0 0 0 0 0 11 0 0 0 0 0 0 11 0 0 0 0 11 
11 0 11 0 0 0 0 11 0 0 0 0 0 0 0 11 11 0 11 11 11 0 0 0 0 0 0 0 0 0 0 0 0 11 0 0 0 0 11 
11 11 11 0 11 0 0 0 0 0 0 0 0 0 0 0 0 0 0 0 0 0 0 0 0 0 0 0 0 0 0 0 0 0 0 0 0 0 11 
11 0 0 0 0 11 0 0 11 0 11 11 0 0 11 0 0 11 11 11 0 11 0 0 0 0 0 0 0 0 0 0 0 0 0 0 0 0 11 
11 0 0 0 0 0 11 0 11 0 0 0 0 0 11 0 0 0 0 15 0 0 0 11 0 0 0 0 0 0 0 0 0 0 0 11 0 0 11 
11 0 11 11 0 0 11 0 0 0 11 0 0 11 0 11 0 0 0 0 0 0 11 0 0 0 0 0 0 11 0 0 0 0 0 0 0 0 11 
11 11 0 0 0 0 0 0 11 15 0 0 0 0 0 0 0 0 0 11 0 0 0 0 0 11 0 0 0 0 0 0 0 0 0 0 11 0 11 
11 11 0 0 0 0 0 0 0 0 0 0 0 11 0 0 0 11 11 0 0 0 0 0 0 0 0 0 0 11 0 0 0 0 0 11 0 0 11 
11 0 0 0 0 0 0 0 0 11 0 11 11 0 0 11 11 0 0 0 11 11 11 11 11 0 0 0 11 11 0 0 0 0 0 0 0 11 11 
11 0 0 0 11 0 11 0 0 0 0 0 0 0 0 0 0 0 0 11 11 0 0 0 0 0 0 0 0 0 0 11 0 0 0 11 0 0 11 
11 0 0 0 11 0 0 0 0 0 0 0 0 0 0 0 0 0 0 11 0 0 0 0 0 0 0 11 15 0 0 0 11 0 0 0 0 0 11 
11 0 11 0 0 0 11 0 0 0 0 0 0 11 0 0 0 11 0 0 0 0 11 0 0 0 0 0 0 15 11 11 0 11 0 0 0 11 11 
11 11 0 11 0 0 0 0 0 0 0 0 11 0 11 0 0 0 0 0 0 0 0 11 11 0 0 0 0 0 0 0 11 0 0 11 0 0 11 
11 11 0 0 0 0 11 0 0 0 0 11 0 0 0 11 0 0 0 0 0 0 0 0 0 0 0 0 0 0 0 0 0 0 0 0 0 0 11 
11 11 11 11 11 11 11 11 11 11 11 11 11 11 11 11 11 11 11 11 11 11 11 11 11 11 11 11 11 11 11 11 11 11 11 11 11 11 11 

16405
11 11 11 11 11 11 11 11 11 11 11 11 11 11 11 11 11 11 11 11 11 11 11 11 11 11 11 11 11 11 11 11 11 11 11 11 11 11 11 
11 0 0 0 11 0 0 0 11 0 0 0 0 0 0 0 0 0 0 0 11 0 0 0 0 11 11 0 0 0 0 0 0 0 0 0 0 0 11 
11 0 0 0 0 0 0 0 0 0 0 11 0 0 0 11 0 0 0 0 0 0 0 0 0 11 11 0 0 11 11 11 0 0 0 0 0 0 11 
11 0 11 0 0 0 0 0 11 0 11 0 11 0 0 0 0 0 0 0 0 0 0 0 0 0 0 11 11 11 11 0 0 0 0 11 0 0 11 
11 11 0 0 0 0 0 0 11 0 0 0 0 0 0 0 11 0 11 0 0 0 0 0 0 0 0 0 11 11 0 0 0 0 11 0 0 0 11 
11 0 0 0 0 11 0 0 0 11 11 0 0 0 0 0 0 0 0 11 0 0 11 0 0 0 0 0 0 0 0 0 11 0 0 0 0 0 11 
11 0 0 0 0 0 0 0 0 11 0 0 0 11 0 0 0 11 0 0 0 0 0 0 0 11 0 0 0 11 0 0 0 0 0 0 0 0 11 
11 0 0 0 0 15 0 13 0 0 0 11 0 0 11 0 0 0 0 11 0 0 11 0 11 0 0 0 0 0 0 0 0 0 0 0 0 0 11 
11 0 0 11 0 11 0 0 0 0 0 0 0 0 0 11 0 15 0 0 0 0 0 0 11 0 0 0 0 0 11 11 0 0 0 0 0 0 11 
11 0 0 11 0 0 0 0 0 0 0 0 11 0 0 0 11 11 0 0 11 0 11 0 0 0 0 0 0 0 0 11 0 11 0 0 0 0 11 
11 0 0 0 0 0 0 11 11 11 0 0 0 0 0 0 0 0 11 11 11 11 0 0 0 0 0 0 11 11 0 0 0 11 0 11 0 11 11 
11 0 0 0 0 11 0 11 0 0 11 11 0 0 0 0 0 0 0 0 0 0 11 0 0 0 11 0 0 0 0 0 11 11 0 0 0 0 11 
11 0 0 11 11 0 0 11 11 11 0 0 0 0 11 11 11 0 0 0 0 0 0 0 0 0 0 0 0 0 0 11 15 11 0 0 0 11 11 
11 0 0 0 0 0 0 0 0 0 0 11 0 0 0 0 0 0 0 0 0 0 0 0 0 0 0 0 0 0 0 0 0 11 0 0 0 0 11 
11 0 11 11 0 0 0 0 0 0 0 11 0 0 0 0 0 0 0 0 0 0 0 11 11 0 0 0 0 0 11 0 0 0 11 0 11 11 11 
11 11 0 0 0 0 0 0 0 0 0 0 0 0 0 0 11 0 0 14 0 11 0 0 0 0 0 0 0 0 0 0 0 0 0 0 0 0 11 
11 0 0 0 0 0 11 0 11 0 0 0 0 0 0 0 0 0 11 0 0 0 0 0 11 0 11 11 0 0 0 0 0 0 0 0 0 0 11 
11 0 0 0 11 0 0 0 0 0 0 0 0 0 0 0 11 11 0 11 0 0 0 0 0 0 0 0 0 0 0 0 0 0 11 11 11 0 11 
11 0 0 0 0 0 0 0 11 0 0 0 11 0 0 0 0 11 0 0 0 0 0 0 11 0 0 0 0 0 0 11 0 0 11 0 0 0 11 
11 0 0 0 0 11 11 0 0 0 0 11 0 0 0 11 0 0 11 0 0 11 11 0 0 11 0 0 0 0 0 0 0 0 11 11 0 0 11 
11 11 0 15 0 11 0 11 11 11 0 0 0 0 0 0 0 0 11 0 0 0 0 0 0 0 0 0 11 0 11 0 0 0 0 11 0 0 11 
11 0 11 0 0 0 0 11 0 0 0 0 0 0 11 11 0 11 0 11 0 0 0 0 0 11 0 0 0 0 0 0 0 0 0 0 0 0 11 
11 0 11 0 11 0 11 0 11 0 0 0 11 0 0 0 0 0 0 0 0 0 0 0 0 0 11 0 0 0 0 0 0 11 0 0 0 0 11 
11 0 11 0 0 0 0 11 0 0 0 0 0 0 0 11 11 0 11 11 11 0 0 0 0 0 0 0 0 0 0 0 0 11 0 0 0 0 11 
11 11 11 0 11 0 0 0 0 0 0 0 0 0 0 0 0 0 0 0 0 0 0 0 0 0 0 0 0 0 0 0 0 0 0 0 0 0 11 
11 0 0 0 0 11 0 0 11 0 11 11 0 0 11 0 0 11 11 11 0 11 0 0 0 0 0 0 0 0 0 0 0 0 0 0 0 0 11 
11 0 0 0 0 0 11 0 11 0 0 0 0 0 11 0 0 0 0 15 0 0 0 11 0 0 0 0 0 0 0 0 0 0 0 11 0 0 11 
11 0 11 11 0 0 11 0 0 0 11 0 0 11 0 11 0 0 0 0 0 0 11 0 0 0 0 0 0 11 0 0 0 0 0 0 0 0 11 
11 11 0 0 0 0 0 0 11 15 0 0 0 0 0 0 0 0 0 11 0 0 0 0 0 11 0 0 0 0 0 0 0 0 0 0 11 0 11 
11 11 0 0 0 0 0 0 0 0 0 0 0 11 0 0 0 11 11 0 0 0 0 0 0 0 0 0 0 11 0 0 0 0 0 11 0 0 11 
11 0 0 0 0 0 0 0 0 11 0 11 11 0 0 11 11 0 0 0 11 11 11 11 11 0 0 0 11 11 0 0 0 0 0 0 0 11 11 
11 0 0 0 11 0 11 0 0 0 0 0 0 0 0 0 0 0 0 11 11 0 0 0 0 0 0 0 0 0 0 11 0 0 0 11 0 0 11 
11 0 0 0 11 0 0 0 0 0 0 0 0 0 0 0 0 0 0 11 0 0 0 0 0 0 0 11 15 0 0 0 11 0 0 0 0 0 11 
11 0 11 0 0 0 11 0 0 0 0 0 0 11 0 0 0 11 0 0 0 0 11 0 0 0 0 0 0 15 11 11 0 11 0 0 0 11 11 
11 11 0 11 0 0 0 0 0 0 0 0 11 0 11 0 0 0 0 0 0 0 0 11 11 0 0 0 0 0 0 0 11 0 0 11 0 0 11 
11 11 0 0 0 0 11 0 0 0 0 11 0 0 0 11 0 0 0 0 0 0 0 0 0 0 0 0 0 0 0 0 0 0 0 0 0 0 11 
11 11 11 11 11 11 11 11 11 11 11 11 11 11 11 11 11 11 11 11 11 11 11 11 11 11 11 11 11 11 11 11 11 11 11 11 11 11 11 

16405
11 11 11 11 11 11 11 11 11 11 11 11 11 11 11 11 11 11 11 11 11 11 11 11 11 11 11 11 11 11 11 11 11 11 11 11 11 11 11 
11 0 0 0 11 0 0 0 11 0 0 0 0 0 0 0 0 0 0 0 11 0 0 0 0 11 11 0 0 0 0 0 0 0 0 0 0 0 11 
11 0 0 0 0 0 0 0 0 0 0 11 0 0 0 11 0 0 0 0 0 0 0 0 0 11 11 0 0 11 11 11 0 0 0 0 0 0 11 
11 0 11 0 0 0 0 0 11 0 11 0 11 0 0 0 0 0 0 0 0 0 0 0 0 0 0 11 11 11 11 0 0 0 0 11 0 0 11 
11 11 0 0 0 0 0 0 11 0 0 0 0 0 0 0 11 0 11 0 0 0 0 0 0 0 0 0 11 11 0 0 0 0 11 0 0 0 11 
11 0 0 0 0 11 0 0 0 11 11 0 0 0 0 0 0 0 0 11 0 0 11 0 0 0 0 0 0 0 0 0 11 0 0 0 0 0 11 
11 0 0 0 0 0 0 0 0 11 0 0 0 11 0 0 0 11 0 0 0 0 0 0 0 11 0 0 0 11 0 0 0 0 0 0 0 0 11 
11 0 0 0 0 15 0 13 0 0 0 11 0 0 11 0 0 0 0 11 0 0 11 0 11 0 0 0 0 0 0 0 0 0 0 0 0 0 11 
11 0 0 11 0 11 0 0 0 0 0 0 0 0 0 11 0 15 0 0 0 0 0 0 11 0 0 0 0 0 11 11 0 0 0 0 0 0 11 
11 0 0 11 0 0 0 0 0 0 0 0 11 0 0 0 11 11 0 0 11 0 11 0 0 0 0 0 0 0 0 11 0 11 0 0 0 0 11 
11 0 0 0 0 0 0 11 11 11 0 0 0 0 0 0 0 0 11 11 11 11 0 0 0 0 0 0 11 11 0 0 0 11 0 11 0 11 11 
11 0 0 0 0 11 0 11 0 0 11 11 0 0 0 0 0 0 0 0 0 0 11 0 0 0 11 0 0 0 0 0 11 11 0 0 0 0 11 
11 0 0 11 11 0 0 11 11 11 0 0 0 0 11 11 11 0 0 0 0 0 0 0 0 0 0 0 0 0 0 11 15 11 0 0 0 11 11 
11 0 0 0 0 0 0 0 0 0 0 11 0 0 0 0 0 0 0 0 0 0 0 0 0 0 0 0 0 0 0 0 0 11 0 0 0 0 11 
11 0 11 11 0 0 0 0 0 0 0 11 0 0 0 0 0 0 0 0 0 0 0 11 11 0 0 0 0 0 11 0 0 0 11 0 11 11 11 
11 11 0 0 0 0 0 0 0 0 0 0 0 0 0 0 11 0 0 14 0 11 0 0 0 0 0 0 0 0 0 0 0 0 0 0 0 0 11 
11 0 0 0 0 0 11 0 11 0 0 0 0 0 0 0 0 0 11 0 0 0 0 0 11 0 11 11 0 0 0 0 0 0 0 0 0 0 11 
11 0 0 0 11 0 0 0 0 0 0 0 0 0 0 0 11 11 0 11 0 0 0 0 0 0 0 0 0 0 0 0 0 0 11 11 11 0 11 
11 0 0 0 0 0 0 0 11 0 0 0 11 0 0 0 0 11 0 0 0 0 0 0 11 0 0 0 0 0 0 11 0 0 11 0 0 0 11 
11 0 0 0 0 11 11 0 0 0 0 11 0 0 0 11 0 0 11 0 0 11 11 0 0 11 0 0 0 0 0 0 0 0 11 11 0 0 11 
11 11 0 15 0 11 0 11 11 11 0 0 0 0 0 0 0 0 11 0 0 0 0 0 0 0 0 0 11 0 11 0 0 0 0 11 0 0 11 
11 0 11 0 0 0 0 11 0 0 0 0 0 0 11 11 0 11 0 11 0 0 0 0 0 11 0 0 0 0 0 0 0 0 0 0 0 0 11 
11 0 11 0 11 0 11 0 11 0 0 0 11 0 0 0 0 0 0 0 0 0 0 0 0 0 11 0 0 0 0 0 0 11 0 0 0 0 11 
11 0 11 0 0 0 0 11 0 0 0 0 0 0 0 11 11 0 11 11 11 0 0 0 0 0 0 0 0 0 0 0 0 11 0 0 0 0 11 
11 11 11 0 11 0 0 0 0 0 0 0 0 0 0 0 0 0 0 0 0 0 0 0 0 0 0 0 0 0 0 0 0 0 0 0 0 0 11 
11 0 0 0 0 11 0 0 11 0 11 11 0 0 11 0 0 11 11 11 0 11 0 0 0 0 0 0 0 0 0 0 0 0 0 0 0 0 11 
11 0 0 0 0 0 11 0 11 0 0 0 0 0 11 0 0 0 0 15 0 0 0 11 0 0 0 0 0 0 0 0 0 0 0 11 0 0 11 
11 0 11 11 0 0 11 0 0 0 11 0 0 11 0 11 0 0 0 0 0 0 11 0 0 0 0 0 0 11 0 0 0 0 0 0 0 0 11 
11 11 0 0 0 0 0 0 11 15 0 0 0 0 0 0 0 0 0 11 0 0 0 0 0 11 0 0 0 0 0 0 0 0 0 0 11 0 11 
11 11 0 0 0 0 0 0 0 0 0 0 0 11 0 0 0 11 11 0 0 0 0 0 0 0 0 0 0 11 0 0 0 0 0 11 0 0 11 
11 0 0 0 0 0 0 0 0 11 0 11 11 0 0 11 11 0 0 0 11 11 11 11 11 0 0 0 11 11 0 0 0 0 0 0 0 11 11 
11 0 0 0 11 0 11 0 0 0 0 0 0 0 0 0 0 0 0 11 11 0 0 0 0 0 0 0 0 0 0 11 0 0 0 11 0 0 11 
11 0 0 0 11 0 0 0 0 0 0 0 0 0 0 0 0 0 0 11 0 0 0 0 0 0 0 11 15 0 0 0 11 0 0 0 0 0 11 
11 0 11 0 0 0 11 0 0 0 0 0 0 11 0 0 0 11 0 0 0 0 11 0 0 0 0 0 0 15 11 11 0 11 0 0 0 11 11 
11 11 0 11 0 0 0 0 0 0 0 0 11 0 11 0 0 0 0 0 0 0 0 11 11 0 0 0 0 0 0 0 11 0 0 11 0 0 11 
11 11 0 0 0 0 11 0 0 0 0 11 0 0 0 11 0 0 0 0 0 0 0 0 0 0 0 0 0 0 0 0 0 0 0 0 0 0 11 
11 11 11 11 11 11 11 11 11 11 11 11 11 11 11 11 11 11 11 11 11 11 11 11 11 11 11 11 11 11 11 11 11 11 11 11 11 11 11 

16376
11 11 11 11 11 11 11 11 11 11 11 11 11 11 11 11 11 11 11 11 11 11 11 11 11 11 11 11 11 11 11 11 11 11 11 11 11 11 11 
11 0 0 0 11 0 0 0 11 0 0 0 0 0 0 0 14 0 0 0 11 0 0 0 0 11 11 0 0 0 0 0 0 0 0 0 0 0 11 
11 0 0 0 0 0 0 0 0 0 0 11 0 0 0 11 0 0 0 0 0 0 0 0 0 11 11 0 0 11 11 11 0 0 0 0 0 0 11 
11 0 11 0 0 0 0 0 11 0 11 0 11 0 0 0 0 0 0 0 0 0 0 0 0 0 0 11 11 11 11 0 0 0 0 11 0 0 11 
11 11 0 0 0 0 0 0 11 0 0 0 0 0 0 0 11 0 11 0 0 0 0 0 0 0 0 0 11 11 0 0 0 0 11 0 0 0 11 
11 0 0 0 0 11 0 0 0 11 11 0 0 0 0 0 0 0 0 11 0 0 11 0 0 0 0 0 0 0 0 0 11 0 0 0 0 0 11 
11 0 0 0 0 0 0 0 0 11 0 0 0 11 0 0 0 11 0 0 0 0 0 0 0 11 0 0 0 11 0 0 0 0 0 0 0 0 11 
11 0 0 0 0 0 0 15 0 0 0 11 0 0 11 0 0 0 0 0 0 0 11 0 11 0 0 0 0 0 0 0 0 0 0 0 0 0 11 
11 0 0 11 0 11 0 0 0 0 0 0 0 0 0 11 0 0 0 0 0 0 0 0 11 0 0 0 0 0 11 11 0 0 0 0 0 0 11 
11 0 0 11 0 0 0 0 0 0 0 0 11 0 0 0 11 11 0 0 11 0 11 15 0 0 0 0 0 0 0 11 12 11 0 0 0 0 11 
11 0 0 0 0 0 0 11 11 11 0 0 0 0 0 0 0 0 11 11 11 11 0 0 0 0 0 0 11 11 0 0 0 11 0 11 0 11 11 
11 0 0 0 0 11 0 11 0 0 11 11 0 0 0 0 0 0 0 0 0 0 11 0 0 0 11 0 0 0 0 0 11 11 0 0 15 0 11 
11 0 0 11 11 0 0 11 11 11 0 0 0 0 11 11 11 0 0 0 0 0 0 0 0 0 0 0 0 0 0 11 0 11 0 0 0 11 11 
11 0 0 0 0 0 0 0 0 0 0 11 0 0 0 0 0 0 0 0 0 0 0 0 0 0 0 0 0 0 0 0 0 11 0 0 0 0 11 
11 0 11 11 0 0 0 0 0 0 0 11 0 0 0 0 0 0 0 0 0 0 0 11 11 0 0 0 0 0 11 0 0 0 11 0 0 11 11 
11 11 0 0 0 0 0 0 0 0 0 0 0 0 0 0 11 0 0 0 0 11 0 0 0 0 0 0 0 0 0 0 0 0 0 0 0 0 11 
11 0 0 0 0 0 11 0 11 0 0 0 0 0 0 0 0 0 11 0 0 0 0 0 11 0 11 11 0 0 0 0 0 0 0 0 0 0 11 
11 0 0 0 11 0 0 0 0 0 0 0 0 0 0 0 11 11 0 11 0 0 0 0 0 0 0 0 0 0 0 0 0 0 11 11 11 0 11 
11 0 0 0 0 0 0 0 11 0 0 0 11 0 0 0 0 11 0 0 0 0 0 0 11 0 0 0 0 0 0 11 0 0 11 0 0 0 11 
11 0 0 15 0 11 11 0 0 0 0 11 0 0 0 11 0 0 11 0 0 11 11 0 0 11 0 0 0 0 0 0 0 0 11 11 0 0 11 
11 11 0 0 0 11 0 11 11 11 0 0 0 0 0 0 0 0 11 0 0 0 0 0 0 0 0 0 11 0 11 0 0 0 0 11 0 0 11 
11 0 11 0 0 0 0 11 0 0 0 0 0 0 11 11 0 11 15 11 0 0 0 0 0 11 0 0 0 0 0 0 0 0 0 0 0 0 11 
11 0 11 0 11 0 11 0 11 0 0 0 11 0 0 0 0 0 0 0 0 0 0 0 0 0 11 0 0 0 0 0 0 11 0 0 0 0 11 
11 0 11 0 0 0 0 11 0 0 0 0 0 0 0 11 11 0 11 11 11 0 0 0 0 0 0 0 0 0 0 0 0 11 0 0 0 0 11 
11 11 11 0 11 0 0 0 0 0 0 0 0 0 0 0 0 0 0 0 0 0 0 0 0 0 0 0 0 0 0 0 0 0 0 0 0 0 11 
11 0 0 0 0 11 0 0 11 0 11 11 0 0 11 0 0 11 11 11 0 11 0 0 0 0 0 15 0 0 0 0 0 0 0 0 0 0 11 
11 0 0 0 0 0 11 0 11 0 0 0 0 0 11 0 0 0 0 0 0 0 0 11 0 0 0 0 0 0 0 0 0 0 0 11 0 0 11 
11 0 11 11 0 0 11 0 0 0 11 0 0 11 0 11 0 0 0 0 0 12 11 0 0 0 0 0 0 11 0 0 0 0 0 0 0 0 11 
11 11 0 0 0 0 0 0 11 15 0 0 0 0 0 0 0 0 0 11 0 0 0 0 12 11 0 0 0 0 0 0 0 0 0 0 11 0 11 
11 11 0 0 0 0 0 0 0 0 0 0 0 11 0 0 0 11 11 0 0 0 0 0 0 12 0 0 0 11 0 0 0 0 0 11 0 0 11 
11 0 0 0 0 0 0 0 0 11 0 11 11 0 0 11 11 0 0 0 11 11 11 11 11 0 0 0 11 11 0 0 0 0 0 0 0 11 11 
11 0 0 0 11 0 11 0 0 0 0 0 0 0 0 0 0 0 0 11 11 0 0 0 0 0 0 0 0 0 0 11 0 0 0 11 0 0 11 
11 0 0 0 11 0 0 0 0 0 0 0 0 0 0 0 0 0 0 11 0 0 0 0 0 0 0 11 15 0 0 0 11 0 0 0 0 0 11 
11 0 11 0 0 0 11 0 0 0 0 0 0 11 0 0 0 11 0 0 0 0 11 0 0 0 0 0 0 0 11 11 0 11 0 0 0 11 11 
11 11 0 11 0 0 0 0 0 0 0 0 11 0 11 0 0 0 0 0 0 0 0 11 11 0 0 0 0 0 0 0 11 0 0 11 0 0 11 
11 11 0 0 0 0 11 0 0 0 0 11 0 0 0 11 0 0 0 0 0 0 0 0 0 0 0 0 0 0 0 0 0 0 0 0 0 0 11 
11 11 11 11 11 11 11 11 11 11 11 11 11 11 11 11 11 11 11 11 11 11 11 11 11 11 11 11 11 11 11 11 11 11 11 11 11 11 11 

16373
11 11 11 11 11 11 11 11 11 11 11 11 11 11 11 11 11 11 11 11 11 11 11 11 11 11 11 11 11 11 11 11 11 11 11 11 11 11 11 
11 0 0 0 11 0 0 0 11 0 0 0 0 0 0 0 0 0 0 0 11 0 0 0 0 11 11 0 0 0 0 0 0 0 0 0 0 0 11 
11 0 0 0 0 0 0 0 0 0 0 11 0 0 0 11 0 0 0 0 0 0 0 0 0 11 11 0 0 11 11 11 0 0 0 0 0 0 11 
11 0 11 0 0 0 0 0 11 0 11 0 11 0 0 0 0 0 11 0 0 0 0 0 0 0 0 11 11 11 11 0 0 0 0 11 0 0 11 
11 11 0 0 0 0 0 0 11 0 0 0 0 0 0 0 11 0 11 0 0 0 0 0 0 0 0 0 11 11 0 0 0 0 11 0 0 0 11 
11 0 0 0 0 11 0 0 0 11 11 0 0 0 0 0 0 0 0 11 0 0 11 0 0 0 0 0 0 0 0 0 11 0 0 0 0 0 11 
11 0 0 0 0 0 0 0 0 11 0 0 0 11 0 0 0 11 0 0 0 0 0 0 0 11 0 0 0 11 0 0 0 0 0 0 0 0 11 
11 0 0 0 0 0 0 0 0 0 0 11 0 0 11 0 0 0 0 0 0 0 11 0 11 0 0 0 0 0 0 0 0 0 0 0 0 0 11 
11 0 0 11 0 11 0 0 0 15 0 0 0 0 0 11 0 0 0 0 0 0 0 0 11 0 0 0 0 0 11 11 0 0 0 0 0 0 11 
11 0 0 11 0 0 0 0 0 15 0 0 11 0 0 0 11 11 0 0 11 0 11 0 0 0 0 0 0 0 0 11 0 11 0 0 0 0 11 
11 0 0 0 0 0 0 11 11 11 0 0 0 0 0 0 0 0 11 11 11 11 0 15 0 0 0 0 11 11 0 0 0 11 0 11 0 11 11 
11 0 0 0 0 11 0 11 0 0 11 11 0 0 0 0 0 0 0 0 0 0 11 0 0 0 11 15 0 0 0 0 11 11 0 0 11 0 11 
11 0 0 11 11 0 0 11 11 11 0 0 0 0 11 11 11 0 0 0 0 0 0 0 0 0 0 0 0 0 0 11 0 11 0 0 0 11 11 
11 0 0 0 0 0 0 0 0 0 0 11 0 0 0 0 0 0 0 0 0 0 0 0 0 0 0 0 0 0 0 0 0 11 0 0 0 0 11 
11 0 11 11 0 0 0 0 0 0 0 11 0 0 0 0 0 0 0 0 0 0 0 11 11 0 0 15 0 0 11 0 0 0 11 0 0 11 11 
11 11 0 0 0 0 0 0 0 0 0 0 0 0 0 0 11 0 0 0 0 11 0 0 0 0 0 0 0 0 0 0 0 0 0 0 0 0 11 
11 0 0 0 0 0 11 0 11 0 0 0 0 0 0 0 0 0 11 0 0 0 0 0 11 0 11 11 0 0 0 0 0 0 0 0 0 0 11 
11 0 0 0 11 0 0 0 0 0 0 0 0 0 0 0 11 11 0 11 0 0 0 0 0 0 0 0 0 0 0 0 0 0 11 11 11 0 11 
11 0 0 0 0 0 0 0 11 0 0 0 11 0 0 0 0 11 0 0 0 0 0 0 11 0 0 0 0 0 0 11 0 0 11 0 0 0 11 
11 0 0 0 0 11 11 0 0 0 0 11 0 0 0 11 0 0 11 0 0 11 11 0 0 11 0 0 0 0 0 0 0 0 11 11 0 0 11 
11 11 0 0 15 11 0 11 11 11 0 0 0 0 0 0 0 0 11 0 0 0 0 0 0 0 0 0 11 0 11 0 0 0 0 11 0 0 11 
11 0 11 0 0 12 0 11 0 0 0 0 0 0 11 11 0 11 0 11 0 0 0 0 0 11 0 0 0 0 0 0 0 0 0 0 0 0 11 
11 0 11 0 11 0 11 0 11 0 0 0 11 0 0 0 0 0 0 0 0 0 0 0 0 0 11 0 0 0 0 0 0 11 0 0 0 0 11 
11 0 11 0 0 0 0 11 0 0 0 0 0 0 0 11 11 0 11 11 11 0 0 0 0 0 0 0 0 0 0 0 0 11 0 0 0 0 11 
11 11 11 0 11 0 0 0 0 0 0 0 0 0 0 0 0 0 0 0 0 0 0 0 0 0 0 0 0 0 0 0 0 0 0 0 0 0 11 
11 0 0 0 0 11 0 0 11 0 11 11 0 0 11 0 0 11 11 11 0 11 0 0 0 0 0 15 0 0 0 0 0 0 0 0 0 0 11 
11 0 0 0 0 0 11 0 11 0 14 0 0 0 11 0 0 0 0 0 0 0 0 11 0 0 0 0 0 0 0 0 0 0 0 11 0 0 11 
11 0 11 11 0 0 11 0 0 0 11 0 0 11 0 11 0 0 0 0 0 0 11 0 0 0 0 0 0 11 0 0 0 0 0 0 0 0 11 
11 11 0 0 0 0 0 0 11 0 0 0 0 0 0 0 0 0 0 11 0 0 0 0 0 11 0 0 0 0 0 0 0 0 0 0 11 0 11 
11 11 0 0 0 0 0 0 0 0 0 0 0 11 0 0 0 11 11 0 0 0 15 0 0 0 0 0 0 11 0 0 0 0 0 11 0 0 11 
11 0 0 0 0 0 0 0 0 11 0 11 11 0 0 11 11 0 0 0 11 11 11 11 11 0 0 0 11 11 0 0 0 0 0 0 0 11 11 
11 0 0 0 11 0 11 0 0 0 0 0 0 0 0 0 0 0 0 11 11 0 0 0 0 0 0 0 0 0 0 11 0 0 0 11 0 0 11 
11 0 0 0 11 0 0 0 0 0 0 0 0 0 0 0 0 0 0 11 0 0 0 0 0 0 0 11 0 0 0 0 11 0 0 0 0 0 11 
11 0 11 0 0 0 11 0 0 0 0 0 0 11 0 0 0 11 0 0 0 0 11 0 0 0 0 0 15 0 11 11 0 11 0 0 0 11 11 
11 11 0 11 0 0 0 0 0 0 0 0 11 0 11 0 0 0 0 0 0 0 0 11 11 0 0 0 0 0 0 0 11 0 0 11 0 0 11 
11 11 0 0 0 0 11 0 0 0 0 11 0 0 0 11 0 0 0 0 0 0 0 0 0 0 0 0 0 0 0 0 0 0 0 0 0 0 11 
11 11 11 11 11 11 11 11 11 11 11 11 11 11 11 11 11 11 11 11 11 11 11 11 11 11 11 11 11 11 11 11 11 11 11 11 11 11 11 

16426
11 11 11 11 11 11 11 11 11 11 11 11 11 11 11 11 11 11 11 11 11 11 11 11 11 11 11 11 11 11 11 11 11 11 11 11 11 11 11 
11 0 0 0 11 0 0 0 11 0 0 0 0 0 0 0 0 0 0 0 11 0 0 0 0 11 11 0 0 0 0 0 0 0 0 0 0 0 11 
11 0 0 0 0 0 0 0 0 0 0 0 0 0 0 11 0 0 0 0 0 0 0 0 0 11 11 0 0 11 11 11 0 0 0 0 0 0 11 
11 0 11 0 0 0 0 0 11 0 11 0 11 0 0 0 15 0 0 0 0 0 0 0 0 0 0 11 11 11 11 0 0 0 0 11 0 0 11 
11 11 0 0 0 0 0 0 11 0 0 0 0 0 0 0 11 0 11 0 0 0 0 0 0 0 0 0 11 11 0 0 0 11 11 0 0 0 11 
11 0 0 0 0 11 0 0 0 11 11 0 0 0 0 0 0 0 0 11 0 0 11 0 0 0 0 0 0 0 0 0 11 0 0 0 0 0 11 
11 0 0 0 0 0 0 0 0 11 0 0 0 11 0 0 0 11 0 0 11 0 0 0 0 11 0 11 0 11 0 0 0 0 0 0 0 0 11 
11 0 0 0 0 0 0 0 0 0 0 11 0 0 11 0 0 0 0 0 0 0 11 0 11 0 0 0 0 0 0 0 0 0 0 0 0 0 11 
11 0 0 11 0 11 0 0 15 0 0 0 0 0 0 11 0 0 0 0 0 0 0 0 11 0 0 0 0 0 11 11 0 0 0 0 0 0 11 
11 0 0 11 0 0 0 0 0 0 0 0 11 0 0 0 11 11 0 14 11 0 11 0 0 0 0 0 0 0 0 11 0 0 0 0 0 0 11 
11 0 0 0 0 0 0 11 0 11 0 0 0 0 0 0 11 0 11 0 11 11 0 0 0 0 0 0 11 11 0 0 0 11 0 11 0 11 11 
11 0 0 0 0 11 0 11 0 0 11 11 0 0 0 0 11 0 0 0 11 0 11 0 0 0 11 0 0 0 0 0 11 11 0 0 14 0 11 
11 0 0 11 11 0 0 11 11 11 0 0 0 0 11 11 11 0 0 0 0 0 0 0 0 0 0 0 0 0 0 11 0 11 0 0 0 11 11 
11 0 0 0 0 0 0 0 0 0 0 11 0 0 0 0 0 0 0 0 0 0 0 0 0 0 0 0 0 0 0 0 0 11 0 0 0 0 11 
11 0 11 11 0 0 0 0 0 0 0 11 0 0 0 0 0 0 0 0 0 0 0 11 11 0 0 0 15 0 11 0 0 0 11 0 0 11 11 
11 11 0 0 0 0 0 0 0 11 0 0 0 0 0 0 11 0 0 0 0 11 0 0 0 0 0 0 0 0 0 0 0 0 0 0 0 0 11 
11 0 0 0 0 0 11 0 11 0 0 0 0 0 0 0 0 0 11 0 0 0 0 0 11 0 11 0 0 0 0 0 0 0 0 0 0 0 11 
11 0 0 0 11 0 0 0 0 11 0 0 0 0 0 0 11 11 0 11 0 0 0 0 0 0 0 0 0 0 0 0 0 0 11 11 0 0 11 
11 0 0 0 0 0 0 0 11 0 0 0 11 0 0 0 0 11 0 0 0 0 0 0 11 0 0 0 0 0 0 11 0 0 11 0 0 0 11 
11 0 0 0 0 11 11 0 0 0 0 11 0 0 0 11 0 0 11 0 0 11 11 0 0 11 0 0 0 0 0 0 0 0 11 11 0 0 11 
11 0 0 0 0 11 15 11 11 11 0 0 0 0 0 0 0 0 11 0 0 0 0 0 0 0 0 0 11 0 11 0 0 0 0 11 0 0 11 
11 0 11 0 0 0 0 11 0 0 0 0 0 0 11 11 0 11 0 11 0 0 0 0 0 11 0 0 0 0 0 0 0 0 0 0 0 0 11 
11 0 11 0 11 0 11 0 11 0 0 0 11 0 0 0 0 0 0 0 0 11 0 0 0 0 11 0 0 0 0 0 0 11 0 0 0 0 11 
11 0 11 0 0 0 0 11 0 0 0 0 0 0 0 11 11 0 11 0 11 0 0 0 0 0 0 0 0 0 0 0 0 11 0 0 0 0 11 
11 11 11 0 11 0 0 0 0 0 0 0 0 0 0 0 0 0 0 0 0 0 0 11 0 0 0 0 0 0 0 0 0 0 0 0 0 0 11 
11 0 0 0 0 0 0 0 11 0 11 11 0 0 11 0 0 11 11 11 15 11 0 0 0 0 0 0 0 0 0 0 0 0 0 0 0 0 11 
11 0 0 0 0 0 11 0 11 0 0 0 0 0 11 0 0 0 0 0 0 0 0 11 0 0 0 0 0 0 0 0 0 0 0 11 0 0 11 
11 0 11 11 0 0 11 0 0 0 11 0 0 11 0 11 0 0 0 0 0 0 11 0 0 0 0 0 0 11 0 0 0 0 0 0 0 0 11 
11 11 0 0 0 0 0 0 11 15 0 0 0 0 0 0 0 0 0 11 0 0 0 0 15 11 0 0 0 0 0 0 0 0 0 0 11 0 11 
11 11 0 11 0 0 0 0 0 0 0 0 11 11 0 0 0 11 11 0 0 0 0 0 0 0 0 0 0 11 0 0 0 0 0 11 0 0 11 
11 0 0 0 0 0 0 0 0 11 0 11 11 0 0 11 0 0 0 0 11 11 11 0 11 0 0 0 11 11 0 0 0 0 0 0 0 11 11 
11 0 0 0 11 0 11 0 0 0 0 0 0 0 0 0 0 0 0 11 11 0 0 0 0 0 0 0 0 0 0 11 0 0 0 11 0 0 11 
11 0 0 0 11 0 0 0 0 0 0 0 0 0 0 0 0 0 0 11 0 0 0 0 0 0 0 11 0 0 13 0 11 0 0 0 0 0 11 
11 0 11 0 0 0 11 0 0 0 0 0 0 11 0 0 0 11 0 0 0 0 11 0 0 0 0 0 0 0 11 11 0 11 0 0 0 11 11 
11 11 0 11 0 0 11 0 0 0 0 0 11 0 11 0 0 0 0 0 0 0 0 0 11 0 0 0 0 0 15 0 11 0 0 11 0 0 11 
11 11 0 0 0 0 11 0 0 0 0 11 0 0 0 0 0 0 0 0 0 0 0 0 0 0 0 0 0 0 0 0 0 0 0 0 0 0 11 
11 11 11 11 11 11 11 11 11 11 11 11 11 11 11 11 11 11 11 11 11 11 11 11 11 11 11 11 11 11 11 11 11 11 11 11 11 11 11 

16424
11 11 11 11 11 11 11 11 11 11 11 11 11 11 11 11 11 11 11 11 11 11 11 11 11 11 11 11 11 11 11 11 11 11 11 11 11 11 11 
11 0 0 0 11 0 0 0 11 0 0 0 0 0 0 0 0 0 0 0 11 0 0 0 0 11 11 0 0 0 0 0 0 0 0 0 0 0 11 
11 0 0 0 0 0 0 0 0 0 0 0 0 0 0 11 0 0 0 0 0 0 11 0 0 11 11 0 0 11 11 11 0 0 0 0 0 0 11 
11 0 11 0 0 0 0 0 11 0 11 0 11 0 0 0 0 0 0 0 0 0 0 0 0 0 0 11 11 11 11 0 0 0 0 11 0 0 11 
11 11 0 0 0 0 0 0 11 0 0 0 0 0 0 0 11 0 11 0 0 0 0 0 0 0 0 0 11 11 0 0 0 11 11 0 0 0 11 
11 0 0 0 0 11 0 0 0 11 11 0 0 0 0 0 0 0 0 11 0 0 11 0 0 0 0 0 0 0 0 0 11 0 0 0 0 0 11 
11 0 0 0 0 0 0 0 0 11 0 0 0 11 0 0 0 11 0 0 11 0 0 0 0 11 0 11 0 11 0 0 0 0 0 0 0 0 11 
11 0 0 0 0 0 0 0 0 0 0 11 0 0 11 0 0 0 0 0 0 0 11 0 11 0 0 0 0 0 0 0 0 0 0 0 0 0 11 
11 0 0 11 0 11 0 0 0 15 0 0 0 0 0 11 0 0 0 0 0 0 0 0 11 0 0 0 0 0 11 11 0 0 15 0 0 0 11 
11 0 0 11 0 0 0 0 0 0 0 0 11 0 0 0 11 11 0 15 11 0 11 0 0 0 0 0 0 0 0 11 0 0 0 0 0 0 11 
11 0 0 0 0 0 0 11 0 11 0 0 0 0 0 0 11 0 11 0 11 11 0 0 0 0 0 0 11 11 0 0 0 11 0 11 0 11 11 
11 0 0 0 0 11 0 11 0 15 11 11 0 0 0 0 11 0 0 0 11 0 11 0 0 0 11 0 0 0 0 0 11 11 0 0 0 0 11 
11 0 0 11 11 0 0 11 11 11 0 0 0 0 11 11 11 0 0 0 0 0 0 0 0 0 0 0 0 0 0 11 0 11 0 0 0 11 11 
11 0 0 0 0 0 0 0 0 0 0 11 0 0 0 0 0 0 0 0 0 0 0 0 0 0 0 0 0 0 0 0 0 11 0 0 0 0 11 
11 0 11 11 0 0 0 0 0 0 0 11 0 0 0 0 0 0 0 0 0 0 0 11 11 0 0 0 0 0 11 0 0 0 11 0 0 11 11 
11 11 0 0 0 0 0 0 0 11 0 0 0 0 0 0 11 0 0 0 0 11 0 0 0 15 0 0 0 0 0 0 0 0 0 0 0 0 11 
11 0 0 0 0 0 11 0 11 0 0 0 0 0 0 0 0 0 11 0 0 0 0 0 11 0 11 0 0 0 0 0 0 0 0 0 0 0 11 
11 0 0 0 11 0 0 0 0 11 0 0 0 0 0 0 11 11 0 11 0 0 0 0 0 0 0 0 0 0 0 0 0 0 11 11 0 0 11 
11 0 0 0 0 0 0 0 11 0 0 0 11 0 0 0 0 11 0 0 0 0 0 0 11 0 0 0 0 0 0 11 0 0 11 0 0 0 11 
11 0 0 0 0 11 11 0 0 0 0 11 0 0 0 11 0 0 11 0 0 11 11 0 0 11 0 0 0 0 0 0 0 0 11 11 0 0 11 
11 0 0 0 0 11 0 11 11 11 0 0 0 0 0 0 0 0 11 0 0 0 0 0 0 0 0 0 11 0 11 0 0 0 0 11 0 0 11 
11 0 11 0 0 0 0 11 0 0 0 0 0 0 11 11 0 11 0 11 0 0 0 0 0 11 0 0 0 0 0 0 0 0 0 0 0 0 11 
11 0 11 0 11 0 11 0 11 0 0 0 11 0 0 0 0 0 0 0 0 11 0 0 0 0 11 0 0 0 0 0 0 11 0 0 0 0 11 
11 0 11 0 0 0 0 11 0 0 0 0 0 0 0 11 11 0 11 0 11 0 0 0 0 0 0 0 0 0 0 0 0 11 0 0 0 0 11 
11 11 11 0 11 0 0 0 0 0 0 0 0 0 0 0 0 0 0 0 0 0 0 11 0 0 0 0 0 0 0 0 0 0 0 0 0 0 11 
11 0 0 0 0 0 0 0 11 0 11 11 0 0 11 0 0 11 11 11 0 11 0 0 0 0 0 0 0 0 0 0 0 0 0 0 0 0 11 
11 0 0 0 0 0 11 0 11 15 0 0 0 0 11 0 0 0 0 0 0 0 0 11 0 0 0 0 0 0 0 0 0 0 0 11 0 0 11 
11 0 11 11 0 0 11 0 0 0 11 0 0 11 0 11 0 0 0 0 0 0 11 15 0 0 0 0 0 11 0 0 0 0 0 0 0 0 11 
11 11 0 0 0 0 0 0 11 0 0 0 0 0 0 0 0 0 0 11 0 0 0 0 0 11 0 0 0 0 0 0 0 0 0 0 11 0 11 
11 11 0 11 0 0 0 0 0 0 0 0 11 11 0 0 0 11 11 0 0 0 0 0 0 0 0 0 0 11 0 0 0 0 0 11 0 0 11 
11 0 0 0 0 0 0 0 0 11 15 11 11 0 0 11 0 0 0 0 11 11 11 0 11 0 0 0 11 11 0 0 0 0 0 0 0 11 11 
11 0 0 0 11 0 11 0 0 0 0 0 0 0 0 0 0 0 0 11 11 0 0 0 0 0 0 0 15 15 0 11 0 0 0 11 0 0 11 
11 0 0 0 11 0 0 0 0 0 0 0 0 0 0 0 0 0 0 11 0 0 0 0 0 0 0 11 0 0 0 0 11 0 0 0 0 0 11 
11 0 11 0 0 0 11 0 0 0 0 0 0 11 0 0 0 11 0 0 0 0 11 0 0 0 0 0 0 0 11 11 0 11 0 0 0 11 11 
11 11 0 11 0 0 11 0 0 0 0 0 11 0 11 0 0 0 0 0 0 0 0 0 11 0 0 0 0 0 0 0 11 0 0 11 0 0 11 
11 11 0 0 0 0 11 0 0 0 0 11 0 0 0 0 0 0 0 0 0 0 0 0 0 0 0 0 0 0 0 0 0 0 0 0 0 0 11 
11 11 11 11 11 11 11 11 11 11 11 11 11 11 11 11 11 11 11 11 11 11 11 11 11 11 11 11 11 11 11 11 11 11 11 11 11 11 11 

16380
11 11 11 11 11 11 11 11 11 11 11 11 11 11 11 11 11 11 11 11 11 11 11 11 11 11 11 11 11 11 11 11 11 11 11 11 11 11 11 
11 0 0 0 11 0 0 0 11 0 0 0 0 0 0 0 0 0 0 0 11 0 0 0 0 11 11 0 0 0 0 0 0 0 0 0 0 0 11 
11 0 0 0 0 0 0 0 0 0 0 0 0 0 0 11 0 0 0 0 0 0 0 0 0 11 11 0 0 11 11 11 0 0 0 0 0 0 11 
11 0 11 0 0 0 0 0 11 0 11 0 11 0 0 0 0 0 15 0 0 0 0 0 0 0 0 11 11 11 11 0 0 0 0 11 0 0 11 
11 11 0 0 0 0 0 0 11 0 0 0 0 0 0 0 11 0 11 0 0 0 0 0 0 0 0 0 11 11 0 0 0 11 11 0 0 0 11 
11 0 0 0 0 11 0 0 0 11 11 0 0 0 0 0 0 0 0 11 0 0 11 0 0 0 0 0 0 0 0 0 11 0 0 0 0 0 11 
11 0 0 0 0 0 0 0 0 11 0 0 0 11 0 0 0 11 0 0 11 0 0 0 0 11 0 11 0 11 0 0 0 0 0 0 0 0 11 
11 0 0 0 0 0 0 0 0 0 0 11 0 0 11 0 0 0 0 0 0 0 11 0 11 0 0 0 0 0 0 0 0 0 0 0 0 0 11 
11 0 0 11 0 11 0 0 0 0 0 0 0 0 0 11 0 0 0 0 0 0 0 0 11 0 0 0 0 0 11 11 0 0 0 0 0 0 11 
11 0 0 11 0 0 0 0 15 0 0 0 11 0 0 0 11 11 0 0 11 0 11 0 0 0 0 0 0 0 0 11 0 0 0 0 0 0 11 
11 0 0 0 0 0 0 11 0 11 0 0 0 0 0 0 11 0 11 0 11 11 0 0 0 0 0 0 11 11 0 0 0 11 0 11 0 11 11 
11 0 0 0 0 11 0 11 0 0 11 11 0 0 0 0 11 0 0 0 11 0 11 0 0 0 11 0 0 0 0 0 11 11 15 0 0 0 11 
11 0 0 11 11 0 0 11 11 11 0 0 0 0 11 11 11 0 0 0 0 0 0 0 0 0 0 0 0 0 0 11 0 11 0 0 0 11 11 
11 0 0 0 0 0 0 0 0 0 0 11 0 0 0 0 0 0 0 0 0 0 0 0 0 0 0 0 0 0 0 0 0 11 0 0 0 0 11 
11 0 11 11 0 0 0 0 0 0 0 11 0 0 0 0 0 0 0 0 0 0 0 11 11 0 14 0 0 0 11 0 0 0 11 0 0 11 11 
11 11 0 0 0 0 0 0 0 11 0 0 0 0 0 0 11 0 0 0 0 11 0 0 0 0 0 0 0 0 0 0 0 0 0 11 0 0 11 
11 0 0 0 0 0 11 0 11 0 0 0 0 0 0 0 0 0 11 0 0 0 0 0 11 0 11 0 0 0 0 0 0 0 0 0 0 0 11 
11 0 0 0 11 0 0 0 0 11 0 0 0 0 0 0 11 11 0 11 0 0 0 0 0 0 0 0 0 0 0 0 0 0 11 11 0 0 11 
11 0 0 0 15 0 0 0 11 0 0 0 11 0 0 0 0 11 0 0 0 0 0 0 11 0 0 0 0 0 0 11 0 0 11 0 0 0 11 
11 0 0 0 0 11 11 0 0 0 0 11 0 0 0 11 0 0 11 0 0 11 11 0 0 11 15 0 0 0 0 0 0 0 11 11 0 0 11 
11 0 0 0 0 11 0 11 11 11 0 0 0 0 0 0 0 0 11 0 0 0 0 0 0 0 0 0 11 0 11 0 0 0 0 11 0 0 11 
11 0 11 0 0 0 0 11 0 0 0 0 0 0 11 11 0 11 0 11 0 0 0 0 0 11 0 0 0 0 0 0 0 0 0 0 0 0 11 
11 0 11 0 11 0 11 0 11 0 0 0 11 0 0 0 0 0 0 0 0 11 0 0 0 0 11 0 0 0 0 0 0 11 0 0 0 0 11 
11 0 11 0 0 0 0 11 0 0 0 0 0 0 0 11 11 0 11 0 11 0 0 0 0 0 0 0 0 0 0 0 0 11 0 0 0 0 11 
11 11 11 0 11 0 0 0 0 0 0 0 0 0 0 0 0 0 0 0 0 0 15 11 0 0 0 0 0 0 0 0 0 0 0 0 0 0 11 
11 0 0 0 0 0 0 0 11 0 11 11 0 0 11 0 0 11 11 11 0 11 0 0 0 0 0 0 0 0 0 0 0 0 0 0 0 0 11 
11 0 0 0 0 0 11 0 11 0 0 15 0 0 11 0 0 0 0 0 0 0 0 11 0 0 0 0 0 0 0 0 0 0 0 11 0 0 11 
11 0 11 11 0 0 11 0 0 0 11 0 0 11 0 11 0 0 0 0 0 0 11 0 0 0 0 0 0 11 0 0 0 0 0 0 0 0 11 
11 11 0 0 0 0 0 0 11 0 0 0 0 0 0 0 0 0 0 11 0 0 0 0 0 11 0 0 0 0 0 0 0 0 0 0 11 0 11 
11 11 0 11 0 0 0 0 0 0 0 0 11 11 0 0 0 11 11 0 0 0 0 0 0 0 0 0 0 11 0 0 0 0 0 11 0 0 11 
11 0 0 0 0 0 0 0 0 11 0 11 11 0 0 11 0 0 0 0 11 11 11 0 11 0 0 0 11 11 0 0 0 0 0 0 0 11 11 
11 0 0 0 11 0 11 0 0 0 0 0 0 0 0 0 0 0 0 11 11 0 0 0 0 0 0 0 0 0 0 11 0 0 0 11 0 0 11 
11 0 0 0 11 0 0 0 0 0 0 0 0 0 0 0 0 0 0 11 0 0 0 0 0 0 0 11 0 15 0 0 11 0 0 0 0 0 11 
11 0 11 0 0 0 11 0 0 0 0 0 0 11 0 0 0 11 0 0 0 0 11 0 0 0 0 0 15 0 11 11 0 11 0 0 0 11 11 
11 11 0 11 0 0 11 0 0 0 0 0 11 0 11 0 0 0 0 0 0 0 0 0 11 0 0 0 0 0 0 0 11 0 0 11 0 0 11 
11 11 0 0 0 0 11 0 0 0 0 11 0 0 0 0 0 0 0 0 0 0 0 0 0 0 0 0 0 0 0 0 0 0 0 0 0 0 11 
11 11 11 11 11 11 11 11 11 11 11 11 11 11 11 11 11 11 11 11 11 11 11 11 11 11 11 11 11 11 11 11 11 11 11 11 11 11 11 

16380
11 11 11 11 11 11 11 11 11 11 11 11 11 11 11 11 11 11 11 11 11 11 11 11 11 11 11 11 11 11 11 11 11 11 11 11 11 11 11 
11 0 0 0 11 0 0 0 11 0 0 0 0 0 0 0 0 0 0 0 11 0 0 0 0 11 11 0 0 0 0 0 0 0 0 0 0 0 11 
11 0 0 0 0 0 0 0 0 0 0 0 0 0 0 11 0 0 0 0 0 0 0 0 0 11 11 0 0 11 11 11 0 0 0 0 0 0 11 
11 0 11 0 0 0 0 0 11 0 11 0 11 0 0 0 0 0 15 0 0 0 0 0 0 0 0 11 11 11 11 0 0 0 0 11 0 0 11 
11 11 0 0 0 0 0 0 11 0 0 0 0 0 0 0 11 0 11 0 0 0 0 0 0 0 0 0 11 11 0 0 0 11 11 0 0 0 11 
11 0 0 0 0 11 0 0 0 11 11 0 0 0 0 0 0 0 0 11 0 0 11 0 0 0 0 0 0 0 0 0 11 0 0 0 0 0 11 
11 0 0 0 0 0 0 0 0 11 0 0 0 11 0 0 0 11 0 0 11 0 0 0 0 11 0 11 0 11 0 0 0 0 0 0 0 0 11 
11 0 0 0 0 0 0 0 0 0 0 11 0 0 11 0 0 0 0 0 0 0 11 0 11 0 0 0 0 0 0 0 0 0 0 0 0 0 11 
11 0 0 11 0 11 0 0 0 0 0 0 0 0 0 11 0 0 0 0 0 0 0 0 11 0 0 0 0 0 11 11 0 0 0 0 0 0 11 
11 0 0 11 0 0 0 0 15 0 0 0 11 0 0 0 11 11 0 0 11 0 11 0 0 0 0 0 0 0 0 11 0 0 0 0 0 0 11 
11 0 0 0 0 0 0 11 0 11 0 0 0 0 0 0 11 0 11 0 11 11 0 0 0 0 0 0 11 11 0 0 0 11 0 11 0 11 11 
11 0 0 0 0 11 0 11 0 0 11 11 0 0 0 0 11 0 0 0 11 0 11 0 0 0 11 0 0 0 0 0 11 11 15 0 0 0 11 
11 0 0 11 11 0 0 11 11 11 0 0 0 0 11 11 11 0 0 0 0 0 0 0 0 0 0 0 0 0 0 11 0 11 0 0 0 11 11 
11 0 0 0 0 0 0 0 0 0 0 11 0 0 0 0 0 0 0 0 0 0 0 0 0 0 0 0 0 0 0 0 0 11 0 0 0 0 11 
11 0 11 11 0 0 0 0 0 0 0 11 0 0 0 0 0 0 0 0 0 0 0 11 11 0 14 0 0 0 11 0 0 0 11 0 0 11 11 
11 11 0 0 0 0 0 0 0 11 0 0 0 0 0 0 11 0 0 0 0 11 0 0 0 0 0 0 0 0 0 0 0 0 0 11 0 0 11 
11 0 0 0 0 0 11 0 11 0 0 0 0 0 0 0 0 0 11 0 0 0 0 0 11 0 11 0 0 0 0 0 0 0 0 0 0 0 11 
11 0 0 0 11 0 0 0 0 11 0 0 0 0 0 0 11 11 0 11 0 0 0 0 0 0 0 0 0 0 0 0 0 0 11 11 0 0 11 
11 0 0 0 15 0 0 0 11 0 0 0 11 0 0 0 0 11 0 0 0 0 0 0 11 0 0 0 0 0 0 11 0 0 11 0 0 0 11 
11 0 0 0 0 11 11 0 0 0 0 11 0 0 0 11 0 0 11 0 0 11 11 0 0 11 15 0 0 0 0 0 0 0 11 11 0 0 11 
11 0 0 0 0 11 0 11 11 11 0 0 0 0 0 0 0 0 11 0 0 0 0 0 0 0 0 0 11 0 11 0 0 0 0 11 0 0 11 
11 0 11 0 0 0 0 11 0 0 0 0 0 0 11 11 0 11 0 11 0 0 0 0 0 11 0 0 0 0 0 0 0 0 0 0 0 0 11 
11 0 11 0 11 0 11 0 11 0 0 0 11 0 0 0 0 0 0 0 0 11 0 0 0 0 11 0 0 0 0 0 0 11 0 0 0 0 11 
11 0 11 0 0 0 0 11 0 0 0 0 0 0 0 11 11 0 11 0 11 0 0 0 0 0 0 0 0 0 0 0 0 11 0 0 0 0 11 
11 11 11 0 11 0 0 0 0 0 0 0 0 0 0 0 0 0 0 0 0 0 15 11 0 0 0 0 0 0 0 0 0 0 0 0 0 0 11 
11 0 0 0 0 0 0 0 11 0 11 11 0 0 11 0 0 11 11 11 0 11 0 0 0 0 0 0 0 0 0 0 0 0 0 0 0 0 11 
11 0 0 0 0 0 11 0 11 0 0 15 0 0 11 0 0 0 0 0 0 0 0 11 0 0 0 0 0 0 0 0 0 0 0 11 0 0 11 
11 0 11 11 0 0 11 0 0 0 11 0 0 11 0 11 0 0 0 0 0 0 11 0 0 0 0 0 0 11 0 0 0 0 0 0 0 0 11 
11 11 0 0 0 0 0 0 11 0 0 0 0 0 0 0 0 0 0 11 0 0 0 0 0 11 0 0 0 0 0 0 0 0 0 0 11 0 11 
11 11 0 11 0 0 0 0 0 0 0 0 11 11 0 0 0 11 11 0 0 0 0 0 0 0 0 0 0 11 0 0 0 0 0 11 0 0 11 
11 0 0 0 0 0 0 0 0 11 0 11 11 0 0 11 0 0 0 0 11 11 11 0 11 0 0 0 11 11 0 0 0 0 0 0 0 11 11 
11 0 0 0 11 0 11 0 0 0 0 0 0 0 0 0 0 0 0 11 11 0 0 0 0 0 0 0 0 0 0 11 0 0 0 11 0 0 11 
11 0 0 0 11 0 0 0 0 0 0 0 0 0 0 0 0 0 0 11 0 0 0 0 0 0 0 11 0 15 0 0 11 0 0 0 0 0 11 
11 0 11 0 0 0 11 0 0 0 0 0 0 11 0 0 0 11 0 0 0 0 11 0 0 0 0 0 15 0 11 11 0 11 0 0 0 11 11 
11 11 0 11 0 0 11 0 0 0 0 0 11 0 11 0 0 0 0 0 0 0 0 0 11 0 0 0 0 0 0 0 11 0 0 11 0 0 11 
11 11 0 0 0 0 11 0 0 0 0 11 0 0 0 0 0 0 0 0 0 0 0 0 0 0 0 0 0 0 0 0 0 0 0 0 0 0 11 
11 11 11 11 11 11 11 11 11 11 11 11 11 11 11 11 11 11 11 11 11 11 11 11 11 11 11 11 11 11 11 11 11 11 11 11 11 11 11 

16380
11 11 11 11 11 11 11 11 11 11 11 11 11 11 11 11 11 11 11 11 11 11 11 11 11 11 11 11 11 11 11 11 11 11 11 11 11 11 11 
11 0 0 0 11 0 0 0 11 0 0 0 0 0 0 0 0 0 0 0 11 0 0 0 0 11 11 0 0 0 0 0 0 0 0 0 0 0 11 
11 0 0 0 0 0 0 0 0 0 0 0 0 0 0 11 0 0 0 0 0 0 0 0 0 11 11 0 0 11 11 11 0 0 0 0 0 0 11 
11 0 11 0 0 0 0 0 11 0 11 0 11 0 0 0 0 0 15 0 0 0 0 0 0 0 0 11 11 11 11 0 0 0 0 11 0 0 11 
11 11 0 0 0 0 0 0 11 0 0 0 0 0 0 0 11 0 11 0 0 0 0 0 0 0 0 0 11 11 0 0 0 11 11 0 0 0 11 
11 0 0 0 0 11 0 0 0 11 11 0 0 0 0 0 0 0 0 11 0 0 11 0 0 0 0 0 0 0 0 0 11 0 0 0 0 0 11 
11 0 0 0 0 0 0 0 0 11 0 0 0 11 0 0 0 11 0 0 11 0 0 0 0 11 0 11 0 11 0 0 0 0 0 0 0 0 11 
11 0 0 0 0 0 0 0 0 0 0 11 0 0 11 0 0 0 0 0 0 0 11 0 11 0 0 0 0 0 0 0 0 0 0 0 0 0 11 
11 0 0 11 0 11 0 0 0 0 0 0 0 0 0 11 0 0 0 0 0 0 0 0 11 0 0 0 0 0 11 11 0 0 0 0 0 0 11 
11 0 0 11 0 0 0 0 15 0 0 0 11 0 0 0 11 11 0 0 11 0 11 0 0 0 0 0 0 0 0 11 0 0 0 0 0 0 11 
11 0 0 0 0 0 0 11 0 11 0 0 0 0 0 0 11 0 11 0 11 11 0 0 0 0 0 0 11 11 0 0 0 11 0 11 0 11 11 
11 0 0 0 0 11 0 11 0 0 11 11 0 0 0 0 11 0 0 0 11 0 11 0 0 0 11 0 0 0 0 0 11 11 15 0 0 0 11 
11 0 0 11 11 0 0 11 11 11 0 0 0 0 11 11 11 0 0 0 0 0 0 0 0 0 0 0 0 0 0 11 0 11 0 0 0 11 11 
11 0 0 0 0 0 0 0 0 0 0 11 0 0 0 0 0 0 0 0 0 0 0 0 0 0 0 0 0 0 0 0 0 11 0 0 0 0 11 
11 0 11 11 0 0 0 0 0 0 0 11 0 0 0 0 0 0 0 0 0 0 0 11 11 0 14 0 0 0 11 0 0 0 11 0 0 11 11 
11 11 0 0 0 0 0 0 0 11 0 0 0 0 0 0 11 0 0 0 0 11 0 0 0 0 0 0 0 0 0 0 0 0 0 11 0 0 11 
11 0 0 0 0 0 11 0 11 0 0 0 0 0 0 0 0 0 11 0 0 0 0 0 11 0 11 0 0 0 0 0 0 0 0 0 0 0 11 
11 0 0 0 11 0 0 0 0 11 0 0 0 0 0 0 11 11 0 11 0 0 0 0 0 0 0 0 0 0 0 0 0 0 11 11 0 0 11 
11 0 0 0 15 0 0 0 11 0 0 0 11 0 0 0 0 11 0 0 0 0 0 0 11 0 0 0 0 0 0 11 0 0 11 0 0 0 11 
11 0 0 0 0 11 11 0 0 0 0 11 0 0 0 11 0 0 11 0 0 11 11 0 0 11 15 0 0 0 0 0 0 0 11 11 0 0 11 
11 0 0 0 0 11 0 11 11 11 0 0 0 0 0 0 0 0 11 0 0 0 0 0 0 0 0 0 11 0 11 0 0 0 0 11 0 0 11 
11 0 11 0 0 0 0 11 0 0 0 0 0 0 11 11 0 11 0 11 0 0 0 0 0 11 0 0 0 0 0 0 0 0 0 0 0 0 11 
11 0 11 0 11 0 11 0 11 0 0 0 11 0 0 0 0 0 0 0 0 11 0 0 0 0 11 0 0 0 0 0 0 11 0 0 0 0 11 
11 0 11 0 0 0 0 11 0 0 0 0 0 0 0 11 11 0 11 0 11 0 0 0 0 0 0 0 0 0 0 0 0 11 0 0 0 0 11 
11 11 11 0 11 0 0 0 0 0 0 0 0 0 0 0 0 0 0 0 0 0 15 11 0 0 0 0 0 0 0 0 0 0 0 0 0 0 11 
11 0 0 0 0 0 0 0 11 0 11 11 0 0 11 0 0 11 11 11 0 11 0 0 0 0 0 0 0 0 0 0 0 0 0 0 0 0 11 
11 0 0 0 0 0 11 0 11 0 0 15 0 0 11 0 0 0 0 0 0 0 0 11 0 0 0 0 0 0 0 0 0 0 0 11 0 0 11 
11 0 11 11 0 0 11 0 0 0 11 0 0 11 0 11 0 0 0 0 0 0 11 0 0 0 0 0 0 11 0 0 0 0 0 0 0 0 11 
11 11 0 0 0 0 0 0 11 0 0 0 0 0 0 0 0 0 0 11 0 0 0 0 0 11 0 0 0 0 0 0 0 0 0 0 11 0 11 
11 11 0 11 0 0 0 0 0 0 0 0 11 11 0 0 0 11 11 0 0 0 0 0 0 0 0 0 0 11 0 0 0 0 0 11 0 0 11 
11 0 0 0 0 0 0 0 0 11 0 11 11 0 0 11 0 0 0 0 11 11 11 0 11 0 0 0 11 11 0 0 0 0 0 0 0 11 11 
11 0 0 0 11 0 11 0 0 0 0 0 0 0 0 0 0 0 0 11 11 0 0 0 0 0 0 0 0 0 0 11 0 0 0 11 0 0 11 
11 0 0 0 11 0 0 0 0 0 0 0 0 0 0 0 0 0 0 11 0 0 0 0 0 0 0 11 0 15 0 0 11 0 0 0 0 0 11 
11 0 11 0 0 0 11 0 0 0 0 0 0 11 0 0 0 11 0 0 0 0 11 0 0 0 0 0 15 0 11 11 0 11 0 0 0 11 11 
11 11 0 11 0 0 11 0 0 0 0 0 11 0 11 0 0 0 0 0 0 0 0 0 11 0 0 0 0 0 0 0 11 0 0 11 0 0 11 
11 11 0 0 0 0 11 0 0 0 0 11 0 0 0 0 0 0 0 0 0 0 0 0 0 0 0 0 0 0 0 0 0 0 0 0 0 0 11 
11 11 11 11 11 11 11 11 11 11 11 11 11 11 11 11 11 11 11 11 11 11 11 11 11 11 11 11 11 11 11 11 11 11 11 11 11 11 11 

