16997
11 11 11 11 11 11 11 11 11 11 11 11 11 11 11 11 11 11 11 11 11 11 11 11 11 11 11 11 11 11 11 11 11 11 11 11 11 11 11 11 11 
11 11 0 0 0 0 0 0 0 11 0 0 0 0 0 0 0 0 0 11 0 0 11 0 0 0 0 0 0 0 0 0 0 0 0 0 0 11 0 11 11 
11 0 0 0 11 0 0 0 0 11 0 0 11 0 11 0 0 0 11 0 0 0 0 11 11 0 0 0 0 0 11 0 0 0 0 11 0 0 0 11 11 
11 11 0 0 11 0 0 11 0 11 11 0 0 0 0 0 0 0 0 0 0 11 0 0 0 11 0 11 0 0 11 11 0 0 0 0 0 0 0 11 11 
11 11 0 11 0 0 0 0 0 0 0 0 0 11 0 0 0 0 0 0 0 0 0 0 11 0 0 0 11 11 0 0 11 0 0 0 0 0 11 0 11 
11 0 0 0 0 0 0 0 0 0 0 0 0 0 11 0 0 0 0 0 11 0 0 0 0 0 0 11 0 0 0 11 0 0 11 0 0 11 0 0 11 
11 0 0 0 11 11 0 0 0 0 0 0 11 11 0 0 0 0 0 11 0 11 0 0 0 0 0 0 0 11 0 11 0 0 0 11 0 0 0 11 11 
11 0 0 0 0 0 0 11 0 0 0 0 0 0 11 0 11 0 11 0 0 0 0 0 0 0 0 0 11 0 11 0 0 0 0 0 0 0 11 11 11 
11 0 0 11 0 0 0 0 0 0 11 0 0 0 11 0 0 11 0 11 0 0 11 0 0 0 0 11 0 0 0 0 15 0 11 0 0 0 11 0 11 
11 0 0 0 0 0 0 0 11 0 0 0 0 11 0 0 0 11 0 0 0 0 0 11 0 11 0 11 0 0 15 0 0 11 11 0 0 0 0 0 11 
11 11 0 0 0 11 0 0 0 0 0 11 0 0 0 0 0 0 0 0 0 11 11 0 0 0 0 11 0 0 15 0 0 0 0 0 0 0 0 0 11 
11 0 0 11 0 0 0 0 0 0 0 0 0 0 0 0 0 0 0 0 0 0 0 0 0 11 11 0 0 0 0 11 0 11 0 0 0 11 11 0 11 
11 0 11 0 0 0 0 0 0 0 0 0 0 0 11 0 11 0 0 0 0 11 0 0 0 0 11 0 0 0 0 11 0 11 15 0 0 11 0 0 11 
11 11 0 0 0 0 11 11 0 0 0 0 0 11 0 0 11 11 0 0 0 0 0 11 0 11 0 0 0 0 0 0 0 0 0 0 0 0 0 0 11 
11 0 0 0 0 0 0 0 0 0 11 11 0 11 11 0 0 0 0 0 0 0 0 0 0 0 0 0 0 0 0 0 0 0 11 0 0 0 0 11 11 
11 0 0 0 0 0 0 0 0 0 0 0 11 0 0 0 11 11 0 0 0 0 0 0 0 0 0 0 11 0 0 0 0 11 0 0 11 0 0 0 11 
11 0 0 0 0 0 0 0 0 11 0 0 0 0 11 0 0 0 0 0 0 0 0 0 0 11 0 0 0 0 11 0 0 0 0 0 11 0 11 0 11 
11 0 0 0 0 0 0 0 0 11 0 0 11 0 0 0 0 11 0 0 0 0 11 0 0 11 0 0 0 0 0 0 0 0 0 0 0 0 0 11 11 
11 0 0 0 0 0 0 11 0 0 0 0 0 0 0 0 11 11 0 0 0 0 0 0 11 0 0 0 11 0 0 0 0 0 0 0 11 0 0 0 11 
11 0 0 0 14 0 15 0 11 0 0 0 0 0 0 0 0 0 0 0 0 0 0 11 11 0 0 0 0 0 0 0 11 0 0 0 0 0 0 0 11 
11 0 0 0 11 0 0 11 11 11 0 11 0 0 11 0 0 0 0 0 0 11 11 0 0 11 0 11 11 0 0 0 11 0 0 0 11 0 0 0 11 
11 0 0 0 11 11 11 0 0 0 0 0 0 11 0 0 0 0 11 11 0 11 0 0 0 0 0 0 0 11 11 11 0 0 0 0 0 0 0 0 11 
11 11 0 0 0 0 0 0 0 0 11 0 0 0 0 0 0 0 11 0 0 11 11 0 0 0 11 0 0 0 0 0 11 0 0 0 0 0 0 0 11 
11 0 0 0 0 0 0 0 11 0 0 0 11 0 0 0 0 11 11 0 0 0 0 0 0 11 0 0 0 0 0 0 0 0 0 0 0 0 0 0 11 
11 0 0 0 0 0 0 0 0 11 0 0 0 0 0 0 0 0 0 0 0 0 0 0 0 0 0 0 0 0 0 0 0 0 0 0 0 0 0 0 11 
11 0 0 0 0 0 0 0 0 0 0 0 0 0 0 11 0 0 0 0 0 0 0 0 0 0 0 0 11 0 0 11 0 0 0 11 0 0 11 0 11 
11 11 11 0 0 0 0 0 0 0 0 0 11 0 0 0 11 0 0 0 0 0 0 0 0 0 0 0 0 11 0 0 0 11 0 0 0 0 0 0 11 
11 0 0 11 0 0 0 0 0 11 0 0 0 0 0 0 0 0 11 0 15 0 0 0 11 11 0 0 0 0 0 11 0 11 0 0 0 0 0 0 11 
11 0 0 0 0 11 0 15 0 0 0 0 11 0 0 0 0 0 11 0 0 0 0 0 0 11 0 0 0 0 0 0 0 0 11 11 0 11 0 11 11 
11 0 0 0 0 0 0 0 0 0 0 0 11 0 0 0 0 0 0 0 0 11 0 11 11 0 0 11 0 11 0 0 0 11 0 0 11 11 0 11 11 
11 11 0 0 11 0 0 11 11 11 0 0 0 11 0 0 11 0 11 0 0 0 0 0 0 0 0 0 0 0 11 0 0 11 0 11 0 0 0 0 11 
11 0 0 0 0 11 11 0 0 0 0 0 11 0 11 0 0 11 0 0 11 11 11 0 0 0 12 0 0 11 11 11 11 0 0 0 0 0 0 0 11 
11 0 0 11 0 11 0 0 0 0 11 11 0 0 0 0 0 0 11 0 0 0 0 0 0 0 0 0 0 0 0 0 0 0 11 0 0 0 0 0 11 
11 0 11 0 11 0 0 0 0 0 0 11 0 11 0 0 0 0 0 0 0 11 0 0 11 0 0 11 0 11 0 0 0 0 0 0 0 0 0 0 11 
11 0 0 0 0 0 0 0 11 0 0 0 0 0 0 0 0 0 0 0 0 0 11 0 0 0 0 0 0 0 0 0 0 0 0 11 0 11 0 11 11 
11 0 0 0 11 0 0 0 0 0 0 11 0 0 0 0 0 0 0 0 0 0 11 0 0 0 0 0 0 0 11 0 0 11 0 0 0 0 0 0 11 
11 11 11 11 11 11 11 11 11 11 11 11 11 11 11 11 11 11 11 11 11 11 11 11 11 11 11 11 11 11 11 11 11 11 11 11 11 11 11 11 11 

16969
11 11 11 11 11 11 11 11 11 11 11 11 11 11 11 11 11 11 11 11 11 11 11 11 11 11 11 11 11 11 11 11 11 11 11 11 11 11 11 11 11 
11 11 0 0 0 0 0 0 0 11 0 0 0 0 0 0 0 0 0 11 0 0 11 0 12 0 0 0 0 0 0 0 0 0 0 0 0 11 0 11 11 
11 0 0 0 11 0 0 0 0 11 0 0 11 0 11 0 0 0 11 0 0 0 0 11 11 0 0 0 0 0 11 0 0 0 0 11 0 0 0 11 11 
11 11 0 0 11 0 0 11 0 11 11 0 0 0 0 0 0 0 0 0 0 11 0 0 0 11 0 11 0 0 11 11 0 0 0 0 0 0 0 11 11 
11 11 0 11 0 0 0 0 0 0 0 0 0 11 0 0 0 0 0 0 0 0 0 0 11 0 0 0 11 11 0 0 11 0 0 0 0 0 11 0 11 
11 0 0 0 0 0 0 0 0 0 0 0 0 0 11 0 0 0 0 0 11 0 0 0 0 0 0 11 0 0 0 11 0 0 11 0 0 11 0 0 11 
11 0 0 0 11 11 0 0 0 0 0 0 11 11 0 0 0 0 0 11 0 11 0 0 0 0 0 0 0 11 0 11 0 0 0 11 0 0 0 11 11 
11 0 0 0 0 0 0 11 0 0 0 0 0 0 11 0 11 0 11 0 0 0 0 0 0 0 0 0 11 15 11 0 0 0 0 0 0 0 11 11 11 
11 0 0 11 0 0 0 0 0 0 11 0 0 0 11 0 0 11 0 11 0 0 11 0 0 14 0 11 0 0 0 0 0 0 11 0 0 0 11 0 11 
11 0 0 0 0 0 0 0 11 0 0 0 0 11 0 0 0 11 0 0 0 0 0 11 0 11 0 11 0 0 0 0 0 11 11 0 0 0 0 0 11 
11 11 0 0 0 11 0 0 0 0 0 11 0 0 0 0 0 0 0 0 0 11 11 0 0 0 0 11 0 0 0 0 0 0 0 0 0 0 0 0 11 
11 0 0 11 0 0 0 0 0 0 0 0 0 0 0 0 0 0 0 0 0 0 0 0 0 11 11 0 0 0 0 11 0 11 0 0 0 11 11 0 11 
11 0 11 0 0 0 0 0 0 0 0 0 0 0 11 0 11 0 0 0 0 11 0 0 0 0 11 0 0 0 0 11 0 11 0 0 0 11 0 0 11 
11 11 0 0 0 0 11 11 0 0 0 0 0 11 0 0 11 11 0 0 0 0 0 11 0 11 0 0 0 0 0 0 0 0 0 0 0 0 0 0 11 
11 0 0 0 0 0 0 0 0 0 11 11 0 11 11 0 0 0 0 0 0 0 0 0 0 0 0 0 0 0 0 0 0 0 11 0 0 0 0 11 11 
11 0 0 0 0 0 0 0 0 0 0 0 11 0 0 0 11 11 0 0 0 0 0 0 0 0 0 0 11 0 0 0 0 11 0 15 11 15 0 0 11 
11 0 0 0 0 0 0 0 0 11 0 0 0 0 11 0 0 0 0 0 0 0 0 0 0 11 0 0 0 0 11 0 0 0 0 0 11 0 11 0 11 
11 0 0 0 0 0 0 0 0 11 0 0 11 0 0 0 0 11 0 0 0 0 11 0 0 11 0 0 0 0 0 0 0 0 0 0 0 0 0 11 11 
11 0 0 0 0 0 0 11 0 0 0 0 0 0 0 0 11 11 0 0 0 0 0 0 11 0 0 0 11 0 0 0 0 0 0 0 11 0 0 0 11 
11 0 0 0 0 15 0 0 11 0 0 0 0 0 0 0 0 0 0 0 0 0 0 11 11 0 0 0 0 0 0 0 11 0 0 0 0 0 0 0 11 
11 0 0 0 11 15 0 11 11 11 0 11 0 0 11 0 0 0 0 0 0 11 11 0 0 11 0 11 11 0 0 0 11 0 0 0 11 0 0 0 11 
11 0 0 0 11 11 11 0 0 0 0 0 0 11 0 0 0 0 11 11 0 11 0 0 0 0 0 0 0 11 11 11 0 0 0 0 0 0 0 0 11 
11 11 0 0 0 0 0 0 0 0 11 0 0 0 0 0 0 0 11 0 0 11 11 0 0 0 11 0 0 0 0 0 11 0 0 0 0 0 0 0 11 
11 0 0 0 0 0 0 0 11 0 0 0 11 0 0 0 0 11 11 0 0 0 0 0 0 11 0 0 0 0 0 0 0 0 0 0 0 0 0 0 11 
11 0 0 0 0 0 0 0 0 0 0 0 0 0 0 0 0 0 0 0 0 0 0 0 0 0 0 0 0 0 0 0 0 0 0 0 0 0 0 0 11 
11 0 0 0 0 0 0 0 0 0 0 0 0 0 0 11 0 0 0 0 0 0 0 0 0 0 0 0 11 0 0 11 0 0 0 11 0 0 11 0 11 
11 11 11 0 0 0 0 0 0 0 0 0 11 0 0 0 11 0 0 0 0 0 0 0 0 0 0 0 0 11 0 0 0 11 0 0 0 0 0 0 11 
11 0 0 11 0 15 0 0 0 11 0 0 0 0 0 0 0 0 11 0 15 0 0 0 11 11 0 0 0 0 0 11 0 11 0 0 0 0 0 0 11 
11 0 0 0 0 11 0 0 0 0 0 0 11 0 0 0 0 0 11 0 0 0 0 0 0 0 0 0 0 0 0 0 0 0 11 11 0 11 0 11 11 
11 0 0 0 0 0 0 0 0 0 0 0 11 0 0 0 0 0 0 15 0 11 0 11 11 0 0 11 0 11 0 0 0 11 0 0 11 11 0 11 11 
11 11 0 0 11 0 0 11 11 11 0 0 0 11 0 0 11 0 11 0 0 0 0 0 0 0 0 0 0 0 11 0 0 11 0 11 0 0 0 0 11 
11 0 0 0 0 11 11 0 0 13 0 0 11 0 11 0 0 11 0 0 11 11 11 0 0 0 0 0 0 11 11 11 11 0 0 0 0 0 0 0 11 
11 0 0 0 0 11 0 0 0 0 11 11 0 0 0 0 0 0 11 0 0 0 0 0 0 0 0 0 0 0 0 0 0 0 11 0 0 0 0 0 11 
11 0 11 0 11 0 0 0 0 0 0 11 0 11 0 0 0 0 0 0 0 11 0 0 11 0 0 11 0 11 0 0 0 0 0 0 0 0 0 0 11 
11 0 0 0 0 0 0 0 11 0 0 0 0 0 0 0 0 0 0 0 0 0 11 0 0 0 0 0 0 0 0 0 0 0 0 11 0 11 0 11 11 
11 0 0 0 11 0 0 0 0 0 0 11 0 0 0 0 0 0 0 0 0 0 11 0 0 0 0 0 0 0 11 0 0 11 0 0 0 0 0 0 11 
11 11 11 11 11 11 11 11 11 11 11 11 11 11 11 11 11 11 11 11 11 11 11 11 11 11 11 11 11 11 11 11 11 11 11 11 11 11 11 11 11 

16969
11 11 11 11 11 11 11 11 11 11 11 11 11 11 11 11 11 11 11 11 11 11 11 11 11 11 11 11 11 11 11 11 11 11 11 11 11 11 11 11 11 
11 11 0 0 0 0 0 0 0 11 0 0 0 0 0 0 0 0 0 11 0 0 11 0 12 0 0 0 0 0 0 0 0 0 0 0 0 11 0 11 11 
11 0 0 0 11 0 0 0 0 11 0 0 11 0 11 0 0 0 11 0 0 0 0 11 11 0 0 0 0 0 11 0 0 0 0 11 0 0 0 11 11 
11 11 0 0 11 0 0 11 0 11 11 0 0 0 0 0 0 0 0 0 0 11 0 0 0 11 0 11 0 0 11 11 0 0 0 0 0 0 0 11 11 
11 11 0 11 0 0 0 0 0 0 0 0 0 11 0 0 0 0 0 0 0 0 0 0 11 0 0 0 11 11 0 0 11 0 0 0 0 0 11 0 11 
11 0 0 0 0 0 0 0 0 0 0 0 0 0 11 0 0 0 0 0 11 0 0 0 0 0 0 11 0 0 0 11 0 0 11 0 0 11 0 0 11 
11 0 0 0 11 11 0 0 0 0 0 0 11 11 0 0 0 0 0 11 0 11 0 0 0 0 0 0 0 11 0 11 0 0 0 11 0 0 0 11 11 
11 0 0 0 0 0 0 11 0 0 0 0 0 0 11 0 11 0 11 0 0 0 0 0 0 0 0 0 11 15 11 0 0 0 0 0 0 0 11 11 11 
11 0 0 11 0 0 0 0 0 0 11 0 0 0 11 0 0 11 0 11 0 0 11 0 0 14 0 11 0 0 0 0 0 0 11 0 0 0 11 0 11 
11 0 0 0 0 0 0 0 11 0 0 0 0 11 0 0 0 11 0 0 0 0 0 11 0 11 0 11 0 0 0 0 0 11 11 0 0 0 0 0 11 
11 11 0 0 0 11 0 0 0 0 0 11 0 0 0 0 0 0 0 0 0 11 11 0 0 0 0 11 0 0 0 0 0 0 0 0 0 0 0 0 11 
11 0 0 11 0 0 0 0 0 0 0 0 0 0 0 0 0 0 0 0 0 0 0 0 0 11 11 0 0 0 0 11 0 11 0 0 0 11 11 0 11 
11 0 11 0 0 0 0 0 0 0 0 0 0 0 11 0 11 0 0 0 0 11 0 0 0 0 11 0 0 0 0 11 0 11 0 0 0 11 0 0 11 
11 11 0 0 0 0 11 11 0 0 0 0 0 11 0 0 11 11 0 0 0 0 0 11 0 11 0 0 0 0 0 0 0 0 0 0 0 0 0 0 11 
11 0 0 0 0 0 0 0 0 0 11 11 0 11 11 0 0 0 0 0 0 0 0 0 0 0 0 0 0 0 0 0 0 0 11 0 0 0 0 11 11 
11 0 0 0 0 0 0 0 0 0 0 0 11 0 0 0 11 11 0 0 0 0 0 0 0 0 0 0 11 0 0 0 0 11 0 15 11 15 0 0 11 
11 0 0 0 0 0 0 0 0 11 0 0 0 0 11 0 0 0 0 0 0 0 0 0 0 11 0 0 0 0 11 0 0 0 0 0 11 0 11 0 11 
11 0 0 0 0 0 0 0 0 11 0 0 11 0 0 0 0 11 0 0 0 0 11 0 0 11 0 0 0 0 0 0 0 0 0 0 0 0 0 11 11 
11 0 0 0 0 0 0 11 0 0 0 0 0 0 0 0 11 11 0 0 0 0 0 0 11 0 0 0 11 0 0 0 0 0 0 0 11 0 0 0 11 
11 0 0 0 0 15 0 0 11 0 0 0 0 0 0 0 0 0 0 0 0 0 0 11 11 0 0 0 0 0 0 0 11 0 0 0 0 0 0 0 11 
11 0 0 0 11 15 0 11 11 11 0 11 0 0 11 0 0 0 0 0 0 11 11 0 0 11 0 11 11 0 0 0 11 0 0 0 11 0 0 0 11 
11 0 0 0 11 11 11 0 0 0 0 0 0 11 0 0 0 0 11 11 0 11 0 0 0 0 0 0 0 11 11 11 0 0 0 0 0 0 0 0 11 
11 11 0 0 0 0 0 0 0 0 11 0 0 0 0 0 0 0 11 0 0 11 11 0 0 0 11 0 0 0 0 0 11 0 0 0 0 0 0 0 11 
11 0 0 0 0 0 0 0 11 0 0 0 11 0 0 0 0 11 11 0 0 0 0 0 0 11 0 0 0 0 0 0 0 0 0 0 0 0 0 0 11 
11 0 0 0 0 0 0 0 0 0 0 0 0 0 0 0 0 0 0 0 0 0 0 0 0 0 0 0 0 0 0 0 0 0 0 0 0 0 0 0 11 
11 0 0 0 0 0 0 0 0 0 0 0 0 0 0 11 0 0 0 0 0 0 0 0 0 0 0 0 11 0 0 11 0 0 0 11 0 0 11 0 11 
11 11 11 0 0 0 0 0 0 0 0 0 11 0 0 0 11 0 0 0 0 0 0 0 0 0 0 0 0 11 0 0 0 11 0 0 0 0 0 0 11 
11 0 0 11 0 15 0 0 0 11 0 0 0 0 0 0 0 0 11 0 15 0 0 0 11 11 0 0 0 0 0 11 0 11 0 0 0 0 0 0 11 
11 0 0 0 0 11 0 0 0 0 0 0 11 0 0 0 0 0 11 0 0 0 0 0 0 0 0 0 0 0 0 0 0 0 11 11 0 11 0 11 11 
11 0 0 0 0 0 0 0 0 0 0 0 11 0 0 0 0 0 0 15 0 11 0 11 11 0 0 11 0 11 0 0 0 11 0 0 11 11 0 11 11 
11 11 0 0 11 0 0 11 11 11 0 0 0 11 0 0 11 0 11 0 0 0 0 0 0 0 0 0 0 0 11 0 0 11 0 11 0 0 0 0 11 
11 0 0 0 0 11 11 0 0 13 0 0 11 0 11 0 0 11 0 0 11 11 11 0 0 0 0 0 0 11 11 11 11 0 0 0 0 0 0 0 11 
11 0 0 0 0 11 0 0 0 0 11 11 0 0 0 0 0 0 11 0 0 0 0 0 0 0 0 0 0 0 0 0 0 0 11 0 0 0 0 0 11 
11 0 11 0 11 0 0 0 0 0 0 11 0 11 0 0 0 0 0 0 0 11 0 0 11 0 0 11 0 11 0 0 0 0 0 0 0 0 0 0 11 
11 0 0 0 0 0 0 0 11 0 0 0 0 0 0 0 0 0 0 0 0 0 11 0 0 0 0 0 0 0 0 0 0 0 0 11 0 11 0 11 11 
11 0 0 0 11 0 0 0 0 0 0 11 0 0 0 0 0 0 0 0 0 0 11 0 0 0 0 0 0 0 11 0 0 11 0 0 0 0 0 0 11 
11 11 11 11 11 11 11 11 11 11 11 11 11 11 11 11 11 11 11 11 11 11 11 11 11 11 11 11 11 11 11 11 11 11 11 11 11 11 11 11 11 

16969
11 11 11 11 11 11 11 11 11 11 11 11 11 11 11 11 11 11 11 11 11 11 11 11 11 11 11 11 11 11 11 11 11 11 11 11 11 11 11 11 11 
11 11 0 0 0 0 0 0 0 11 0 0 0 0 0 0 0 0 0 11 0 0 11 0 12 0 0 0 0 0 0 0 0 0 0 0 0 11 0 11 11 
11 0 0 0 11 0 0 0 0 11 0 0 11 0 11 0 0 0 11 0 0 0 0 11 11 0 0 0 0 0 11 0 0 0 0 11 0 0 0 11 11 
11 11 0 0 11 0 0 11 0 11 11 0 0 0 0 0 0 0 0 0 0 11 0 0 0 11 0 11 0 0 11 11 0 0 0 0 0 0 0 11 11 
11 11 0 11 0 0 0 0 0 0 0 0 0 11 0 0 0 0 0 0 0 0 0 0 11 0 0 0 11 11 0 0 11 0 0 0 0 0 11 0 11 
11 0 0 0 0 0 0 0 0 0 0 0 0 0 11 0 0 0 0 0 11 0 0 0 0 0 0 11 0 0 0 11 0 0 11 0 0 11 0 0 11 
11 0 0 0 11 11 0 0 0 0 0 0 11 11 0 0 0 0 0 11 0 11 0 0 0 0 0 0 0 11 0 11 0 0 0 11 0 0 0 11 11 
11 0 0 0 0 0 0 11 0 0 0 0 0 0 11 0 11 0 11 0 0 0 0 0 0 0 0 0 11 15 11 0 0 0 0 0 0 0 11 11 11 
11 0 0 11 0 0 0 0 0 0 11 0 0 0 11 0 0 11 0 11 0 0 11 0 0 14 0 11 0 0 0 0 0 0 11 0 0 0 11 0 11 
11 0 0 0 0 0 0 0 11 0 0 0 0 11 0 0 0 11 0 0 0 0 0 11 0 11 0 11 0 0 0 0 0 11 11 0 0 0 0 0 11 
11 11 0 0 0 11 0 0 0 0 0 11 0 0 0 0 0 0 0 0 0 11 11 0 0 0 0 11 0 0 0 0 0 0 0 0 0 0 0 0 11 
11 0 0 11 0 0 0 0 0 0 0 0 0 0 0 0 0 0 0 0 0 0 0 0 0 11 11 0 0 0 0 11 0 11 0 0 0 11 11 0 11 
11 0 11 0 0 0 0 0 0 0 0 0 0 0 11 0 11 0 0 0 0 11 0 0 0 0 11 0 0 0 0 11 0 11 0 0 0 11 0 0 11 
11 11 0 0 0 0 11 11 0 0 0 0 0 11 0 0 11 11 0 0 0 0 0 11 0 11 0 0 0 0 0 0 0 0 0 0 0 0 0 0 11 
11 0 0 0 0 0 0 0 0 0 11 11 0 11 11 0 0 0 0 0 0 0 0 0 0 0 0 0 0 0 0 0 0 0 11 0 0 0 0 11 11 
11 0 0 0 0 0 0 0 0 0 0 0 11 0 0 0 11 11 0 0 0 0 0 0 0 0 0 0 11 0 0 0 0 11 0 15 11 15 0 0 11 
11 0 0 0 0 0 0 0 0 11 0 0 0 0 11 0 0 0 0 0 0 0 0 0 0 11 0 0 0 0 11 0 0 0 0 0 11 0 11 0 11 
11 0 0 0 0 0 0 0 0 11 0 0 11 0 0 0 0 11 0 0 0 0 11 0 0 11 0 0 0 0 0 0 0 0 0 0 0 0 0 11 11 
11 0 0 0 0 0 0 11 0 0 0 0 0 0 0 0 11 11 0 0 0 0 0 0 11 0 0 0 11 0 0 0 0 0 0 0 11 0 0 0 11 
11 0 0 0 0 15 0 0 11 0 0 0 0 0 0 0 0 0 0 0 0 0 0 11 11 0 0 0 0 0 0 0 11 0 0 0 0 0 0 0 11 
11 0 0 0 11 15 0 11 11 11 0 11 0 0 11 0 0 0 0 0 0 11 11 0 0 11 0 11 11 0 0 0 11 0 0 0 11 0 0 0 11 
11 0 0 0 11 11 11 0 0 0 0 0 0 11 0 0 0 0 11 11 0 11 0 0 0 0 0 0 0 11 11 11 0 0 0 0 0 0 0 0 11 
11 11 0 0 0 0 0 0 0 0 11 0 0 0 0 0 0 0 11 0 0 11 11 0 0 0 11 0 0 0 0 0 11 0 0 0 0 0 0 0 11 
11 0 0 0 0 0 0 0 11 0 0 0 11 0 0 0 0 11 11 0 0 0 0 0 0 11 0 0 0 0 0 0 0 0 0 0 0 0 0 0 11 
11 0 0 0 0 0 0 0 0 0 0 0 0 0 0 0 0 0 0 0 0 0 0 0 0 0 0 0 0 0 0 0 0 0 0 0 0 0 0 0 11 
11 0 0 0 0 0 0 0 0 0 0 0 0 0 0 11 0 0 0 0 0 0 0 0 0 0 0 0 11 0 0 11 0 0 0 11 0 0 11 0 11 
11 11 11 0 0 0 0 0 0 0 0 0 11 0 0 0 11 0 0 0 0 0 0 0 0 0 0 0 0 11 0 0 0 11 0 0 0 0 0 0 11 
11 0 0 11 0 15 0 0 0 11 0 0 0 0 0 0 0 0 11 0 15 0 0 0 11 11 0 0 0 0 0 11 0 11 0 0 0 0 0 0 11 
11 0 0 0 0 11 0 0 0 0 0 0 11 0 0 0 0 0 11 0 0 0 0 0 0 0 0 0 0 0 0 0 0 0 11 11 0 11 0 11 11 
11 0 0 0 0 0 0 0 0 0 0 0 11 0 0 0 0 0 0 15 0 11 0 11 11 0 0 11 0 11 0 0 0 11 0 0 11 11 0 11 11 
11 11 0 0 11 0 0 11 11 11 0 0 0 11 0 0 11 0 11 0 0 0 0 0 0 0 0 0 0 0 11 0 0 11 0 11 0 0 0 0 11 
11 0 0 0 0 11 11 0 0 13 0 0 11 0 11 0 0 11 0 0 11 11 11 0 0 0 0 0 0 11 11 11 11 0 0 0 0 0 0 0 11 
11 0 0 0 0 11 0 0 0 0 11 11 0 0 0 0 0 0 11 0 0 0 0 0 0 0 0 0 0 0 0 0 0 0 11 0 0 0 0 0 11 
11 0 11 0 11 0 0 0 0 0 0 11 0 11 0 0 0 0 0 0 0 11 0 0 11 0 0 11 0 11 0 0 0 0 0 0 0 0 0 0 11 
11 0 0 0 0 0 0 0 11 0 0 0 0 0 0 0 0 0 0 0 0 0 11 0 0 0 0 0 0 0 0 0 0 0 0 11 0 11 0 11 11 
11 0 0 0 11 0 0 0 0 0 0 11 0 0 0 0 0 0 0 0 0 0 11 0 0 0 0 0 0 0 11 0 0 11 0 0 0 0 0 0 11 
11 11 11 11 11 11 11 11 11 11 11 11 11 11 11 11 11 11 11 11 11 11 11 11 11 11 11 11 11 11 11 11 11 11 11 11 11 11 11 11 11 

16948
11 11 11 11 11 11 11 11 11 11 11 11 11 11 11 11 11 11 11 11 11 11 11 11 11 11 11 11 11 11 11 11 11 11 11 11 11 11 11 11 11 
11 11 0 0 0 0 0 0 0 11 0 0 0 0 0 0 0 0 0 11 0 0 11 0 0 0 0 0 0 0 0 0 0 0 0 0 0 11 0 11 11 
11 0 0 0 11 0 0 0 0 11 0 0 11 0 11 0 0 0 11 0 0 0 0 11 11 0 0 0 0 0 11 0 0 0 0 11 0 0 0 11 11 
11 11 0 0 11 0 0 11 0 11 11 0 0 0 0 0 0 0 0 0 0 11 0 0 0 11 0 11 0 0 11 11 0 0 0 0 0 0 0 11 11 
11 11 0 11 0 0 0 0 0 0 0 0 0 11 0 0 0 0 0 0 0 0 0 0 11 0 0 0 11 11 0 0 11 0 0 0 0 0 11 0 11 
11 0 0 0 0 0 0 0 0 0 0 0 0 0 11 0 0 0 0 0 11 0 0 0 0 0 0 11 0 0 0 11 0 0 11 0 0 11 0 0 11 
11 0 0 0 11 11 0 0 0 0 0 0 11 11 0 0 0 0 0 11 0 11 0 0 0 0 0 0 0 11 0 11 0 0 0 11 0 0 0 11 11 
11 0 0 0 0 0 0 11 0 0 0 0 0 0 11 0 11 0 11 0 0 0 0 0 0 11 0 0 11 0 11 0 0 0 0 0 0 0 11 11 11 
11 0 0 11 0 0 0 0 0 0 11 0 0 0 11 0 0 11 0 11 0 0 11 0 0 0 0 11 0 0 0 0 0 0 11 0 0 0 11 0 11 
11 0 0 0 0 0 0 0 11 0 0 0 0 11 0 0 0 11 0 0 0 0 0 11 0 11 15 11 0 0 0 0 0 11 11 0 0 0 0 0 11 
11 11 0 0 0 11 0 0 0 0 0 11 0 0 0 0 0 0 0 0 0 11 11 0 0 0 15 11 0 0 0 0 0 0 0 0 0 0 0 0 11 
11 0 0 11 0 0 0 0 0 0 0 0 0 0 0 0 0 0 0 0 0 0 0 0 0 11 11 0 0 0 0 11 0 11 0 0 0 11 11 0 11 
11 0 11 0 0 0 0 0 0 0 0 0 0 0 11 0 11 0 0 0 0 11 0 0 0 0 11 0 0 0 0 11 0 11 0 0 0 11 0 0 11 
11 11 0 0 0 0 11 11 0 0 0 0 0 11 0 0 11 11 0 0 0 0 0 11 0 11 0 0 0 0 0 0 15 0 0 0 0 0 0 0 11 
11 0 0 0 0 0 0 0 0 0 11 11 0 11 11 0 0 0 0 0 0 0 0 0 0 0 0 0 0 0 0 0 0 0 11 0 0 0 0 11 11 
11 0 0 0 0 0 0 0 0 0 0 0 11 0 0 0 11 11 0 0 0 0 0 0 0 0 0 0 11 0 0 0 0 11 0 0 11 0 0 0 11 
11 0 0 0 0 0 0 0 0 11 0 0 0 0 11 0 0 0 0 0 0 0 0 0 0 11 0 0 0 0 11 0 0 0 0 15 11 0 11 0 11 
11 0 0 0 0 0 0 0 0 11 0 0 11 0 0 0 0 11 0 0 0 0 11 0 0 11 0 0 0 0 0 0 0 0 0 0 0 0 0 11 11 
11 0 0 0 0 0 0 11 0 0 0 0 0 0 0 0 11 11 0 0 0 0 0 0 11 0 0 0 11 0 0 0 0 0 0 0 11 0 0 0 11 
11 0 0 0 0 15 0 0 11 0 0 0 0 0 0 0 0 0 0 0 0 0 0 11 11 0 0 0 0 0 0 0 11 0 0 0 0 0 0 0 11 
11 0 0 0 11 0 0 11 11 11 0 11 0 0 11 0 0 0 0 0 0 11 11 0 0 11 0 11 11 0 0 0 11 0 0 0 11 0 0 0 11 
11 0 15 0 11 11 11 0 0 0 0 0 0 11 0 0 0 0 11 11 0 11 0 0 0 0 0 0 0 11 11 11 0 0 0 0 0 0 0 0 11 
11 11 0 0 0 0 0 0 0 0 11 0 0 0 0 0 0 0 11 0 0 11 11 0 0 0 11 0 0 0 0 0 11 0 0 0 0 0 0 0 11 
11 0 0 0 0 0 0 0 11 0 0 0 11 0 0 0 0 11 11 0 0 0 0 0 0 11 0 0 0 0 0 0 0 0 0 0 0 0 0 0 11 
11 0 0 0 0 0 0 0 0 0 0 0 0 0 0 0 0 0 0 0 0 0 0 0 0 0 0 0 0 0 0 0 0 0 0 0 0 0 0 0 11 
11 0 0 0 0 0 0 0 0 0 0 0 0 0 0 11 0 0 0 0 0 0 0 0 0 0 0 0 11 0 0 11 0 0 0 11 0 0 11 0 11 
11 11 11 0 0 0 0 0 0 0 0 0 11 0 0 0 11 0 0 0 0 0 0 0 0 0 0 0 0 11 0 0 0 11 0 0 0 0 0 0 11 
11 0 0 11 0 15 0 0 0 11 0 0 0 0 0 0 0 0 11 0 0 0 0 0 11 11 0 0 0 0 0 11 0 11 0 0 0 0 0 0 11 
11 0 0 0 0 11 0 0 0 0 0 0 11 0 0 0 0 0 11 0 15 0 0 0 0 0 0 0 0 0 0 0 0 0 11 11 0 11 0 11 11 
11 0 0 0 0 0 14 0 0 0 0 0 11 0 0 0 0 0 0 0 0 11 14 11 11 0 0 11 0 11 0 0 0 11 0 0 11 11 0 11 11 
11 11 0 0 11 0 0 11 11 11 0 0 0 11 0 0 11 0 11 0 0 0 0 0 0 0 0 0 0 0 11 0 0 11 0 11 0 0 0 0 11 
11 0 0 0 0 11 11 0 0 0 0 0 11 0 11 0 0 11 0 0 11 11 11 0 0 0 0 0 0 11 11 11 11 0 0 0 0 0 0 0 11 
11 0 0 0 0 11 0 0 0 0 11 11 0 0 0 0 0 0 11 0 0 0 0 0 0 0 0 0 0 0 0 0 0 0 11 0 0 0 0 0 11 
11 0 11 0 11 0 0 0 0 0 0 11 0 11 0 0 0 0 0 0 0 11 0 0 11 0 0 11 0 11 0 0 0 0 0 0 0 0 0 0 11 
11 0 0 0 0 0 0 0 11 0 0 0 0 0 0 0 0 0 0 0 0 0 11 0 0 0 0 0 0 0 0 0 0 0 0 11 0 11 0 11 11 
11 0 0 0 11 0 0 0 0 0 0 11 0 0 0 0 0 0 0 0 0 0 11 0 0 0 0 0 0 0 11 0 0 11 0 0 0 0 0 0 11 
11 11 11 11 11 11 11 11 11 11 11 11 11 11 11 11 11 11 11 11 11 11 11 11 11 11 11 11 11 11 11 11 11 11 11 11 11 11 11 11 11 

16989
11 11 11 11 11 11 11 11 11 11 11 11 11 11 11 11 11 11 11 11 11 11 11 11 11 11 11 11 11 11 11 11 11 11 11 11 11 11 11 11 11 
11 11 0 0 0 0 0 0 0 11 0 0 0 0 0 0 0 0 0 11 0 0 11 0 0 0 0 0 0 0 0 0 0 0 0 0 0 11 0 11 11 
11 0 0 0 0 0 0 0 11 11 0 0 11 0 11 0 0 0 11 0 0 0 0 11 11 0 0 0 0 0 11 0 0 0 0 11 0 0 0 11 11 
11 11 0 0 11 0 0 11 0 11 11 0 0 0 0 0 0 0 0 11 0 11 0 0 0 11 0 11 0 0 11 11 0 0 0 0 0 0 0 11 11 
11 11 0 11 0 0 0 0 0 0 0 0 0 11 0 0 0 0 0 11 0 0 0 0 11 0 0 0 11 11 0 0 11 0 0 0 0 0 11 0 11 
11 0 0 0 0 0 0 0 0 0 0 0 0 0 11 0 0 0 0 0 11 0 0 0 0 11 0 11 0 0 0 11 0 0 11 0 0 11 0 0 11 
11 0 0 0 11 11 0 0 0 0 0 0 11 11 0 0 0 0 0 11 0 11 0 0 0 0 0 0 0 11 0 11 0 0 0 11 0 0 0 11 11 
11 0 0 0 0 0 0 11 0 0 0 0 0 0 11 0 0 0 0 0 0 0 0 11 0 0 0 0 11 0 11 0 0 0 0 0 0 0 11 11 11 
11 0 0 11 0 0 0 0 0 0 0 0 0 0 11 0 0 11 0 11 0 0 11 0 0 0 0 11 0 0 0 0 0 0 11 0 0 0 11 0 11 
11 0 0 0 0 0 0 0 11 11 0 0 0 11 0 0 0 11 0 0 0 0 0 11 0 11 0 11 0 0 0 0 0 11 11 0 0 0 0 0 11 
11 11 0 0 0 11 0 0 0 0 0 11 0 0 0 0 0 0 0 0 0 11 0 0 0 0 0 11 0 0 0 15 0 0 0 0 0 0 0 0 11 
11 0 0 11 0 0 0 0 0 0 0 0 0 0 0 0 0 0 0 0 0 0 0 0 0 11 11 15 0 0 11 11 0 11 0 0 0 11 11 0 11 
11 0 11 0 0 0 0 0 0 0 0 0 0 0 0 0 11 0 0 0 0 11 11 0 0 0 11 0 0 0 0 11 0 11 0 0 0 11 0 0 11 
11 11 0 0 0 0 11 11 0 0 0 11 0 11 0 0 11 0 0 0 0 0 0 11 0 11 0 0 0 0 0 0 0 0 13 12 0 0 0 0 11 
11 0 0 0 0 0 0 0 0 0 11 11 0 11 11 0 0 0 0 0 0 0 0 0 0 0 0 0 0 0 0 0 0 0 15 0 0 0 0 11 11 
11 0 0 0 0 0 0 0 0 0 0 0 11 0 0 0 11 11 0 0 0 0 0 0 0 0 0 0 11 0 0 0 0 11 0 0 11 0 0 0 11 
11 0 0 11 0 0 0 0 0 11 0 0 0 0 11 0 0 0 0 0 0 0 0 0 0 11 0 0 0 0 11 0 0 0 12 0 11 0 11 0 11 
11 0 0 0 0 0 0 0 0 11 0 0 11 0 0 0 0 11 0 0 0 0 11 0 0 11 0 0 0 0 0 0 0 11 0 0 0 0 0 11 11 
11 0 0 0 0 0 0 11 0 0 0 0 0 0 0 0 0 11 0 0 0 0 0 0 0 0 0 0 11 0 0 0 0 0 0 0 11 0 0 0 11 
11 0 0 0 0 15 0 0 11 0 0 0 0 0 0 0 0 0 0 0 0 0 0 11 11 0 0 0 0 0 0 11 11 0 0 0 0 0 0 0 11 
11 0 0 0 11 0 0 11 11 11 0 11 0 0 11 0 0 0 0 0 0 11 11 0 0 11 0 11 11 0 0 0 11 0 0 0 11 0 0 0 11 
11 0 0 0 11 11 11 0 0 0 0 0 0 11 0 0 0 0 11 11 0 11 0 0 0 0 0 0 0 11 11 11 0 0 0 0 0 0 0 0 11 
11 0 0 0 0 0 0 0 0 0 11 0 0 0 0 0 0 0 0 0 0 11 11 0 0 0 11 0 0 0 0 0 11 0 0 0 0 0 0 0 11 
11 0 0 0 0 0 0 0 11 0 0 0 11 0 0 0 0 11 0 0 0 0 0 0 0 11 0 0 0 0 0 0 0 0 0 0 0 0 0 0 11 
11 0 0 0 0 0 0 0 0 0 0 0 0 0 11 0 0 0 0 0 0 0 0 0 0 0 0 0 0 0 0 0 0 0 0 0 0 0 0 0 11 
11 0 0 0 0 0 0 0 0 0 0 0 0 0 0 11 0 0 0 0 0 0 0 0 0 0 0 0 11 0 0 11 0 11 0 11 0 0 11 0 11 
11 11 11 0 0 0 0 0 11 0 0 0 11 0 0 0 11 0 0 0 0 0 0 0 0 0 0 0 0 11 0 0 0 11 0 0 0 0 0 0 11 
11 0 0 11 0 15 0 0 0 11 0 0 0 0 0 0 0 0 11 0 0 0 0 15 11 11 0 0 0 0 0 11 0 11 0 0 0 0 0 0 11 
11 0 0 0 0 11 0 0 15 0 0 0 11 0 0 0 0 0 11 0 0 0 0 0 0 0 0 0 0 0 0 0 0 0 11 11 0 11 0 11 11 
11 0 0 0 0 0 0 0 0 0 0 0 11 0 0 0 0 0 0 0 0 11 0 11 11 0 0 11 0 0 0 0 0 11 0 0 11 11 0 11 11 
11 11 0 0 11 0 0 11 11 11 0 0 0 11 0 0 11 0 11 0 0 0 0 0 0 0 0 0 0 0 11 0 0 0 0 11 0 0 0 0 11 
11 0 0 0 0 11 11 0 0 0 0 0 11 0 11 0 0 11 0 11 11 11 11 0 0 0 0 0 0 11 11 0 11 0 0 0 0 0 0 0 11 
11 0 0 0 0 11 0 0 0 0 11 11 0 0 0 0 0 0 11 0 0 0 0 0 0 15 0 0 0 0 0 0 0 0 11 0 0 0 0 0 11 
11 0 11 0 11 0 0 0 0 0 0 11 0 11 0 0 0 0 0 0 0 11 0 0 11 0 0 11 0 11 0 0 0 0 0 0 0 0 0 0 11 
11 0 0 0 0 0 0 0 11 0 0 0 0 0 0 0 0 0 0 0 0 0 11 0 0 0 0 0 0 0 0 0 0 0 0 11 0 11 0 11 11 
11 0 0 0 11 0 0 0 0 0 0 11 0 11 0 0 0 0 0 0 0 0 11 0 0 0 0 0 0 0 11 0 0 11 0 0 0 0 0 0 11 
11 11 11 11 11 11 11 11 11 11 11 11 11 11 11 11 11 11 11 11 11 11 11 11 11 11 11 11 11 11 11 11 11 11 11 11 11 11 11 11 11 

16989
11 11 11 11 11 11 11 11 11 11 11 11 11 11 11 11 11 11 11 11 11 11 11 11 11 11 11 11 11 11 11 11 11 11 11 11 11 11 11 11 11 
11 11 0 0 0 0 0 0 0 11 0 0 0 0 0 0 0 0 0 11 0 0 11 0 0 0 0 0 0 0 0 0 0 0 0 0 0 11 0 11 11 
11 0 0 0 0 0 0 0 11 11 0 0 11 0 11 0 0 0 11 0 0 0 0 11 11 0 0 0 0 0 11 0 0 0 0 11 0 0 0 11 11 
11 11 0 0 11 0 0 11 0 11 11 0 0 0 0 0 0 0 0 11 0 11 0 0 0 11 0 11 0 0 11 11 0 0 0 0 0 0 0 11 11 
11 11 0 11 0 0 0 0 0 0 0 0 0 11 0 0 0 0 0 11 0 0 0 0 11 0 0 0 11 11 0 0 11 0 0 0 0 0 11 0 11 
11 0 0 0 0 0 0 0 0 0 0 0 0 0 11 0 0 0 0 0 11 0 0 0 0 11 0 11 0 0 0 11 0 0 11 0 0 11 0 0 11 
11 0 0 0 11 11 0 0 0 0 0 0 11 11 0 0 0 0 0 11 0 11 0 0 0 0 0 0 0 11 0 11 0 0 0 11 0 0 0 11 11 
11 0 0 0 0 0 0 11 0 0 0 0 0 0 11 0 0 0 0 0 0 0 0 11 0 0 0 0 11 0 11 0 0 0 0 0 0 0 11 11 11 
11 0 0 11 0 0 0 0 0 0 0 0 0 0 11 0 0 11 0 11 0 0 11 0 0 0 0 11 0 0 0 0 0 0 11 0 0 0 11 0 11 
11 0 0 0 0 0 0 0 11 11 0 0 0 11 0 0 0 11 0 0 0 0 0 11 0 11 0 11 0 0 0 0 0 11 11 0 0 0 0 0 11 
11 11 0 0 0 11 0 0 0 0 0 11 0 0 0 0 0 0 0 0 0 11 0 0 0 0 0 11 0 0 0 15 0 0 0 0 0 0 0 0 11 
11 0 0 11 0 0 0 0 0 0 0 0 0 0 0 0 0 0 0 0 0 0 0 0 0 11 11 15 0 0 11 11 0 11 0 0 0 11 11 0 11 
11 0 11 0 0 0 0 0 0 0 0 0 0 0 0 0 11 0 0 0 0 11 11 0 0 0 11 0 0 0 0 11 0 11 0 0 0 11 0 0 11 
11 11 0 0 0 0 11 11 0 0 0 11 0 11 0 0 11 0 0 0 0 0 0 11 0 11 0 0 0 0 0 0 0 0 13 12 0 0 0 0 11 
11 0 0 0 0 0 0 0 0 0 11 11 0 11 11 0 0 0 0 0 0 0 0 0 0 0 0 0 0 0 0 0 0 0 15 0 0 0 0 11 11 
11 0 0 0 0 0 0 0 0 0 0 0 11 0 0 0 11 11 0 0 0 0 0 0 0 0 0 0 11 0 0 0 0 11 0 0 11 0 0 0 11 
11 0 0 11 0 0 0 0 0 11 0 0 0 0 11 0 0 0 0 0 0 0 0 0 0 11 0 0 0 0 11 0 0 0 12 0 11 0 11 0 11 
11 0 0 0 0 0 0 0 0 11 0 0 11 0 0 0 0 11 0 0 0 0 11 0 0 11 0 0 0 0 0 0 0 11 0 0 0 0 0 11 11 
11 0 0 0 0 0 0 11 0 0 0 0 0 0 0 0 0 11 0 0 0 0 0 0 0 0 0 0 11 0 0 0 0 0 0 0 11 0 0 0 11 
11 0 0 0 0 15 0 0 11 0 0 0 0 0 0 0 0 0 0 0 0 0 0 11 11 0 0 0 0 0 0 11 11 0 0 0 0 0 0 0 11 
11 0 0 0 11 0 0 11 11 11 0 11 0 0 11 0 0 0 0 0 0 11 11 0 0 11 0 11 11 0 0 0 11 0 0 0 11 0 0 0 11 
11 0 0 0 11 11 11 0 0 0 0 0 0 11 0 0 0 0 11 11 0 11 0 0 0 0 0 0 0 11 11 11 0 0 0 0 0 0 0 0 11 
11 0 0 0 0 0 0 0 0 0 11 0 0 0 0 0 0 0 0 0 0 11 11 0 0 0 11 0 0 0 0 0 11 0 0 0 0 0 0 0 11 
11 0 0 0 0 0 0 0 11 0 0 0 11 0 0 0 0 11 0 0 0 0 0 0 0 11 0 0 0 0 0 0 0 0 0 0 0 0 0 0 11 
11 0 0 0 0 0 0 0 0 0 0 0 0 0 11 0 0 0 0 0 0 0 0 0 0 0 0 0 0 0 0 0 0 0 0 0 0 0 0 0 11 
11 0 0 0 0 0 0 0 0 0 0 0 0 0 0 11 0 0 0 0 0 0 0 0 0 0 0 0 11 0 0 11 0 11 0 11 0 0 11 0 11 
11 11 11 0 0 0 0 0 11 0 0 0 11 0 0 0 11 0 0 0 0 0 0 0 0 0 0 0 0 11 0 0 0 11 0 0 0 0 0 0 11 
11 0 0 11 0 15 0 0 0 11 0 0 0 0 0 0 0 0 11 0 0 0 0 15 11 11 0 0 0 0 0 11 0 11 0 0 0 0 0 0 11 
11 0 0 0 0 11 0 0 15 0 0 0 11 0 0 0 0 0 11 0 0 0 0 0 0 0 0 0 0 0 0 0 0 0 11 11 0 11 0 11 11 
11 0 0 0 0 0 0 0 0 0 0 0 11 0 0 0 0 0 0 0 0 11 0 11 11 0 0 11 0 0 0 0 0 11 0 0 11 11 0 11 11 
11 11 0 0 11 0 0 11 11 11 0 0 0 11 0 0 11 0 11 0 0 0 0 0 0 0 0 0 0 0 11 0 0 0 0 11 0 0 0 0 11 
11 0 0 0 0 11 11 0 0 0 0 0 11 0 11 0 0 11 0 11 11 11 11 0 0 0 0 0 0 11 11 0 11 0 0 0 0 0 0 0 11 
11 0 0 0 0 11 0 0 0 0 11 11 0 0 0 0 0 0 11 0 0 0 0 0 0 15 0 0 0 0 0 0 0 0 11 0 0 0 0 0 11 
11 0 11 0 11 0 0 0 0 0 0 11 0 11 0 0 0 0 0 0 0 11 0 0 11 0 0 11 0 11 0 0 0 0 0 0 0 0 0 0 11 
11 0 0 0 0 0 0 0 11 0 0 0 0 0 0 0 0 0 0 0 0 0 11 0 0 0 0 0 0 0 0 0 0 0 0 11 0 11 0 11 11 
11 0 0 0 11 0 0 0 0 0 0 11 0 11 0 0 0 0 0 0 0 0 11 0 0 0 0 0 0 0 11 0 0 11 0 0 0 0 0 0 11 
11 11 11 11 11 11 11 11 11 11 11 11 11 11 11 11 11 11 11 11 11 11 11 11 11 11 11 11 11 11 11 11 11 11 11 11 11 11 11 11 11 

16989
11 11 11 11 11 11 11 11 11 11 11 11 11 11 11 11 11 11 11 11 11 11 11 11 11 11 11 11 11 11 11 11 11 11 11 11 11 11 11 11 11 
11 11 0 0 0 0 0 0 0 11 0 0 0 0 0 0 0 0 0 11 0 0 11 0 0 0 0 0 0 0 0 0 0 0 0 0 0 11 0 11 11 
11 0 0 0 0 0 0 0 11 11 0 0 11 0 11 0 0 0 11 0 0 0 0 11 11 0 0 0 0 0 11 0 0 0 0 11 0 0 0 11 11 
11 11 0 0 11 0 0 11 0 11 11 0 0 0 0 0 0 0 0 11 0 11 0 0 0 11 0 11 0 0 11 11 0 0 0 0 0 0 0 11 11 
11 11 0 11 0 0 0 0 0 0 0 0 0 11 0 0 0 0 0 11 0 0 0 0 11 0 0 0 11 11 0 0 11 0 0 0 0 0 11 0 11 
11 0 0 0 0 0 0 0 0 0 0 0 0 0 11 0 0 0 0 0 11 0 0 0 0 11 0 11 0 0 0 11 0 0 11 0 0 11 0 0 11 
11 0 0 0 11 11 0 0 0 0 0 0 11 11 0 0 0 0 0 11 0 11 0 0 0 0 0 0 0 11 0 11 0 0 0 11 0 0 0 11 11 
11 0 0 0 0 0 0 11 0 0 0 0 0 0 11 0 0 0 0 0 0 0 0 11 0 0 0 0 11 0 11 0 0 0 0 0 0 0 11 11 11 
11 0 0 11 0 0 0 0 0 0 0 0 0 0 11 0 0 11 0 11 0 0 11 0 0 0 0 11 0 0 0 0 0 0 11 0 0 0 11 0 11 
11 0 0 0 0 0 0 0 11 11 0 0 0 11 0 0 0 11 0 0 0 0 0 11 0 11 0 11 0 0 0 0 0 11 11 0 0 0 0 0 11 
11 11 0 0 0 11 0 0 0 0 0 11 0 0 0 0 0 0 0 0 0 11 0 0 0 0 0 11 0 0 0 15 0 0 0 0 0 0 0 0 11 
11 0 0 11 0 0 0 0 0 0 0 0 0 0 0 0 0 0 0 0 0 0 0 0 0 11 11 15 0 0 11 11 0 11 0 0 0 11 11 0 11 
11 0 11 0 0 0 0 0 0 0 0 0 0 0 0 0 11 0 0 0 0 11 11 0 0 0 11 0 0 0 0 11 0 11 0 0 0 11 0 0 11 
11 11 0 0 0 0 11 11 0 0 0 11 0 11 0 0 11 0 0 0 0 0 0 11 0 11 0 0 0 0 0 0 0 0 13 12 0 0 0 0 11 
11 0 0 0 0 0 0 0 0 0 11 11 0 11 11 0 0 0 0 0 0 0 0 0 0 0 0 0 0 0 0 0 0 0 15 0 0 0 0 11 11 
11 0 0 0 0 0 0 0 0 0 0 0 11 0 0 0 11 11 0 0 0 0 0 0 0 0 0 0 11 0 0 0 0 11 0 0 11 0 0 0 11 
11 0 0 11 0 0 0 0 0 11 0 0 0 0 11 0 0 0 0 0 0 0 0 0 0 11 0 0 0 0 11 0 0 0 12 0 11 0 11 0 11 
11 0 0 0 0 0 0 0 0 11 0 0 11 0 0 0 0 11 0 0 0 0 11 0 0 11 0 0 0 0 0 0 0 11 0 0 0 0 0 11 11 
11 0 0 0 0 0 0 11 0 0 0 0 0 0 0 0 0 11 0 0 0 0 0 0 0 0 0 0 11 0 0 0 0 0 0 0 11 0 0 0 11 
11 0 0 0 0 15 0 0 11 0 0 0 0 0 0 0 0 0 0 0 0 0 0 11 11 0 0 0 0 0 0 11 11 0 0 0 0 0 0 0 11 
11 0 0 0 11 0 0 11 11 11 0 11 0 0 11 0 0 0 0 0 0 11 11 0 0 11 0 11 11 0 0 0 11 0 0 0 11 0 0 0 11 
11 0 0 0 11 11 11 0 0 0 0 0 0 11 0 0 0 0 11 11 0 11 0 0 0 0 0 0 0 11 11 11 0 0 0 0 0 0 0 0 11 
11 0 0 0 0 0 0 0 0 0 11 0 0 0 0 0 0 0 0 0 0 11 11 0 0 0 11 0 0 0 0 0 11 0 0 0 0 0 0 0 11 
11 0 0 0 0 0 0 0 11 0 0 0 11 0 0 0 0 11 0 0 0 0 0 0 0 11 0 0 0 0 0 0 0 0 0 0 0 0 0 0 11 
11 0 0 0 0 0 0 0 0 0 0 0 0 0 11 0 0 0 0 0 0 0 0 0 0 0 0 0 0 0 0 0 0 0 0 0 0 0 0 0 11 
11 0 0 0 0 0 0 0 0 0 0 0 0 0 0 11 0 0 0 0 0 0 0 0 0 0 0 0 11 0 0 11 0 11 0 11 0 0 11 0 11 
11 11 11 0 0 0 0 0 11 0 0 0 11 0 0 0 11 0 0 0 0 0 0 0 0 0 0 0 0 11 0 0 0 11 0 0 0 0 0 0 11 
11 0 0 11 0 15 0 0 0 11 0 0 0 0 0 0 0 0 11 0 0 0 0 15 11 11 0 0 0 0 0 11 0 11 0 0 0 0 0 0 11 
11 0 0 0 0 11 0 0 15 0 0 0 11 0 0 0 0 0 11 0 0 0 0 0 0 0 0 0 0 0 0 0 0 0 11 11 0 11 0 11 11 
11 0 0 0 0 0 0 0 0 0 0 0 11 0 0 0 0 0 0 0 0 11 0 11 11 0 0 11 0 0 0 0 0 11 0 0 11 11 0 11 11 
11 11 0 0 11 0 0 11 11 11 0 0 0 11 0 0 11 0 11 0 0 0 0 0 0 0 0 0 0 0 11 0 0 0 0 11 0 0 0 0 11 
11 0 0 0 0 11 11 0 0 0 0 0 11 0 11 0 0 11 0 11 11 11 11 0 0 0 0 0 0 11 11 0 11 0 0 0 0 0 0 0 11 
11 0 0 0 0 11 0 0 0 0 11 11 0 0 0 0 0 0 11 0 0 0 0 0 0 15 0 0 0 0 0 0 0 0 11 0 0 0 0 0 11 
11 0 11 0 11 0 0 0 0 0 0 11 0 11 0 0 0 0 0 0 0 11 0 0 11 0 0 11 0 11 0 0 0 0 0 0 0 0 0 0 11 
11 0 0 0 0 0 0 0 11 0 0 0 0 0 0 0 0 0 0 0 0 0 11 0 0 0 0 0 0 0 0 0 0 0 0 11 0 11 0 11 11 
11 0 0 0 11 0 0 0 0 0 0 11 0 11 0 0 0 0 0 0 0 0 11 0 0 0 0 0 0 0 11 0 0 11 0 0 0 0 0 0 11 
11 11 11 11 11 11 11 11 11 11 11 11 11 11 11 11 11 11 11 11 11 11 11 11 11 11 11 11 11 11 11 11 11 11 11 11 11 11 11 11 11 

16984
11 11 11 11 11 11 11 11 11 11 11 11 11 11 11 11 11 11 11 11 11 11 11 11 11 11 11 11 11 11 11 11 11 11 11 11 11 11 11 11 11 
11 11 0 0 0 0 0 0 0 11 0 0 0 0 0 0 0 0 0 11 0 0 11 0 0 0 0 0 0 0 0 0 0 0 0 0 0 11 0 11 11 
11 0 0 0 0 0 0 0 11 11 0 0 11 0 11 0 0 0 11 0 0 0 0 11 11 0 0 0 0 0 11 0 0 0 0 11 0 0 0 11 11 
11 11 0 0 11 0 0 11 0 11 11 0 0 0 0 0 0 0 0 11 0 11 0 0 0 11 0 11 11 0 11 11 0 0 0 0 0 0 0 11 11 
11 11 0 11 0 0 0 0 0 0 0 0 0 11 0 0 0 0 0 11 0 0 0 0 11 0 0 0 11 11 0 0 11 0 0 0 0 0 11 0 11 
11 0 0 0 0 0 0 0 0 0 0 0 0 0 11 0 0 0 0 0 11 0 0 0 0 11 0 11 0 0 0 11 0 0 11 0 0 11 0 0 11 
11 0 0 0 11 11 0 0 0 0 0 0 11 11 0 0 0 0 0 11 0 11 0 0 0 0 0 0 0 11 0 11 0 0 0 11 0 0 0 11 11 
11 0 0 0 0 0 0 11 0 0 0 0 0 0 11 0 0 0 0 0 0 0 0 11 0 11 0 0 11 0 11 0 0 0 0 0 0 0 11 11 11 
11 0 0 11 0 0 0 0 0 0 0 0 0 0 11 0 0 11 0 11 0 0 11 0 0 0 0 11 0 0 0 0 0 0 11 0 0 0 11 0 11 
11 0 0 0 0 0 0 0 11 11 0 0 0 11 0 0 0 11 0 0 0 0 0 11 0 11 0 11 0 0 0 0 0 11 11 0 0 0 0 0 11 
11 11 0 0 0 11 0 0 0 0 0 11 0 0 0 0 0 0 0 0 0 11 0 0 0 0 15 11 0 0 0 0 15 0 0 0 0 0 0 0 11 
11 0 0 11 0 0 0 0 0 0 0 0 0 0 0 0 0 0 0 0 0 0 0 0 0 11 11 0 0 0 11 11 0 11 0 0 0 11 11 0 11 
11 0 11 0 0 0 0 0 0 0 0 0 0 0 0 0 11 0 0 0 0 11 11 0 0 0 11 0 0 0 0 11 0 11 0 0 0 11 0 0 11 
11 11 0 0 0 0 11 11 0 0 0 11 0 11 0 0 11 0 0 0 0 0 0 11 0 11 0 0 0 0 0 0 0 15 0 0 0 0 0 0 11 
11 0 0 0 0 0 0 0 0 0 11 11 0 11 11 0 0 0 0 0 0 0 0 0 0 0 0 0 0 0 0 0 0 0 0 0 0 0 0 11 11 
11 0 0 0 0 0 0 0 0 0 0 0 11 0 0 0 11 11 0 0 0 0 0 0 0 0 0 0 11 0 0 0 0 11 0 0 11 0 0 0 11 
11 0 0 11 0 0 0 0 0 11 0 0 0 0 11 0 0 0 0 0 0 0 0 0 0 11 0 0 0 0 11 0 0 0 0 0 11 0 11 0 11 
11 0 0 0 0 0 0 0 15 11 0 0 11 0 0 0 0 11 0 0 0 0 11 0 0 11 0 0 0 0 0 0 0 11 0 0 0 0 0 11 11 
11 0 0 0 0 0 0 11 0 0 0 0 0 0 0 0 0 11 0 0 0 0 0 0 0 0 0 0 11 0 0 0 0 0 0 0 11 0 0 0 11 
11 0 0 0 0 0 0 0 11 0 0 0 0 0 0 0 0 0 0 0 0 0 0 11 11 0 0 0 0 0 0 11 11 0 0 0 0 0 0 0 11 
11 0 0 0 11 0 0 11 11 11 0 11 0 0 11 0 0 0 0 0 0 11 11 0 0 11 0 11 11 0 0 0 11 0 0 0 11 0 0 0 11 
11 0 0 0 11 11 11 0 0 0 0 0 0 11 0 0 0 0 11 11 0 11 0 0 0 0 0 0 0 11 11 11 0 0 0 0 0 0 0 0 11 
11 0 0 0 0 0 0 0 0 0 11 0 0 0 0 0 0 0 0 0 0 11 11 0 0 0 11 0 0 0 0 0 11 0 0 0 0 0 0 0 11 
11 0 0 0 0 0 0 0 11 0 0 0 11 0 0 0 0 11 0 0 0 0 0 0 0 11 0 0 0 0 0 0 0 0 0 0 0 0 0 0 11 
11 0 0 0 0 0 0 0 0 0 0 0 0 0 11 0 0 0 0 0 0 0 0 0 0 0 0 0 0 0 0 0 0 0 0 0 0 0 0 0 11 
11 0 0 0 0 0 0 0 0 0 0 0 0 0 0 11 0 0 0 0 0 0 0 0 0 0 0 0 11 0 0 11 0 11 0 11 0 0 11 0 11 
11 11 11 0 0 15 0 0 11 0 0 0 11 0 0 0 11 0 0 0 0 0 0 0 0 0 0 0 0 11 0 0 0 11 0 0 0 0 0 0 11 
11 0 0 11 0 0 0 0 0 11 0 0 0 0 0 0 0 0 11 0 15 0 0 0 11 11 0 0 0 0 0 11 0 11 0 0 0 0 0 0 11 
11 0 0 0 0 11 0 15 0 0 0 0 11 0 0 0 0 0 11 0 0 0 14 0 0 0 0 0 0 0 0 0 0 0 11 11 0 11 0 11 11 
11 0 0 0 0 0 0 0 0 0 0 0 11 0 0 0 0 0 0 0 0 11 0 11 11 0 0 11 0 0 0 0 0 11 0 0 11 11 0 11 11 
11 11 0 0 11 0 0 11 11 11 0 0 0 11 0 0 11 0 11 0 0 0 0 0 0 0 0 0 0 0 11 0 0 0 0 11 0 0 0 0 11 
11 0 0 0 0 11 11 0 0 0 0 0 11 0 11 0 0 11 0 11 11 11 11 0 0 0 0 0 0 11 11 0 11 0 0 0 0 0 0 0 11 
11 0 0 0 0 11 0 0 0 0 11 11 0 0 0 0 0 0 11 0 0 0 0 0 0 0 0 0 0 0 0 0 0 0 11 0 0 0 0 0 11 
11 0 11 0 11 0 0 0 0 0 0 11 0 11 0 0 0 0 0 0 0 11 0 0 11 0 0 11 0 11 0 0 0 0 0 0 0 0 0 0 11 
11 0 0 0 0 0 0 0 11 0 0 0 0 0 0 0 0 0 0 0 0 0 11 0 0 0 0 0 0 0 0 0 0 0 0 11 0 11 0 11 11 
11 0 0 0 11 0 0 0 0 0 0 11 0 11 0 0 0 0 0 0 0 0 11 0 0 0 0 0 0 0 11 0 0 11 0 0 0 0 0 0 11 
11 11 11 11 11 11 11 11 11 11 11 11 11 11 11 11 11 11 11 11 11 11 11 11 11 11 11 11 11 11 11 11 11 11 11 11 11 11 11 11 11 

16984
11 11 11 11 11 11 11 11 11 11 11 11 11 11 11 11 11 11 11 11 11 11 11 11 11 11 11 11 11 11 11 11 11 11 11 11 11 11 11 11 11 
11 11 0 0 0 0 0 0 0 11 0 0 0 0 0 0 0 0 0 11 0 0 11 0 0 0 0 0 0 0 0 0 0 0 0 0 0 11 0 11 11 
11 0 0 0 0 0 0 0 11 11 0 0 11 0 11 0 0 0 11 0 0 0 0 11 11 0 0 0 0 0 11 0 0 0 0 11 0 0 0 11 11 
11 11 0 0 11 0 0 11 0 11 11 0 0 0 0 0 0 0 0 11 0 11 0 0 0 11 0 11 11 0 11 11 0 0 0 0 0 0 0 11 11 
11 11 0 11 0 0 0 0 0 0 0 0 0 11 0 0 0 0 0 11 0 0 0 0 11 0 0 0 11 11 0 0 11 0 0 0 0 0 11 0 11 
11 0 0 0 0 0 0 0 0 0 0 0 0 0 11 0 0 0 0 0 11 0 0 0 0 11 0 11 0 0 0 11 0 0 11 0 0 11 0 0 11 
11 0 0 0 11 11 0 0 0 0 0 0 11 11 0 0 0 0 0 11 0 11 0 0 0 0 0 0 0 11 0 11 0 0 0 11 0 0 0 11 11 
11 0 0 0 0 0 0 11 0 0 0 0 0 0 11 0 0 0 0 0 0 0 0 11 0 11 0 0 11 0 11 0 0 0 0 0 0 0 11 11 11 
11 0 0 11 0 0 0 0 0 0 0 0 0 0 11 0 0 11 0 11 0 0 11 0 0 0 0 11 0 0 0 0 0 0 11 0 0 0 11 0 11 
11 0 0 0 0 0 0 0 11 11 0 0 0 11 0 0 0 11 0 0 0 0 0 11 0 11 0 11 0 0 0 0 0 11 11 0 0 0 0 0 11 
11 11 0 0 0 11 0 0 0 0 0 11 0 0 0 0 0 0 0 0 0 11 0 0 0 0 15 11 0 0 0 0 15 0 0 0 0 0 0 0 11 
11 0 0 11 0 0 0 0 0 0 0 0 0 0 0 0 0 0 0 0 0 0 0 0 0 11 11 0 0 0 11 11 0 11 0 0 0 11 11 0 11 
11 0 11 0 0 0 0 0 0 0 0 0 0 0 0 0 11 0 0 0 0 11 11 0 0 0 11 0 0 0 0 11 0 11 0 0 0 11 0 0 11 
11 11 0 0 0 0 11 11 0 0 0 11 0 11 0 0 11 0 0 0 0 0 0 11 0 11 0 0 0 0 0 0 0 15 0 0 0 0 0 0 11 
11 0 0 0 0 0 0 0 0 0 11 11 0 11 11 0 0 0 0 0 0 0 0 0 0 0 0 0 0 0 0 0 0 0 0 0 0 0 0 11 11 
11 0 0 0 0 0 0 0 0 0 0 0 11 0 0 0 11 11 0 0 0 0 0 0 0 0 0 0 11 0 0 0 0 11 0 0 11 0 0 0 11 
11 0 0 11 0 0 0 0 0 11 0 0 0 0 11 0 0 0 0 0 0 0 0 0 0 11 0 0 0 0 11 0 0 0 0 0 11 0 11 0 11 
11 0 0 0 0 0 0 0 15 11 0 0 11 0 0 0 0 11 0 0 0 0 11 0 0 11 0 0 0 0 0 0 0 11 0 0 0 0 0 11 11 
11 0 0 0 0 0 0 11 0 0 0 0 0 0 0 0 0 11 0 0 0 0 0 0 0 0 0 0 11 0 0 0 0 0 0 0 11 0 0 0 11 
11 0 0 0 0 0 0 0 11 0 0 0 0 0 0 0 0 0 0 0 0 0 0 11 11 0 0 0 0 0 0 11 11 0 0 0 0 0 0 0 11 
11 0 0 0 11 0 0 11 11 11 0 11 0 0 11 0 0 0 0 0 0 11 11 0 0 11 0 11 11 0 0 0 11 0 0 0 11 0 0 0 11 
11 0 0 0 11 11 11 0 0 0 0 0 0 11 0 0 0 0 11 11 0 11 0 0 0 0 0 0 0 11 11 11 0 0 0 0 0 0 0 0 11 
11 0 0 0 0 0 0 0 0 0 11 0 0 0 0 0 0 0 0 0 0 11 11 0 0 0 11 0 0 0 0 0 11 0 0 0 0 0 0 0 11 
11 0 0 0 0 0 0 0 11 0 0 0 11 0 0 0 0 11 0 0 0 0 0 0 0 11 0 0 0 0 0 0 0 0 0 0 0 0 0 0 11 
11 0 0 0 0 0 0 0 0 0 0 0 0 0 11 0 0 0 0 0 0 0 0 0 0 0 0 0 0 0 0 0 0 0 0 0 0 0 0 0 11 
11 0 0 0 0 0 0 0 0 0 0 0 0 0 0 11 0 0 0 0 0 0 0 0 0 0 0 0 11 0 0 11 0 11 0 11 0 0 11 0 11 
11 11 11 0 0 15 0 0 11 0 0 0 11 0 0 0 11 0 0 0 0 0 0 0 0 0 0 0 0 11 0 0 0 11 0 0 0 0 0 0 11 
11 0 0 11 0 0 0 0 0 11 0 0 0 0 0 0 0 0 11 0 15 0 0 0 11 11 0 0 0 0 0 11 0 11 0 0 0 0 0 0 11 
11 0 0 0 0 11 0 15 0 0 0 0 11 0 0 0 0 0 11 0 0 0 14 0 0 0 0 0 0 0 0 0 0 0 11 11 0 11 0 11 11 
11 0 0 0 0 0 0 0 0 0 0 0 11 0 0 0 0 0 0 0 0 11 0 11 11 0 0 11 0 0 0 0 0 11 0 0 11 11 0 11 11 
11 11 0 0 11 0 0 11 11 11 0 0 0 11 0 0 11 0 11 0 0 0 0 0 0 0 0 0 0 0 11 0 0 0 0 11 0 0 0 0 11 
11 0 0 0 0 11 11 0 0 0 0 0 11 0 11 0 0 11 0 11 11 11 11 0 0 0 0 0 0 11 11 0 11 0 0 0 0 0 0 0 11 
11 0 0 0 0 11 0 0 0 0 11 11 0 0 0 0 0 0 11 0 0 0 0 0 0 0 0 0 0 0 0 0 0 0 11 0 0 0 0 0 11 
11 0 11 0 11 0 0 0 0 0 0 11 0 11 0 0 0 0 0 0 0 11 0 0 11 0 0 11 0 11 0 0 0 0 0 0 0 0 0 0 11 
11 0 0 0 0 0 0 0 11 0 0 0 0 0 0 0 0 0 0 0 0 0 11 0 0 0 0 0 0 0 0 0 0 0 0 11 0 11 0 11 11 
11 0 0 0 11 0 0 0 0 0 0 11 0 11 0 0 0 0 0 0 0 0 11 0 0 0 0 0 0 0 11 0 0 11 0 0 0 0 0 0 11 
11 11 11 11 11 11 11 11 11 11 11 11 11 11 11 11 11 11 11 11 11 11 11 11 11 11 11 11 11 11 11 11 11 11 11 11 11 11 11 11 11 

17045
11 11 11 11 11 11 11 11 11 11 11 11 11 11 11 11 11 11 11 11 11 11 11 11 11 11 11 11 11 11 11 11 11 11 11 11 11 11 11 11 11 
11 11 0 0 0 0 0 0 0 11 0 0 0 0 0 0 0 0 0 11 0 0 11 0 0 0 0 0 0 0 0 0 0 0 0 0 0 11 0 11 11 
11 0 0 0 11 0 0 0 11 11 0 0 0 0 11 0 0 0 11 0 0 0 0 11 11 0 0 0 0 0 11 0 0 0 0 11 0 0 0 11 11 
11 11 0 0 11 0 0 0 0 11 11 0 0 0 0 0 0 0 0 0 0 11 0 0 0 11 0 11 0 0 11 11 0 0 0 0 0 0 0 11 11 
11 11 0 11 0 0 0 0 0 0 0 0 0 11 0 0 0 0 0 0 0 0 0 0 11 0 0 0 11 11 0 0 11 0 0 11 0 0 11 0 11 
11 0 0 0 0 0 0 0 0 0 0 0 0 0 11 0 0 0 0 0 11 0 0 0 0 0 0 11 11 0 0 11 0 0 11 0 0 11 0 0 11 
11 0 0 0 11 11 0 0 0 0 0 0 11 11 0 0 0 0 0 11 0 11 0 0 0 0 0 0 0 11 0 11 0 15 0 11 0 11 0 11 11 
11 0 0 0 0 0 0 11 0 0 0 0 0 0 11 0 0 0 0 0 0 0 0 0 0 0 0 0 11 0 11 0 0 0 0 0 0 0 11 11 11 
11 0 0 11 0 0 0 0 0 0 11 0 0 0 11 0 0 11 0 11 0 0 11 0 0 0 0 11 0 0 0 0 0 0 11 0 0 0 11 0 11 
11 0 0 0 0 0 0 0 11 0 0 0 0 11 0 0 0 11 0 0 0 0 0 11 0 11 0 11 0 0 15 0 0 11 11 0 0 0 0 0 11 
11 11 0 0 0 11 0 0 0 0 0 11 0 0 0 0 0 0 0 0 0 11 0 0 0 0 0 11 0 0 0 0 0 0 0 0 0 0 0 0 11 
11 0 0 11 0 0 0 0 0 0 0 0 0 0 0 0 0 0 0 0 0 0 0 0 0 0 11 0 15 0 11 11 0 11 0 0 0 11 11 0 11 
11 0 11 0 0 0 0 0 0 0 0 0 0 0 11 0 11 0 0 0 0 11 11 0 0 0 11 0 0 0 0 11 0 11 0 0 0 11 0 0 11 
11 11 0 0 0 0 11 11 0 0 0 11 0 0 0 0 11 11 0 0 0 0 0 11 0 11 0 0 0 0 0 0 0 0 0 0 0 0 0 0 11 
11 0 0 0 0 0 0 0 0 0 11 11 0 11 11 0 0 0 0 0 0 0 0 0 0 0 0 0 0 0 0 0 0 0 11 0 0 0 0 11 11 
11 0 0 0 0 0 0 0 0 0 0 0 11 0 0 0 0 11 0 0 0 0 0 0 0 0 0 0 11 0 0 0 0 11 0 15 11 0 0 0 11 
11 0 0 11 0 0 0 0 0 11 0 0 0 0 11 0 0 0 0 0 0 0 0 0 0 11 0 0 0 0 11 0 0 0 0 0 11 0 11 0 11 
11 0 0 0 0 0 0 0 0 11 0 0 11 0 0 0 0 11 0 0 0 0 11 0 0 11 0 0 0 11 0 0 0 0 0 0 0 0 0 11 11 
11 0 0 0 0 0 0 11 0 0 0 0 0 0 0 0 11 11 0 0 0 0 0 0 11 0 0 0 11 0 0 0 0 0 0 0 11 0 0 0 11 
11 0 0 0 0 0 0 15 11 0 0 0 0 0 0 0 0 0 0 0 0 0 0 11 11 0 0 0 0 0 0 0 11 0 0 0 0 0 0 0 11 
11 0 15 0 11 0 0 11 11 11 0 11 0 0 11 0 0 0 0 0 0 11 11 0 0 11 0 11 11 0 0 0 11 0 0 0 11 0 0 0 11 
11 0 0 0 11 11 11 0 0 0 0 0 0 11 0 0 0 0 11 11 0 11 0 0 0 0 0 0 0 11 11 11 0 0 0 0 0 0 0 0 11 
11 0 0 0 0 0 0 0 0 0 11 0 0 0 0 0 0 0 0 0 0 11 11 0 0 0 11 0 0 0 0 0 11 0 0 0 0 0 0 0 11 
11 0 0 0 0 0 0 0 11 0 0 0 11 0 0 0 0 11 0 0 0 0 0 0 0 11 0 0 0 0 0 0 0 0 0 0 0 0 0 0 11 
11 0 0 0 0 0 0 0 0 0 0 0 0 0 11 0 0 0 0 0 0 0 0 0 0 0 0 0 0 0 0 0 0 0 0 0 0 0 0 0 11 
11 0 0 0 0 0 0 0 0 0 0 0 0 0 0 11 0 0 11 0 0 0 0 0 0 0 0 0 11 0 0 11 0 11 0 11 0 0 11 0 11 
11 11 11 0 0 0 0 0 0 0 0 0 11 0 0 0 11 0 0 0 0 0 0 0 0 0 0 0 0 11 0 0 0 11 0 0 0 0 0 0 11 
11 0 0 11 0 0 0 0 0 11 0 0 0 0 0 0 0 0 11 0 0 0 0 0 11 11 0 0 0 0 0 11 0 11 0 0 0 0 0 0 11 
11 0 0 0 0 11 0 0 0 0 0 0 11 0 0 0 0 0 11 15 0 0 0 0 0 0 0 0 0 0 0 0 0 0 11 11 0 11 0 11 11 
11 0 0 0 0 0 0 0 0 0 0 0 11 0 0 0 0 0 0 15 0 11 0 11 11 0 0 11 0 0 0 0 0 11 0 0 11 11 0 11 11 
11 11 0 0 11 0 0 11 11 11 0 0 0 11 0 0 11 0 11 0 0 0 0 0 0 0 0 0 0 0 11 0 0 0 0 11 0 0 0 0 11 
11 0 0 0 0 11 11 0 0 15 0 0 11 0 11 0 0 11 0 11 11 11 11 0 0 0 0 0 0 11 11 0 11 0 0 0 0 0 0 0 11 
11 0 0 0 0 11 0 0 0 0 11 11 0 0 0 0 0 0 11 0 0 0 0 0 0 0 0 0 0 0 0 0 0 0 11 0 0 0 0 0 11 
11 0 11 0 11 0 0 0 0 0 0 11 0 11 0 0 0 0 0 0 0 11 0 0 11 0 0 11 0 11 0 0 0 0 0 0 0 0 0 0 11 
11 0 0 0 0 0 11 0 11 0 0 0 0 0 0 0 0 0 0 0 0 0 11 0 0 0 0 0 0 0 0 0 0 0 0 11 0 11 0 11 11 
11 0 0 0 11 0 0 0 0 0 0 11 0 0 0 0 0 0 0 0 0 0 11 0 0 0 0 0 0 0 11 0 0 11 0 0 0 0 0 0 11 
11 11 11 11 11 11 11 11 11 11 11 11 11 11 11 11 11 11 11 11 11 11 11 11 11 11 11 11 11 11 11 11 11 11 11 11 11 11 11 11 11 

17045
11 11 11 11 11 11 11 11 11 11 11 11 11 11 11 11 11 11 11 11 11 11 11 11 11 11 11 11 11 11 11 11 11 11 11 11 11 11 11 11 11 
11 11 0 0 0 0 0 0 0 11 0 0 0 0 0 0 0 0 0 11 0 0 11 0 0 0 0 0 0 0 0 0 0 0 0 0 0 11 0 11 11 
11 0 0 0 11 0 0 0 11 11 0 0 0 0 11 0 0 0 11 0 0 0 0 11 11 0 0 0 0 0 11 0 0 0 0 11 0 0 0 11 11 
11 11 0 0 11 0 0 0 0 11 11 0 0 0 0 0 0 0 0 0 0 11 0 0 0 11 0 11 0 0 11 11 0 0 0 0 0 0 0 11 11 
11 11 0 11 0 0 0 0 0 0 0 0 0 11 0 0 0 0 0 0 0 0 0 0 11 0 0 0 11 11 0 0 11 0 0 11 0 0 11 0 11 
11 0 0 0 0 0 0 0 0 0 0 0 0 0 11 0 0 0 0 0 11 0 0 0 0 0 0 11 11 0 0 11 0 0 11 0 0 11 0 0 11 
11 0 0 0 11 11 0 0 0 0 0 0 11 11 0 0 0 0 0 11 0 11 0 0 0 0 0 0 0 11 0 11 0 15 0 11 0 11 0 11 11 
11 0 0 0 0 0 0 11 0 0 0 0 0 0 11 0 0 0 0 0 0 0 0 0 0 0 0 0 11 0 11 0 0 0 0 0 0 0 11 11 11 
11 0 0 11 0 0 0 0 0 0 11 0 0 0 11 0 0 11 0 11 0 0 11 0 0 0 0 11 0 0 0 0 0 0 11 0 0 0 11 0 11 
11 0 0 0 0 0 0 0 11 0 0 0 0 11 0 0 0 11 0 0 0 0 0 11 0 11 0 11 0 0 15 0 0 11 11 0 0 0 0 0 11 
11 11 0 0 0 11 0 0 0 0 0 11 0 0 0 0 0 0 0 0 0 11 0 0 0 0 0 11 0 0 0 0 0 0 0 0 0 0 0 0 11 
11 0 0 11 0 0 0 0 0 0 0 0 0 0 0 0 0 0 0 0 0 0 0 0 0 0 11 0 15 0 11 11 0 11 0 0 0 11 11 0 11 
11 0 11 0 0 0 0 0 0 0 0 0 0 0 11 0 11 0 0 0 0 11 11 0 0 0 11 0 0 0 0 11 0 11 0 0 0 11 0 0 11 
11 11 0 0 0 0 11 11 0 0 0 11 0 0 0 0 11 11 0 0 0 0 0 11 0 11 0 0 0 0 0 0 0 0 0 0 0 0 0 0 11 
11 0 0 0 0 0 0 0 0 0 11 11 0 11 11 0 0 0 0 0 0 0 0 0 0 0 0 0 0 0 0 0 0 0 11 0 0 0 0 11 11 
11 0 0 0 0 0 0 0 0 0 0 0 11 0 0 0 0 11 0 0 0 0 0 0 0 0 0 0 11 0 0 0 0 11 0 15 11 0 0 0 11 
11 0 0 11 0 0 0 0 0 11 0 0 0 0 11 0 0 0 0 0 0 0 0 0 0 11 0 0 0 0 11 0 0 0 0 0 11 0 11 0 11 
11 0 0 0 0 0 0 0 0 11 0 0 11 0 0 0 0 11 0 0 0 0 11 0 0 11 0 0 0 11 0 0 0 0 0 0 0 0 0 11 11 
11 0 0 0 0 0 0 11 0 0 0 0 0 0 0 0 11 11 0 0 0 0 0 0 11 0 0 0 11 0 0 0 0 0 0 0 11 0 0 0 11 
11 0 0 0 0 0 0 15 11 0 0 0 0 0 0 0 0 0 0 0 0 0 0 11 11 0 0 0 0 0 0 0 11 0 0 0 0 0 0 0 11 
11 0 15 0 11 0 0 11 11 11 0 11 0 0 11 0 0 0 0 0 0 11 11 0 0 11 0 11 11 0 0 0 11 0 0 0 11 0 0 0 11 
11 0 0 0 11 11 11 0 0 0 0 0 0 11 0 0 0 0 11 11 0 11 0 0 0 0 0 0 0 11 11 11 0 0 0 0 0 0 0 0 11 
11 0 0 0 0 0 0 0 0 0 11 0 0 0 0 0 0 0 0 0 0 11 11 0 0 0 11 0 0 0 0 0 11 0 0 0 0 0 0 0 11 
11 0 0 0 0 0 0 0 11 0 0 0 11 0 0 0 0 11 0 0 0 0 0 0 0 11 0 0 0 0 0 0 0 0 0 0 0 0 0 0 11 
11 0 0 0 0 0 0 0 0 0 0 0 0 0 11 0 0 0 0 0 0 0 0 0 0 0 0 0 0 0 0 0 0 0 0 0 0 0 0 0 11 
11 0 0 0 0 0 0 0 0 0 0 0 0 0 0 11 0 0 11 0 0 0 0 0 0 0 0 0 11 0 0 11 0 11 0 11 0 0 11 0 11 
11 11 11 0 0 0 0 0 0 0 0 0 11 0 0 0 11 0 0 0 0 0 0 0 0 0 0 0 0 11 0 0 0 11 0 0 0 0 0 0 11 
11 0 0 11 0 0 0 0 0 11 0 0 0 0 0 0 0 0 11 0 0 0 0 0 11 11 0 0 0 0 0 11 0 11 0 0 0 0 0 0 11 
11 0 0 0 0 11 0 0 0 0 0 0 11 0 0 0 0 0 11 15 0 0 0 0 0 0 0 0 0 0 0 0 0 0 11 11 0 11 0 11 11 
11 0 0 0 0 0 0 0 0 0 0 0 11 0 0 0 0 0 0 15 0 11 0 11 11 0 0 11 0 0 0 0 0 11 0 0 11 11 0 11 11 
11 11 0 0 11 0 0 11 11 11 0 0 0 11 0 0 11 0 11 0 0 0 0 0 0 0 0 0 0 0 11 0 0 0 0 11 0 0 0 0 11 
11 0 0 0 0 11 11 0 0 15 0 0 11 0 11 0 0 11 0 11 11 11 11 0 0 0 0 0 0 11 11 0 11 0 0 0 0 0 0 0 11 
11 0 0 0 0 11 0 0 0 0 11 11 0 0 0 0 0 0 11 0 0 0 0 0 0 0 0 0 0 0 0 0 0 0 11 0 0 0 0 0 11 
11 0 11 0 11 0 0 0 0 0 0 11 0 11 0 0 0 0 0 0 0 11 0 0 11 0 0 11 0 11 0 0 0 0 0 0 0 0 0 0 11 
11 0 0 0 0 0 11 0 11 0 0 0 0 0 0 0 0 0 0 0 0 0 11 0 0 0 0 0 0 0 0 0 0 0 0 11 0 11 0 11 11 
11 0 0 0 11 0 0 0 0 0 0 11 0 0 0 0 0 0 0 0 0 0 11 0 0 0 0 0 0 0 11 0 0 11 0 0 0 0 0 0 11 
11 11 11 11 11 11 11 11 11 11 11 11 11 11 11 11 11 11 11 11 11 11 11 11 11 11 11 11 11 11 11 11 11 11 11 11 11 11 11 11 11 

17045
11 11 11 11 11 11 11 11 11 11 11 11 11 11 11 11 11 11 11 11 11 11 11 11 11 11 11 11 11 11 11 11 11 11 11 11 11 11 11 11 11 
11 11 0 0 0 0 0 0 0 11 0 0 0 0 0 0 0 0 0 11 0 0 11 0 0 0 0 0 0 0 0 0 0 0 0 0 0 11 0 11 11 
11 0 0 0 11 0 0 0 11 11 0 0 0 0 11 0 0 0 11 0 0 0 0 11 11 0 0 0 0 0 11 0 0 0 0 11 0 0 0 11 11 
11 11 0 0 11 0 0 0 0 11 11 0 0 0 0 0 0 0 0 0 0 11 0 0 0 11 0 11 0 0 11 11 0 0 0 0 0 0 0 11 11 
11 11 0 11 0 0 0 0 0 0 0 0 0 11 0 0 0 0 0 0 0 0 0 0 11 0 0 0 11 11 0 0 11 0 0 11 0 0 11 0 11 
11 0 0 0 0 0 0 0 0 0 0 0 0 0 11 0 0 0 0 0 11 0 0 0 0 0 0 11 11 0 0 11 0 0 11 0 0 11 0 0 11 
11 0 0 0 11 11 0 0 0 0 0 0 11 11 0 0 0 0 0 11 0 11 0 0 0 0 0 0 0 11 0 11 0 15 0 11 0 11 0 11 11 
11 0 0 0 0 0 0 11 0 0 0 0 0 0 11 0 0 0 0 0 0 0 0 0 0 0 0 0 11 0 11 0 0 0 0 0 0 0 11 11 11 
11 0 0 11 0 0 0 0 0 0 11 0 0 0 11 0 0 11 0 11 0 0 11 0 0 0 0 11 0 0 0 0 0 0 11 0 0 0 11 0 11 
11 0 0 0 0 0 0 0 11 0 0 0 0 11 0 0 0 11 0 0 0 0 0 11 0 11 0 11 0 0 15 0 0 11 11 0 0 0 0 0 11 
11 11 0 0 0 11 0 0 0 0 0 11 0 0 0 0 0 0 0 0 0 11 0 0 0 0 0 11 0 0 0 0 0 0 0 0 0 0 0 0 11 
11 0 0 11 0 0 0 0 0 0 0 0 0 0 0 0 0 0 0 0 0 0 0 0 0 0 11 0 15 0 11 11 0 11 0 0 0 11 11 0 11 
11 0 11 0 0 0 0 0 0 0 0 0 0 0 11 0 11 0 0 0 0 11 11 0 0 0 11 0 0 0 0 11 0 11 0 0 0 11 0 0 11 
11 11 0 0 0 0 11 11 0 0 0 11 0 0 0 0 11 11 0 0 0 0 0 11 0 11 0 0 0 0 0 0 0 0 0 0 0 0 0 0 11 
11 0 0 0 0 0 0 0 0 0 11 11 0 11 11 0 0 0 0 0 0 0 0 0 0 0 0 0 0 0 0 0 0 0 11 0 0 0 0 11 11 
11 0 0 0 0 0 0 0 0 0 0 0 11 0 0 0 0 11 0 0 0 0 0 0 0 0 0 0 11 0 0 0 0 11 0 15 11 0 0 0 11 
11 0 0 11 0 0 0 0 0 11 0 0 0 0 11 0 0 0 0 0 0 0 0 0 0 11 0 0 0 0 11 0 0 0 0 0 11 0 11 0 11 
11 0 0 0 0 0 0 0 0 11 0 0 11 0 0 0 0 11 0 0 0 0 11 0 0 11 0 0 0 11 0 0 0 0 0 0 0 0 0 11 11 
11 0 0 0 0 0 0 11 0 0 0 0 0 0 0 0 11 11 0 0 0 0 0 0 11 0 0 0 11 0 0 0 0 0 0 0 11 0 0 0 11 
11 0 0 0 0 0 0 15 11 0 0 0 0 0 0 0 0 0 0 0 0 0 0 11 11 0 0 0 0 0 0 0 11 0 0 0 0 0 0 0 11 
11 0 15 0 11 0 0 11 11 11 0 11 0 0 11 0 0 0 0 0 0 11 11 0 0 11 0 11 11 0 0 0 11 0 0 0 11 0 0 0 11 
11 0 0 0 11 11 11 0 0 0 0 0 0 11 0 0 0 0 11 11 0 11 0 0 0 0 0 0 0 11 11 11 0 0 0 0 0 0 0 0 11 
11 0 0 0 0 0 0 0 0 0 11 0 0 0 0 0 0 0 0 0 0 11 11 0 0 0 11 0 0 0 0 0 11 0 0 0 0 0 0 0 11 
11 0 0 0 0 0 0 0 11 0 0 0 11 0 0 0 0 11 0 0 0 0 0 0 0 11 0 0 0 0 0 0 0 0 0 0 0 0 0 0 11 
11 0 0 0 0 0 0 0 0 0 0 0 0 0 11 0 0 0 0 0 0 0 0 0 0 0 0 0 0 0 0 0 0 0 0 0 0 0 0 0 11 
11 0 0 0 0 0 0 0 0 0 0 0 0 0 0 11 0 0 11 0 0 0 0 0 0 0 0 0 11 0 0 11 0 11 0 11 0 0 11 0 11 
11 11 11 0 0 0 0 0 0 0 0 0 11 0 0 0 11 0 0 0 0 0 0 0 0 0 0 0 0 11 0 0 0 11 0 0 0 0 0 0 11 
11 0 0 11 0 0 0 0 0 11 0 0 0 0 0 0 0 0 11 0 0 0 0 0 11 11 0 0 0 0 0 11 0 11 0 0 0 0 0 0 11 
11 0 0 0 0 11 0 0 0 0 0 0 11 0 0 0 0 0 11 15 0 0 0 0 0 0 0 0 0 0 0 0 0 0 11 11 0 11 0 11 11 
11 0 0 0 0 0 0 0 0 0 0 0 11 0 0 0 0 0 0 15 0 11 0 11 11 0 0 11 0 0 0 0 0 11 0 0 11 11 0 11 11 
11 11 0 0 11 0 0 11 11 11 0 0 0 11 0 0 11 0 11 0 0 0 0 0 0 0 0 0 0 0 11 0 0 0 0 11 0 0 0 0 11 
11 0 0 0 0 11 11 0 0 15 0 0 11 0 11 0 0 11 0 11 11 11 11 0 0 0 0 0 0 11 11 0 11 0 0 0 0 0 0 0 11 
11 0 0 0 0 11 0 0 0 0 11 11 0 0 0 0 0 0 11 0 0 0 0 0 0 0 0 0 0 0 0 0 0 0 11 0 0 0 0 0 11 
11 0 11 0 11 0 0 0 0 0 0 11 0 11 0 0 0 0 0 0 0 11 0 0 11 0 0 11 0 11 0 0 0 0 0 0 0 0 0 0 11 
11 0 0 0 0 0 11 0 11 0 0 0 0 0 0 0 0 0 0 0 0 0 11 0 0 0 0 0 0 0 0 0 0 0 0 11 0 11 0 11 11 
11 0 0 0 11 0 0 0 0 0 0 11 0 0 0 0 0 0 0 0 0 0 11 0 0 0 0 0 0 0 11 0 0 11 0 0 0 0 0 0 11 
11 11 11 11 11 11 11 11 11 11 11 11 11 11 11 11 11 11 11 11 11 11 11 11 11 11 11 11 11 11 11 11 11 11 11 11 11 11 11 11 11 

16975
11 11 11 11 11 11 11 11 11 11 11 11 11 11 11 11 11 11 11 11 11 11 11 11 11 11 11 11 11 11 11 11 11 11 11 11 11 11 11 11 11 
11 11 0 0 0 0 0 0 0 11 0 0 0 0 0 0 0 0 0 11 0 0 11 0 0 0 0 0 0 0 0 0 0 0 0 0 0 11 0 11 11 
11 0 0 0 11 0 0 0 11 11 0 0 0 0 11 0 0 0 11 0 0 0 0 11 11 0 0 0 0 0 11 0 0 0 0 11 0 0 0 11 11 
11 11 0 0 11 0 0 0 0 11 11 0 0 0 0 0 0 0 0 0 0 11 0 0 0 11 0 11 0 0 11 11 0 0 0 0 0 0 0 11 11 
11 11 0 11 0 0 0 0 0 0 0 0 0 11 0 0 0 0 0 0 0 0 0 0 11 0 0 0 11 11 0 0 11 0 0 11 0 0 11 0 11 
11 0 0 0 0 0 0 0 0 0 0 0 0 0 11 0 0 0 0 0 11 0 0 0 0 0 0 11 11 0 0 11 0 0 11 0 0 11 0 0 11 
11 0 0 0 11 11 0 0 0 0 0 0 11 11 0 0 0 0 0 11 0 11 0 0 0 0 0 0 0 11 0 11 0 0 0 11 0 11 0 11 11 
11 0 0 0 0 0 0 11 0 0 0 0 0 0 11 0 0 0 0 0 0 0 0 0 0 0 0 0 11 0 11 15 0 0 0 0 0 0 11 11 11 
11 0 0 11 0 0 0 0 0 0 11 0 0 0 11 0 0 11 0 11 0 0 11 0 0 0 0 11 0 0 0 0 0 0 11 0 0 0 11 0 11 
11 0 0 0 0 0 0 0 11 0 0 0 0 11 0 0 0 11 0 0 0 0 0 11 15 11 0 11 0 0 0 15 0 11 11 0 0 0 0 11 11 
11 11 0 0 0 11 0 0 0 0 0 11 0 0 0 0 0 0 0 0 0 11 0 0 0 0 0 11 0 0 0 0 0 0 0 0 0 0 0 0 11 
11 0 0 11 0 0 0 0 0 0 0 0 0 0 0 0 0 0 0 0 0 0 0 0 0 0 11 0 0 0 11 11 0 11 0 0 0 11 11 0 11 
11 0 11 0 0 0 0 0 0 0 0 0 0 0 11 0 11 0 0 0 0 11 11 0 0 0 11 0 0 0 0 11 15 11 0 0 0 11 0 0 11 
11 11 0 0 0 0 11 11 0 0 0 11 0 0 0 0 11 11 0 0 0 0 0 11 0 11 0 0 0 0 0 0 0 0 0 0 0 0 0 0 11 
11 0 0 0 0 0 0 15 0 0 11 11 0 11 11 0 0 0 0 0 0 0 0 0 0 0 0 0 0 0 0 0 0 0 11 0 0 0 0 11 11 
11 0 0 0 0 0 0 0 0 0 0 0 11 0 0 0 0 11 0 0 0 0 0 0 0 0 0 0 11 0 0 0 0 11 0 0 11 0 0 0 11 
11 0 0 11 0 0 0 0 0 11 0 0 0 0 11 0 0 0 0 0 0 0 0 0 0 11 0 0 0 0 11 0 0 0 0 0 11 0 11 0 11 
11 0 0 0 0 0 0 0 0 11 0 0 11 0 0 0 0 11 0 0 0 0 11 0 0 11 0 0 0 11 0 0 0 0 0 0 0 0 0 11 11 
11 0 0 0 0 0 0 11 0 0 0 0 0 0 0 0 11 11 0 0 0 0 0 0 11 0 0 0 11 0 0 0 0 0 0 0 11 0 0 0 11 
11 0 0 0 0 0 0 0 11 0 0 0 0 0 0 0 0 0 0 0 0 0 0 11 11 0 0 0 0 0 0 0 11 0 0 0 0 0 0 0 11 
11 0 0 0 11 0 0 11 11 11 0 11 0 0 11 0 0 0 0 0 0 11 11 0 0 11 0 11 11 0 0 0 11 0 0 0 11 0 0 0 11 
11 0 0 0 11 11 11 0 0 0 0 0 0 11 0 0 0 0 11 11 0 11 0 0 0 0 0 0 0 11 11 11 0 0 0 0 0 0 0 0 11 
11 0 0 0 0 0 0 0 0 0 11 0 0 0 0 0 0 0 0 0 0 11 11 0 0 0 11 0 0 0 0 0 11 0 0 0 0 0 0 0 11 
11 0 0 0 0 0 11 0 11 0 0 0 11 0 0 0 0 11 0 0 0 0 0 0 0 11 0 0 0 0 0 0 0 0 0 0 0 0 0 0 11 
11 0 0 0 0 0 0 0 0 0 0 0 0 0 11 0 0 0 0 0 0 0 0 0 0 0 0 0 0 0 0 0 0 0 0 0 0 0 0 0 11 
11 0 0 0 0 0 0 0 0 0 0 0 0 0 0 11 0 0 11 0 0 0 0 0 0 0 0 0 11 0 0 11 0 11 0 11 0 0 11 0 11 
11 11 11 0 0 0 0 0 0 0 0 0 11 0 0 0 11 0 0 0 0 0 0 0 0 0 0 0 0 11 0 0 0 11 0 0 0 0 0 0 11 
11 0 0 11 0 0 0 0 0 11 0 0 0 0 0 0 0 0 11 0 15 0 0 0 11 11 0 0 0 0 0 11 0 11 0 0 0 0 0 0 11 
11 0 0 0 0 11 15 0 0 0 0 0 11 0 0 0 0 0 11 0 0 0 0 0 0 0 0 0 0 0 0 0 0 0 11 11 0 11 0 11 11 
11 0 0 0 0 0 0 0 0 0 15 0 11 0 0 0 0 0 0 0 0 11 0 11 11 0 0 11 0 0 0 0 0 11 0 0 11 11 0 11 11 
11 11 0 0 11 0 0 11 11 11 0 0 0 11 0 0 11 0 11 0 0 0 13 0 0 0 0 0 0 0 11 0 0 0 0 11 0 0 0 0 11 
11 0 0 0 0 11 11 0 0 0 0 0 11 0 11 0 0 11 0 11 11 11 11 0 0 0 0 0 0 11 11 0 11 0 0 0 0 0 0 0 11 
11 0 0 0 0 11 0 0 0 0 11 11 0 0 0 0 0 0 11 0 0 0 0 0 0 0 0 0 0 0 0 0 0 0 11 0 0 0 0 0 11 
11 0 11 0 11 0 0 0 0 0 0 11 0 11 0 0 0 0 0 0 0 11 0 0 11 0 0 11 0 11 0 0 0 0 0 0 0 0 0 0 11 
11 0 0 0 0 0 11 0 11 0 0 0 0 0 0 0 0 0 0 0 0 0 11 0 0 0 0 0 0 0 0 0 0 0 0 11 0 11 0 11 11 
11 0 0 0 11 0 0 0 0 0 0 11 0 0 0 0 0 0 0 0 0 0 11 0 0 0 0 0 0 0 11 0 0 11 0 0 0 0 0 0 11 
11 11 11 11 11 11 11 11 11 11 11 11 11 11 11 11 11 11 11 11 11 11 11 11 11 11 11 11 11 11 11 11 11 11 11 11 11 11 11 11 11 

16965
11 11 11 11 11 11 11 11 11 11 11 11 11 11 11 11 11 11 11 11 11 11 11 11 11 11 11 11 11 11 11 11 11 11 11 11 11 11 11 11 11 
11 11 0 0 0 0 0 0 0 11 0 0 0 0 0 0 0 0 0 11 0 0 11 0 0 0 0 0 0 0 0 0 0 0 0 0 0 11 0 11 11 
11 0 0 0 11 0 0 0 11 11 0 0 0 0 11 0 0 0 11 0 0 0 0 11 11 0 0 0 0 0 11 0 0 0 0 11 0 0 0 11 11 
11 11 0 0 11 0 0 0 0 11 11 0 0 0 0 0 0 0 0 0 0 11 0 0 0 11 0 11 0 0 11 11 0 0 0 0 0 0 0 11 11 
11 11 0 11 0 0 0 0 0 0 0 0 0 11 0 0 0 0 0 0 0 0 0 0 11 0 0 0 11 11 0 0 11 0 0 11 0 0 11 0 11 
11 0 0 0 0 0 0 0 0 0 0 0 0 0 11 0 0 0 0 0 11 0 0 0 0 11 0 11 11 0 0 11 0 0 11 0 0 11 0 0 11 
11 0 0 0 11 11 0 0 0 0 0 0 11 11 0 0 0 0 0 11 0 11 0 0 0 0 0 0 0 11 0 11 0 0 0 11 0 11 0 11 11 
11 0 0 0 0 0 0 11 0 0 0 0 0 0 11 0 0 0 0 0 0 0 0 0 0 0 0 0 11 0 11 0 0 0 0 0 0 0 11 11 11 
11 0 0 11 0 0 0 0 0 0 11 0 0 0 11 0 0 11 0 11 0 0 11 0 0 0 0 11 0 0 0 0 0 0 11 0 0 0 11 0 11 
11 0 0 0 0 0 0 0 11 0 0 0 0 11 0 0 0 11 0 0 0 0 0 11 0 11 0 11 0 0 15 15 0 11 11 0 0 0 0 11 11 
11 11 0 0 0 11 0 0 0 0 0 11 0 0 0 0 0 0 0 0 0 11 0 0 0 0 0 11 0 0 0 0 0 0 0 0 0 0 0 0 11 
11 0 0 11 0 0 0 0 0 0 0 0 0 0 0 0 0 0 0 0 0 0 0 0 0 0 11 0 0 0 11 11 0 11 0 0 0 11 11 0 11 
11 0 11 0 0 0 0 0 0 0 0 0 0 0 11 0 11 0 0 0 0 11 11 0 0 0 11 0 0 0 0 11 0 11 0 0 0 11 0 0 11 
11 11 0 0 0 0 11 11 0 0 0 11 0 0 0 0 11 11 0 0 0 0 0 11 0 11 0 0 0 0 0 0 0 0 0 0 15 0 0 0 11 
11 0 0 0 0 0 0 0 0 0 11 11 0 11 11 0 0 0 0 0 0 0 0 0 0 0 0 0 0 0 0 0 0 0 11 0 0 0 0 11 11 
11 0 0 0 0 0 0 0 0 0 0 0 11 0 0 0 0 11 0 0 0 0 0 0 0 0 0 0 11 0 0 0 0 11 0 0 11 0 0 0 11 
11 0 0 11 0 0 0 0 0 11 0 0 0 0 11 0 0 0 0 0 0 0 0 0 0 11 0 0 0 0 11 0 0 0 0 0 11 0 11 0 11 
11 0 0 0 0 0 0 0 0 11 0 0 11 0 0 0 0 11 0 0 0 0 11 0 0 11 0 0 0 11 0 0 0 0 0 0 0 0 0 11 11 
11 0 0 0 15 0 0 11 0 0 0 0 0 0 0 0 11 11 0 0 0 0 0 0 11 0 0 0 11 0 0 0 0 0 0 0 11 0 0 0 11 
11 0 0 0 0 0 0 0 11 0 0 0 0 0 0 0 0 0 0 0 0 0 0 11 11 0 0 0 0 0 0 0 11 0 0 0 0 0 0 0 11 
11 0 0 0 11 0 0 11 11 11 0 11 0 0 11 0 0 0 0 0 0 11 11 0 0 11 0 11 11 0 0 0 11 0 0 0 11 0 0 0 11 
11 0 0 0 11 11 11 0 0 0 0 0 0 11 0 0 0 0 11 11 0 11 0 0 0 0 0 0 0 11 11 11 0 0 0 0 0 0 0 0 11 
11 0 0 0 0 0 0 0 0 0 11 0 0 0 0 0 0 0 0 0 0 11 11 0 0 0 11 0 0 0 0 0 11 0 0 0 0 0 0 0 11 
11 0 0 0 0 0 0 0 11 0 0 0 11 0 0 0 0 11 0 0 0 0 0 0 0 11 0 0 0 0 0 0 0 0 0 0 0 0 0 0 11 
11 0 0 0 0 0 0 0 0 0 0 0 0 0 11 0 0 0 0 0 0 0 0 0 0 0 0 0 0 0 0 0 0 0 0 0 0 0 0 0 11 
11 0 0 0 0 0 0 0 0 0 0 0 0 0 0 11 0 0 11 0 0 0 0 0 0 0 0 0 11 0 0 11 0 11 0 11 0 0 11 0 11 
11 11 11 0 0 11 0 0 0 0 0 0 11 0 0 0 11 0 0 0 0 0 0 0 0 0 0 0 0 11 0 0 0 11 0 0 0 0 0 0 11 
11 0 0 11 15 0 0 0 0 11 0 0 0 0 0 0 0 0 11 0 0 15 0 0 11 11 0 0 0 0 0 11 0 11 0 0 0 0 0 0 11 
11 0 0 0 0 11 0 0 0 0 0 0 11 0 0 0 0 0 11 0 0 0 0 13 0 0 0 0 0 0 0 0 0 0 11 11 0 11 0 11 11 
11 0 0 0 0 0 0 0 0 0 0 0 11 0 0 0 0 0 0 0 0 11 0 11 11 0 0 11 0 0 0 0 0 11 0 0 11 11 0 11 11 
11 11 0 0 11 0 0 11 11 11 0 0 0 11 0 0 11 0 11 0 0 0 0 0 0 0 0 0 0 0 11 0 0 0 0 11 0 0 0 0 11 
11 0 0 0 0 11 11 0 0 0 0 0 11 0 11 0 0 11 0 11 11 11 11 0 0 0 0 0 0 11 11 0 11 0 0 0 0 0 0 0 11 
11 0 0 0 0 11 0 0 0 0 11 11 0 0 0 0 0 0 11 0 0 0 11 0 0 0 0 0 0 0 0 0 0 0 11 0 0 0 0 0 11 
11 0 11 0 11 0 0 0 0 0 0 11 15 11 0 0 0 0 0 0 0 11 0 0 11 0 0 11 0 11 0 0 0 0 0 0 0 0 0 0 11 
11 0 0 0 0 0 11 0 11 0 0 0 0 0 0 0 0 0 0 0 0 0 11 0 0 0 0 0 0 0 0 0 0 0 0 11 0 11 0 11 11 
11 0 0 0 11 0 0 0 0 0 0 11 0 0 0 0 0 0 0 0 0 0 11 0 0 0 0 0 0 0 11 0 0 11 0 0 0 0 0 0 11 
11 11 11 11 11 11 11 11 11 11 11 11 11 11 11 11 11 11 11 11 11 11 11 11 11 11 11 11 11 11 11 11 11 11 11 11 11 11 11 11 11 

16945
11 11 11 11 11 11 11 11 11 11 11 11 11 11 11 11 11 11 11 11 11 11 11 11 11 11 11 11 11 11 11 11 11 11 11 11 11 11 11 11 11 
11 11 0 0 0 0 0 0 0 11 0 0 0 0 0 0 0 0 0 11 0 0 11 0 0 0 0 0 0 0 0 0 0 0 0 0 0 11 0 11 11 
11 0 0 0 11 0 0 0 0 11 0 0 11 0 11 0 0 0 11 0 0 0 0 11 11 0 0 0 0 0 11 0 0 0 0 11 0 0 0 11 11 
11 11 0 0 11 0 0 11 0 11 11 0 0 0 0 0 0 0 0 0 0 11 0 0 11 11 0 11 0 0 11 11 0 0 0 0 0 0 0 11 11 
11 11 0 11 0 0 0 0 0 0 0 0 0 11 0 0 0 0 0 0 0 0 0 0 11 0 0 0 11 11 0 0 11 0 0 11 0 0 11 0 11 
11 0 0 0 0 0 0 0 0 0 0 0 0 0 11 0 0 0 0 0 11 0 0 0 0 0 0 11 0 0 0 11 0 0 11 0 0 11 0 0 11 
11 0 0 0 11 11 0 0 0 0 0 0 11 11 0 0 0 0 0 11 0 11 0 0 0 0 0 0 0 11 0 11 0 0 0 11 0 0 0 0 11 
11 0 0 0 0 0 0 11 0 0 0 0 0 0 11 0 11 0 11 0 0 0 0 11 0 11 0 0 11 0 11 0 0 0 0 0 0 0 11 11 11 
11 0 0 11 0 0 0 0 0 0 0 0 0 0 11 0 0 11 0 11 0 0 11 0 0 0 0 11 0 0 0 0 0 0 11 0 0 0 11 0 11 
11 0 0 0 0 0 0 0 11 11 0 0 0 11 0 0 0 11 0 0 0 0 0 11 0 11 13 11 0 0 0 0 0 11 11 0 0 0 0 0 11 
11 11 0 0 0 11 0 0 0 0 0 11 0 0 0 0 0 0 0 0 0 11 0 0 0 0 0 11 15 0 0 0 0 0 0 0 0 0 0 0 11 
11 0 11 11 0 0 0 0 0 0 0 0 0 0 0 0 0 0 0 0 0 0 0 0 0 0 11 0 0 0 11 11 0 11 0 0 0 11 11 0 11 
11 0 11 0 0 0 0 0 0 0 0 0 0 0 0 0 11 0 0 0 0 11 11 0 0 0 11 0 0 0 0 11 0 0 0 0 0 11 0 0 11 
11 11 0 0 0 0 11 11 0 0 0 0 0 11 0 0 11 0 0 0 0 0 0 11 0 11 0 0 0 0 0 0 0 0 15 0 0 0 0 0 11 
11 0 0 0 0 0 0 0 0 0 11 11 0 11 11 0 0 0 0 0 0 0 0 0 0 0 0 0 0 0 0 0 0 0 11 0 0 0 0 11 11 
11 0 0 0 0 0 0 0 0 0 0 0 11 0 0 0 0 11 0 0 0 0 0 0 0 0 0 0 11 0 0 0 0 11 0 0 11 0 0 0 11 
11 0 0 11 0 0 0 0 0 11 0 0 11 0 11 0 0 0 0 0 0 0 0 0 0 11 0 0 0 0 11 0 0 0 0 15 11 0 11 0 11 
11 0 0 0 0 0 0 0 0 11 0 0 11 0 0 0 0 11 0 0 0 0 11 0 0 11 0 0 0 11 0 0 0 0 0 0 0 0 0 11 11 
11 0 0 0 0 15 0 11 0 0 0 0 0 0 0 0 0 11 0 0 0 0 0 0 11 0 0 0 11 0 0 0 0 0 0 0 11 0 0 0 11 
11 0 0 0 0 0 0 0 11 0 0 0 0 0 0 0 0 0 0 0 0 0 0 11 11 0 0 0 0 0 0 0 11 0 0 0 0 0 0 0 11 
11 0 0 0 11 0 0 11 11 11 0 11 0 0 0 0 0 0 0 0 0 11 11 0 0 0 0 11 11 0 0 0 11 0 0 0 11 0 0 0 11 
11 0 0 0 11 11 11 0 0 0 0 0 0 11 0 0 0 0 11 11 0 11 0 0 0 0 0 0 0 11 11 11 0 0 0 0 0 0 0 0 11 
11 0 0 0 0 0 0 0 0 0 11 0 0 0 0 0 0 0 0 0 0 11 11 0 0 0 11 0 0 0 0 0 11 0 0 0 0 0 0 0 11 
11 0 0 0 0 0 0 0 11 0 0 0 11 0 0 0 0 11 0 0 0 0 0 0 0 11 0 0 0 0 0 0 0 0 0 0 0 0 0 0 11 
11 0 0 0 0 0 0 0 0 0 0 0 0 0 11 0 0 0 0 0 0 0 0 0 0 0 0 0 0 0 0 0 0 0 0 0 0 0 0 0 11 
11 0 0 0 0 0 0 0 0 0 0 0 0 0 0 11 0 0 11 0 0 0 0 0 0 0 0 11 11 0 0 11 0 11 0 11 0 0 11 0 11 
11 11 11 0 0 15 0 0 0 0 0 0 11 0 0 0 11 0 0 0 0 0 0 0 0 0 0 0 0 11 0 0 0 11 0 0 0 0 0 0 11 
11 0 0 11 0 0 0 0 0 11 0 0 0 0 0 0 0 0 11 0 15 0 0 0 11 11 0 0 0 0 0 11 0 11 0 0 0 0 0 0 11 
11 0 0 0 0 11 15 0 0 0 0 0 11 0 0 0 0 0 11 0 0 11 0 0 0 0 0 0 0 0 0 0 0 0 11 11 0 11 0 11 11 
11 0 0 0 0 0 0 0 0 0 0 0 11 0 0 0 0 0 0 0 0 11 0 11 11 0 0 11 0 0 0 0 0 11 0 0 11 11 0 11 11 
11 11 0 0 11 0 0 11 11 11 0 0 0 11 0 0 11 0 11 0 0 0 0 0 0 0 0 0 0 0 11 0 0 11 0 11 0 0 0 0 11 
11 0 0 0 0 11 11 0 0 0 0 0 11 0 11 0 0 11 0 0 11 11 11 0 15 0 0 0 0 11 11 11 11 0 0 0 0 0 0 0 11 
11 0 0 0 0 11 0 0 0 0 11 11 0 0 0 0 0 0 11 0 0 0 0 0 0 0 0 0 0 0 0 0 0 0 11 0 0 0 0 0 11 
11 0 11 0 11 0 0 0 0 0 0 11 0 11 0 0 0 0 0 0 0 11 0 0 11 0 0 11 0 11 0 0 0 0 0 0 0 0 0 0 11 
11 0 0 0 0 0 0 0 11 0 0 0 0 0 0 0 0 0 0 0 0 0 11 0 0 0 0 0 0 0 0 0 0 0 0 11 0 11 0 11 11 
11 0 0 0 11 0 0 0 0 0 0 11 0 11 0 0 0 0 0 0 0 0 11 0 0 0 0 0 0 0 11 0 0 11 0 0 0 0 0 0 11 
11 11 11 11 11 11 11 11 11 11 11 11 11 11 11 11 11 11 11 11 11 11 11 11 11 11 11 11 11 11 11 11 11 11 11 11 11 11 11 11 11 

16932
11 11 11 11 11 11 11 11 11 11 11 11 11 11 11 11 11 11 11 11 11 11 11 11 11 11 11 11 11 11 11 11 11 11 11 11 11 11 11 11 11 
11 11 0 0 0 0 0 0 0 11 0 0 0 0 0 0 0 0 0 11 0 0 11 0 0 0 0 0 0 0 0 0 0 0 0 0 0 11 0 11 11 
11 0 0 0 11 0 0 0 0 11 0 0 11 0 11 0 0 0 11 0 0 0 0 11 11 0 0 0 0 0 11 0 0 0 0 11 0 0 0 11 11 
11 11 0 0 11 0 0 11 0 11 11 0 0 0 0 0 0 0 0 0 0 11 0 0 0 11 0 11 0 0 11 11 0 0 0 0 0 0 0 11 11 
11 11 0 11 0 0 0 0 0 0 0 0 0 11 0 0 0 0 0 0 0 0 0 0 11 0 0 0 11 11 0 0 11 0 0 11 0 0 11 0 11 
11 0 0 0 0 0 0 0 0 0 0 0 0 0 11 0 0 0 0 0 11 0 0 0 0 0 0 11 0 0 0 11 0 0 11 0 0 11 0 0 11 
11 0 0 0 11 11 0 0 0 0 0 0 11 11 0 0 0 0 0 11 0 11 0 0 0 0 0 0 0 11 0 11 0 0 0 11 0 0 0 0 11 
11 0 0 0 0 0 0 11 0 0 0 0 0 0 11 0 11 0 11 0 0 0 0 11 0 14 11 0 11 0 11 0 0 0 0 0 0 0 11 11 11 
11 0 0 11 0 0 0 0 0 0 0 0 0 0 11 0 0 11 0 11 0 0 11 0 0 0 0 11 0 0 0 0 0 0 11 0 0 0 11 0 11 
11 0 0 0 0 0 0 0 11 11 0 0 0 11 0 0 0 11 0 0 0 0 0 11 0 11 0 11 0 0 0 0 0 11 11 0 0 0 0 0 11 
11 11 0 0 0 11 0 0 0 0 0 11 0 0 0 0 0 0 0 0 0 11 0 0 0 0 0 11 0 0 0 0 0 0 0 0 0 0 0 0 11 
11 0 11 11 0 0 0 0 0 0 0 0 0 0 0 0 0 0 0 0 0 0 0 0 0 0 11 15 0 0 11 11 0 11 0 0 0 11 11 0 11 
11 0 11 0 0 0 0 0 0 0 0 0 0 0 0 0 11 0 0 0 0 11 11 0 0 0 11 0 0 0 0 11 0 0 15 0 0 11 0 0 11 
11 11 0 0 0 0 11 11 0 0 0 0 0 11 0 0 11 0 0 0 0 0 0 11 0 11 0 0 0 0 0 0 0 0 0 0 0 0 0 0 11 
11 0 0 0 0 0 0 0 0 0 11 11 0 11 11 0 0 0 0 0 0 0 0 0 0 0 0 0 0 0 0 0 0 0 11 0 0 0 0 11 11 
11 0 0 0 0 0 0 0 0 0 0 0 11 0 0 0 0 11 0 0 0 0 0 0 0 0 0 0 11 0 0 0 0 11 0 0 11 0 0 0 11 
11 0 0 11 0 0 0 0 0 11 0 0 11 0 11 0 0 0 0 0 0 0 0 0 0 11 0 0 0 0 11 0 0 0 0 15 11 0 11 0 11 
11 0 0 0 0 0 0 0 0 11 0 0 11 0 0 0 0 11 0 0 0 0 11 0 0 11 0 0 0 11 0 0 0 0 0 0 0 0 0 11 11 
11 0 0 0 0 0 0 11 0 0 0 0 0 0 0 0 0 11 0 0 0 0 0 0 11 0 0 0 11 0 0 0 0 0 0 0 11 0 0 0 11 
11 0 0 0 0 0 0 15 11 0 0 0 0 0 0 0 0 0 0 0 0 0 0 11 11 0 0 0 0 0 0 0 11 0 0 0 0 0 0 0 11 
11 0 15 0 11 0 0 11 11 11 0 11 0 0 0 0 0 0 0 0 0 11 11 0 0 0 0 11 11 0 0 0 11 0 0 0 11 0 0 0 11 
11 0 0 0 11 11 11 0 0 0 0 0 0 11 0 0 0 0 11 11 0 11 0 0 0 0 0 0 0 11 11 11 0 0 0 0 0 0 0 0 11 
11 0 0 0 0 0 0 0 0 0 11 0 0 0 0 0 0 0 0 0 0 11 11 0 0 0 11 0 0 0 0 0 11 0 0 0 0 0 0 0 11 
11 0 0 0 0 0 0 0 11 0 0 0 11 0 0 0 0 11 0 0 0 0 0 0 0 11 0 0 0 0 0 0 0 0 0 0 0 0 0 0 11 
11 0 0 0 0 0 0 0 0 0 0 0 0 0 11 0 0 0 0 0 0 0 0 0 0 0 0 0 0 0 0 0 0 0 0 0 0 0 0 0 11 
11 0 0 0 0 0 0 0 0 0 0 0 0 0 0 11 0 0 11 0 0 0 0 0 0 0 0 11 11 0 0 11 0 11 0 11 0 0 11 0 11 
11 11 11 0 0 0 0 0 0 0 0 0 11 0 0 0 11 0 0 0 0 0 0 0 0 0 0 0 0 11 0 0 0 11 0 0 0 0 0 0 11 
11 0 0 11 0 15 0 0 0 11 0 0 0 0 0 0 0 0 11 0 0 0 0 0 11 11 0 0 0 0 0 11 0 11 0 0 0 0 0 0 11 
11 0 0 0 0 11 0 0 0 0 0 0 11 0 0 0 0 0 11 0 0 11 15 0 0 0 0 0 0 0 0 0 0 0 11 11 0 11 0 11 11 
11 0 0 0 0 0 0 0 0 15 0 0 11 0 0 0 0 0 0 0 0 11 0 11 11 0 0 11 0 0 0 0 0 11 0 0 11 11 0 11 11 
11 11 0 0 11 0 0 11 11 11 0 0 0 11 0 0 11 0 11 0 0 0 0 0 0 0 0 0 0 0 11 0 0 11 0 11 0 0 0 0 11 
11 0 0 0 0 11 11 0 0 0 0 0 11 0 11 0 0 11 0 0 11 11 11 0 0 14 0 0 0 11 11 11 11 0 0 0 0 0 0 0 11 
11 0 0 0 0 11 0 0 0 0 11 11 0 0 0 0 0 0 11 0 0 0 0 0 0 0 0 0 0 0 0 0 0 0 11 0 0 0 0 0 11 
11 0 11 0 11 0 0 0 0 0 0 11 0 11 0 0 0 0 0 0 0 11 0 0 11 0 0 11 0 11 0 0 0 0 0 0 0 0 0 0 11 
11 0 0 0 0 0 0 0 11 0 0 0 0 0 0 0 0 0 0 0 0 0 11 0 0 0 0 0 0 0 0 0 0 0 0 11 0 11 0 11 11 
11 0 0 0 11 0 0 0 0 0 0 11 0 11 0 0 0 0 0 0 0 0 11 0 0 0 0 0 0 0 11 0 0 11 0 0 0 0 0 0 11 
11 11 11 11 11 11 11 11 11 11 11 11 11 11 11 11 11 11 11 11 11 11 11 11 11 11 11 11 11 11 11 11 11 11 11 11 11 11 11 11 11 

16932
11 11 11 11 11 11 11 11 11 11 11 11 11 11 11 11 11 11 11 11 11 11 11 11 11 11 11 11 11 11 11 11 11 11 11 11 11 11 11 11 11 
11 11 0 0 0 0 0 0 0 11 0 0 0 0 0 0 0 0 0 11 0 0 11 0 0 0 0 0 0 0 0 0 0 0 0 0 0 11 0 11 11 
11 0 0 0 11 0 0 0 0 11 0 0 11 0 11 0 0 0 11 0 0 0 0 11 11 0 0 0 0 0 11 0 0 0 0 11 0 0 0 11 11 
11 11 0 0 11 0 0 11 0 11 11 0 0 0 0 0 0 0 0 0 0 11 0 0 0 11 0 11 0 0 11 11 0 0 0 0 0 0 0 11 11 
11 11 0 11 0 0 0 0 0 0 0 0 0 11 0 0 0 0 0 0 0 0 0 0 11 0 0 0 11 11 0 0 11 0 0 11 0 0 11 0 11 
11 0 0 0 0 0 0 0 0 0 0 0 0 0 11 0 0 0 0 0 11 0 0 0 0 11 0 11 0 0 0 11 0 0 11 0 0 11 0 0 11 
11 0 0 0 11 11 0 0 0 0 0 0 11 11 0 0 0 0 0 11 0 11 0 0 0 0 0 0 0 11 0 11 0 0 0 11 0 0 0 0 11 
11 0 0 0 0 0 0 11 0 0 0 0 0 0 11 0 11 0 11 0 0 0 0 11 0 0 0 0 11 0 11 0 0 0 0 0 0 0 11 11 11 
11 0 0 11 0 0 0 0 0 0 0 0 0 0 11 0 0 11 0 11 0 0 11 0 0 0 0 11 0 0 0 0 0 15 11 0 0 0 11 0 11 
11 0 0 0 0 0 0 0 11 11 0 0 0 11 0 0 0 11 0 0 0 0 0 11 0 11 0 11 0 0 0 0 0 11 11 0 0 0 0 0 11 
11 11 0 0 0 11 0 0 0 0 0 11 0 0 0 0 0 0 0 0 0 11 0 0 0 0 0 11 0 0 15 0 0 0 0 0 0 0 0 0 11 
11 0 11 11 0 0 0 0 0 0 0 0 0 0 0 0 0 0 0 0 0 0 0 0 0 0 11 0 15 0 11 11 0 11 0 0 0 11 11 0 11 
11 0 11 0 0 0 0 0 0 0 0 0 0 0 0 0 11 0 0 0 0 11 11 0 0 0 11 0 0 0 0 11 0 0 0 0 0 11 0 0 11 
11 11 0 0 0 0 11 11 0 0 0 0 0 11 0 0 11 0 0 0 0 0 0 11 0 11 0 0 0 0 0 0 0 0 0 0 0 0 0 0 11 
11 0 0 0 0 0 0 0 0 0 11 11 0 11 11 0 0 0 0 0 0 0 0 0 0 0 0 0 0 0 0 0 0 0 11 0 0 0 0 11 11 
11 0 0 0 0 0 0 0 0 0 0 0 11 0 0 0 0 11 0 0 0 0 0 0 0 0 0 0 11 0 0 0 0 11 0 0 11 0 0 0 11 
11 0 0 11 0 0 0 0 0 11 0 0 11 0 11 0 0 0 0 0 0 0 0 0 0 11 0 0 0 0 11 0 0 0 0 15 11 0 11 0 11 
11 0 0 0 0 0 0 0 0 11 0 0 11 0 0 0 0 11 0 0 0 0 11 0 0 11 0 0 0 11 0 0 0 0 0 0 0 0 0 11 11 
11 0 0 0 0 13 0 11 0 0 0 0 0 0 0 0 0 11 0 0 0 0 0 0 11 0 0 0 11 0 0 0 0 0 0 0 11 0 0 0 11 
11 0 0 0 0 0 0 15 11 0 0 0 0 0 0 0 0 0 0 0 0 0 0 11 11 0 0 0 0 0 0 0 11 0 0 0 0 0 0 0 11 
11 0 0 0 11 0 0 11 11 11 0 11 0 0 0 0 0 0 0 0 0 11 11 0 0 0 0 11 11 0 0 0 11 0 0 0 11 0 0 0 11 
11 0 0 0 11 11 11 0 0 0 0 0 0 11 0 0 0 0 11 11 0 11 0 0 0 0 0 0 0 11 11 11 0 0 0 0 0 0 0 0 11 
11 0 0 0 0 0 0 0 0 0 11 0 0 0 0 0 0 0 0 0 0 11 11 0 0 0 11 0 0 0 0 0 11 0 0 0 0 0 0 0 11 
11 0 0 0 0 0 0 0 11 0 0 0 11 0 0 0 0 11 0 0 0 0 0 0 0 11 0 0 0 0 0 0 0 0 0 0 0 0 0 0 11 
11 0 0 0 0 0 0 0 0 0 0 0 0 0 11 0 0 0 0 0 0 0 0 0 0 0 0 0 0 0 0 0 0 0 0 0 0 0 0 0 11 
11 0 0 0 0 0 0 11 0 0 0 0 0 0 0 11 0 0 11 0 0 0 0 0 0 0 0 11 11 0 0 11 0 11 0 11 0 0 11 0 11 
11 11 11 0 0 0 0 0 0 0 0 0 11 0 0 0 11 0 0 0 0 0 0 0 0 0 0 0 0 11 0 0 0 11 0 0 0 0 0 0 11 
11 0 0 11 0 0 0 0 0 11 0 0 0 0 0 0 0 0 11 0 0 0 0 0 11 11 0 0 0 0 0 11 0 11 0 0 0 0 0 0 11 
11 0 0 0 0 11 0 0 0 0 0 0 11 0 0 0 0 0 11 0 0 11 0 0 0 0 0 0 0 0 0 0 0 0 11 11 0 11 0 11 11 
11 0 0 0 0 0 0 0 0 0 15 0 11 0 0 0 0 0 0 0 0 11 0 11 11 0 0 11 0 0 0 0 0 11 0 0 11 11 0 11 11 
11 11 0 0 11 0 0 11 11 11 0 0 0 11 0 0 11 0 11 0 0 0 0 0 0 0 0 0 0 0 11 0 0 11 0 11 0 0 0 0 11 
11 0 0 0 0 11 11 0 0 0 0 0 11 0 11 0 0 11 15 0 11 11 11 0 15 0 0 0 0 11 11 11 11 0 0 0 0 0 0 0 11 
11 0 0 0 0 11 0 0 0 0 11 11 0 0 0 0 0 0 11 0 0 0 0 0 0 0 0 0 0 0 0 0 0 0 11 0 0 0 0 0 11 
11 0 11 0 11 0 0 0 0 0 0 11 0 11 0 0 0 0 0 0 0 11 0 0 11 0 0 11 0 11 0 0 0 0 0 0 0 0 0 0 11 
11 0 0 0 0 0 0 0 11 0 0 0 0 0 0 0 0 0 0 0 0 0 11 0 0 0 0 0 0 0 0 0 0 0 0 11 0 11 0 11 11 
11 0 0 0 11 0 0 0 0 0 0 11 0 11 0 0 0 0 0 0 0 0 11 0 0 0 0 0 0 0 11 0 0 11 0 0 0 0 0 0 11 
11 11 11 11 11 11 11 11 11 11 11 11 11 11 11 11 11 11 11 11 11 11 11 11 11 11 11 11 11 11 11 11 11 11 11 11 11 11 11 11 11 

16932
11 11 11 11 11 11 11 11 11 11 11 11 11 11 11 11 11 11 11 11 11 11 11 11 11 11 11 11 11 11 11 11 11 11 11 11 11 11 11 11 11 
11 11 0 0 0 0 0 0 0 11 0 0 0 0 0 0 0 0 0 11 0 0 11 0 0 0 0 0 0 0 0 0 0 0 0 0 0 11 0 11 11 
11 0 0 0 11 0 0 0 0 11 0 0 11 0 11 0 0 0 11 0 0 0 0 11 11 0 0 0 0 0 11 0 0 0 0 11 0 0 0 11 11 
11 11 0 0 11 0 0 11 0 11 11 0 0 0 0 0 0 0 0 0 0 11 0 0 0 11 0 11 0 0 11 11 0 0 0 0 0 0 0 11 11 
11 11 0 11 0 0 0 0 0 0 0 0 0 11 0 0 0 0 0 0 0 0 0 0 11 0 0 0 11 11 0 0 11 0 0 11 0 0 11 0 11 
11 0 0 0 0 0 0 0 0 0 0 0 0 0 11 0 0 0 0 0 11 0 0 0 0 0 0 11 0 0 0 11 0 0 11 0 0 11 0 0 11 
11 0 0 0 11 11 0 0 0 0 0 0 11 11 0 0 0 0 0 11 0 11 0 0 0 0 0 0 0 11 0 11 0 0 0 11 0 0 0 0 11 
11 0 0 0 0 0 0 11 0 0 0 0 0 0 11 0 11 0 11 0 0 0 0 11 0 14 11 0 11 0 11 0 0 0 0 0 0 0 11 11 11 
11 0 0 11 0 0 0 0 0 0 0 0 0 0 11 0 0 11 0 11 0 0 11 0 0 0 0 11 0 0 0 0 0 0 11 0 0 0 11 0 11 
11 0 0 0 0 0 0 0 11 11 0 0 0 11 0 0 0 11 0 0 0 0 0 11 0 11 0 11 0 0 0 0 0 11 11 0 0 0 0 0 11 
11 11 0 0 0 11 0 0 0 0 0 11 0 0 0 0 0 0 0 0 0 11 0 0 0 0 0 11 0 0 0 0 0 0 0 0 0 0 0 0 11 
11 0 11 11 0 0 0 0 0 0 0 0 0 0 0 0 0 0 0 0 0 0 0 0 0 0 11 15 0 0 11 11 0 11 0 0 0 11 11 0 11 
11 0 11 0 0 0 0 0 0 0 0 0 0 0 0 0 11 0 0 0 0 11 11 0 0 0 11 0 0 0 0 11 0 0 15 0 0 11 0 0 11 
11 11 0 0 0 0 11 11 0 0 0 0 0 11 0 0 11 0 0 0 0 0 0 11 0 11 0 0 0 0 0 0 0 0 0 0 0 0 0 0 11 
11 0 0 0 0 0 0 0 0 0 11 11 0 11 11 0 0 0 0 0 0 0 0 0 0 0 0 0 0 0 0 0 0 0 11 0 0 0 0 11 11 
11 0 0 0 0 0 0 0 0 0 0 0 11 0 0 0 0 11 0 0 0 0 0 0 0 0 0 0 11 0 0 0 0 11 0 0 11 0 0 0 11 
11 0 0 11 0 0 0 0 0 11 0 0 11 0 11 0 0 0 0 0 0 0 0 0 0 11 0 0 0 0 11 0 0 0 0 15 11 0 11 0 11 
11 0 0 0 0 0 0 0 0 11 0 0 11 0 0 0 0 11 0 0 0 0 11 0 0 11 0 0 0 11 0 0 0 0 0 0 0 0 0 11 11 
11 0 0 0 0 0 0 11 0 0 0 0 0 0 0 0 0 11 0 0 0 0 0 0 11 0 0 0 11 0 0 0 0 0 0 0 11 0 0 0 11 
11 0 0 0 0 0 0 15 11 0 0 0 0 0 0 0 0 0 0 0 0 0 0 11 11 0 0 0 0 0 0 0 11 0 0 0 0 0 0 0 11 
11 0 15 0 11 0 0 11 11 11 0 11 0 0 0 0 0 0 0 0 0 11 11 0 0 0 0 11 11 0 0 0 11 0 0 0 11 0 0 0 11 
11 0 0 0 11 11 11 0 0 0 0 0 0 11 0 0 0 0 11 11 0 11 0 0 0 0 0 0 0 11 11 11 0 0 0 0 0 0 0 0 11 
11 0 0 0 0 0 0 0 0 0 11 0 0 0 0 0 0 0 0 0 0 11 11 0 0 0 11 0 0 0 0 0 11 0 0 0 0 0 0 0 11 
11 0 0 0 0 0 0 0 11 0 0 0 11 0 0 0 0 11 0 0 0 0 0 0 0 11 0 0 0 0 0 0 0 0 0 0 0 0 0 0 11 
11 0 0 0 0 0 0 0 0 0 0 0 0 0 11 0 0 0 0 0 0 0 0 0 0 0 0 0 0 0 0 0 0 0 0 0 0 0 0 0 11 
11 0 0 0 0 0 0 0 0 0 0 0 0 0 0 11 0 0 11 0 0 0 0 0 0 0 0 11 11 0 0 11 0 11 0 11 0 0 11 0 11 
11 11 11 0 0 0 0 0 0 0 0 0 11 0 0 0 11 0 0 0 0 0 0 0 0 0 0 0 0 11 0 0 0 11 0 0 0 0 0 0 11 
11 0 0 11 0 15 0 0 0 11 0 0 0 0 0 0 0 0 11 0 0 0 0 0 11 11 0 0 0 0 0 11 0 11 0 0 0 0 0 0 11 
11 0 0 0 0 11 0 0 0 0 0 0 11 0 0 0 0 0 11 0 0 11 15 0 0 0 0 0 0 0 0 0 0 0 11 11 0 11 0 11 11 
11 0 0 0 0 0 0 0 0 15 0 0 11 0 0 0 0 0 0 0 0 11 0 11 11 0 0 11 0 0 0 0 0 11 0 0 11 11 0 11 11 
11 11 0 0 11 0 0 11 11 11 0 0 0 11 0 0 11 0 11 0 0 0 0 0 0 0 0 0 0 0 11 0 0 11 0 11 0 0 0 0 11 
11 0 0 0 0 11 11 0 0 0 0 0 11 0 11 0 0 11 0 0 11 11 11 0 0 14 0 0 0 11 11 11 11 0 0 0 0 0 0 0 11 
11 0 0 0 0 11 0 0 0 0 11 11 0 0 0 0 0 0 11 0 0 0 0 0 0 0 0 0 0 0 0 0 0 0 11 0 0 0 0 0 11 
11 0 11 0 11 0 0 0 0 0 0 11 0 11 0 0 0 0 0 0 0 11 0 0 11 0 0 11 0 11 0 0 0 0 0 0 0 0 0 0 11 
11 0 0 0 0 0 0 0 11 0 0 0 0 0 0 0 0 0 0 0 0 0 11 0 0 0 0 0 0 0 0 0 0 0 0 11 0 11 0 11 11 
11 0 0 0 11 0 0 0 0 0 0 11 0 11 0 0 0 0 0 0 0 0 11 0 0 0 0 0 0 0 11 0 0 11 0 0 0 0 0 0 11 
11 11 11 11 11 11 11 11 11 11 11 11 11 11 11 11 11 11 11 11 11 11 11 11 11 11 11 11 11 11 11 11 11 11 11 11 11 11 11 11 11 

16932
11 11 11 11 11 11 11 11 11 11 11 11 11 11 11 11 11 11 11 11 11 11 11 11 11 11 11 11 11 11 11 11 11 11 11 11 11 11 11 11 11 
11 11 0 0 0 0 0 0 0 11 0 0 0 0 0 0 0 0 0 11 0 0 11 0 0 0 0 0 0 0 0 0 0 0 0 0 0 11 0 11 11 
11 0 0 0 11 0 0 0 0 11 0 0 11 0 11 0 0 0 11 0 0 0 0 11 11 0 0 0 0 0 11 0 0 0 0 11 0 0 0 11 11 
11 11 0 0 11 0 0 11 0 11 11 0 0 0 0 0 0 0 0 0 0 11 0 0 0 11 0 11 0 0 11 11 0 0 0 0 0 0 0 11 11 
11 11 0 11 0 0 0 0 0 0 0 0 0 11 0 0 0 0 0 0 0 0 0 0 11 0 0 0 11 11 0 0 11 0 0 11 0 0 11 0 11 
11 0 0 0 0 0 0 0 0 0 0 0 0 0 11 0 0 0 0 0 11 0 0 0 0 11 0 11 0 0 0 11 0 0 11 0 0 11 0 0 11 
11 0 0 0 11 11 0 0 0 0 0 0 11 11 0 0 0 0 0 11 0 11 0 0 0 0 0 0 0 11 0 11 0 0 0 11 0 0 0 0 11 
11 0 0 0 0 0 0 11 0 0 0 0 0 0 11 0 11 0 11 0 0 0 0 11 0 0 0 0 11 0 11 0 0 0 0 0 0 0 11 11 11 
11 0 0 11 0 0 0 0 0 0 0 0 0 0 11 0 0 11 0 11 0 0 11 0 0 0 0 11 0 0 0 0 0 15 11 0 0 0 11 0 11 
11 0 0 0 0 0 0 0 11 11 0 0 0 11 0 0 0 11 0 0 0 0 0 11 0 11 0 11 0 0 0 0 0 11 11 0 0 0 0 0 11 
11 11 0 0 0 11 0 0 0 0 0 11 0 0 0 0 0 0 0 0 0 11 0 0 0 0 0 11 0 0 15 0 0 0 0 0 0 0 0 0 11 
11 0 11 11 0 0 0 0 0 0 0 0 0 0 0 0 0 0 0 0 0 0 0 0 0 0 11 0 15 0 11 11 0 11 0 0 0 11 11 0 11 
11 0 11 0 0 0 0 0 0 0 0 0 0 0 0 0 11 0 0 0 0 11 11 0 0 0 11 0 0 0 0 11 0 0 0 0 0 11 0 0 11 
11 11 0 0 0 0 11 11 0 0 0 0 0 11 0 0 11 0 0 0 0 0 0 11 0 11 0 0 0 0 0 0 0 0 0 0 0 0 0 0 11 
11 0 0 0 0 0 0 0 0 0 11 11 0 11 11 0 0 0 0 0 0 0 0 0 0 0 0 0 0 0 0 0 0 0 11 0 0 0 0 11 11 
11 0 0 0 0 0 0 0 0 0 0 0 11 0 0 0 0 11 0 0 0 0 0 0 0 0 0 0 11 0 0 0 0 11 0 0 11 0 0 0 11 
11 0 0 11 0 0 0 0 0 11 0 0 11 0 11 0 0 0 0 0 0 0 0 0 0 11 0 0 0 0 11 0 0 0 0 15 11 0 11 0 11 
11 0 0 0 0 0 0 0 0 11 0 0 11 0 0 0 0 11 0 0 0 0 11 0 0 11 0 0 0 11 0 0 0 0 0 0 0 0 0 11 11 
11 0 0 0 0 13 0 11 0 0 0 0 0 0 0 0 0 11 0 0 0 0 0 0 11 0 0 0 11 0 0 0 0 0 0 0 11 0 0 0 11 
11 0 0 0 0 0 0 15 11 0 0 0 0 0 0 0 0 0 0 0 0 0 0 11 11 0 0 0 0 0 0 0 11 0 0 0 0 0 0 0 11 
11 0 0 0 11 0 0 11 11 11 0 11 0 0 0 0 0 0 0 0 0 11 11 0 0 0 0 11 11 0 0 0 11 0 0 0 11 0 0 0 11 
11 0 0 0 11 11 11 0 0 0 0 0 0 11 0 0 0 0 11 11 0 11 0 0 0 0 0 0 0 11 11 11 0 0 0 0 0 0 0 0 11 
11 0 0 0 0 0 0 0 0 0 11 0 0 0 0 0 0 0 0 0 0 11 11 0 0 0 11 0 0 0 0 0 11 0 0 0 0 0 0 0 11 
11 0 0 0 0 0 0 0 11 0 0 0 11 0 0 0 0 11 0 0 0 0 0 0 0 11 0 0 0 0 0 0 0 0 0 0 0 0 0 0 11 
11 0 0 0 0 0 0 0 0 0 0 0 0 0 11 0 0 0 0 0 0 0 0 0 0 0 0 0 0 0 0 0 0 0 0 0 0 0 0 0 11 
11 0 0 0 0 0 0 11 0 0 0 0 0 0 0 11 0 0 11 0 0 0 0 0 0 0 0 11 11 0 0 11 0 11 0 11 0 0 11 0 11 
11 11 11 0 0 0 0 0 0 0 0 0 11 0 0 0 11 0 0 0 0 0 0 0 0 0 0 0 0 11 0 0 0 11 0 0 0 0 0 0 11 
11 0 0 11 0 0 0 0 0 11 0 0 0 0 0 0 0 0 11 0 0 0 0 0 11 11 0 0 0 0 0 11 0 11 0 0 0 0 0 0 11 
11 0 0 0 0 11 0 0 0 0 0 0 11 0 0 0 0 0 11 0 0 11 0 0 0 0 0 0 0 0 0 0 0 0 11 11 0 11 0 11 11 
11 0 0 0 0 0 0 0 0 0 15 0 11 0 0 0 0 0 0 0 0 11 0 11 11 0 0 11 0 0 0 0 0 11 0 0 11 11 0 11 11 
11 11 0 0 11 0 0 11 11 11 0 0 0 11 0 0 11 0 11 0 0 0 0 0 0 0 0 0 0 0 11 0 0 11 0 11 0 0 0 0 11 
11 0 0 0 0 11 11 0 0 0 0 0 11 0 11 0 0 11 15 0 11 11 11 0 15 0 0 0 0 11 11 11 11 0 0 0 0 0 0 0 11 
11 0 0 0 0 11 0 0 0 0 11 11 0 0 0 0 0 0 11 0 0 0 0 0 0 0 0 0 0 0 0 0 0 0 11 0 0 0 0 0 11 
11 0 11 0 11 0 0 0 0 0 0 11 0 11 0 0 0 0 0 0 0 11 0 0 11 0 0 11 0 11 0 0 0 0 0 0 0 0 0 0 11 
11 0 0 0 0 0 0 0 11 0 0 0 0 0 0 0 0 0 0 0 0 0 11 0 0 0 0 0 0 0 0 0 0 0 0 11 0 11 0 11 11 
11 0 0 0 11 0 0 0 0 0 0 11 0 11 0 0 0 0 0 0 0 0 11 0 0 0 0 0 0 0 11 0 0 11 0 0 0 0 0 0 11 
11 11 11 11 11 11 11 11 11 11 11 11 11 11 11 11 11 11 11 11 11 11 11 11 11 11 11 11 11 11 11 11 11 11 11 11 11 11 11 11 11 

16984
11 11 11 11 11 11 11 11 11 11 11 11 11 11 11 11 11 11 11 11 11 11 11 11 11 11 11 11 11 11 11 11 11 11 11 11 11 11 11 11 11 
11 11 0 0 0 0 0 0 0 11 0 0 0 0 0 0 0 0 0 11 0 0 11 0 0 0 0 0 0 0 0 0 0 0 0 0 0 11 0 11 11 
11 0 0 0 11 0 0 0 11 11 0 0 0 0 11 0 0 0 11 0 0 0 0 11 11 0 0 0 0 0 11 0 0 0 0 11 0 0 0 11 11 
11 11 0 0 11 0 0 0 0 11 11 0 0 0 0 0 0 0 0 0 0 11 0 0 0 11 0 11 0 0 11 11 0 0 0 0 0 0 0 11 11 
11 11 0 11 0 0 0 0 0 0 0 0 0 11 0 0 0 0 0 0 0 0 0 0 11 0 0 0 11 11 0 0 11 0 0 0 0 0 11 0 11 
11 0 0 0 0 0 0 0 0 0 0 0 0 0 11 0 0 0 0 0 11 0 0 0 0 11 0 11 0 0 0 11 0 0 11 0 0 11 0 0 11 
11 0 0 0 11 11 0 0 0 0 0 0 11 11 0 0 0 0 0 11 0 11 0 0 0 0 0 0 0 11 0 11 0 0 0 11 0 11 0 0 11 
11 0 0 0 0 0 0 11 0 0 0 0 0 0 11 0 0 0 0 0 0 0 0 0 0 0 0 0 11 0 11 0 0 0 0 0 0 0 11 11 11 
11 0 0 11 0 0 0 0 0 0 0 0 0 0 11 0 0 11 0 11 0 0 11 0 0 0 0 11 0 0 0 0 0 15 11 0 0 0 11 0 11 
11 0 0 0 0 0 0 0 11 11 0 0 0 11 0 0 0 11 0 0 0 0 0 11 0 11 0 11 0 0 0 0 0 11 11 0 0 0 0 0 11 
11 11 0 0 0 11 0 0 0 0 0 11 0 0 0 0 0 0 0 0 0 11 11 0 14 0 0 11 0 0 0 0 0 0 0 0 0 0 0 0 11 
11 0 11 11 0 0 0 0 0 0 0 0 0 0 0 0 0 0 0 0 0 0 0 0 15 11 11 0 0 0 0 11 0 11 0 0 0 11 11 0 11 
11 0 11 0 0 0 0 0 0 0 0 0 0 0 0 0 11 0 0 0 0 11 0 0 0 0 11 0 0 0 0 11 0 11 0 0 0 11 0 0 11 
11 11 0 0 0 0 11 11 0 0 0 11 0 0 0 0 11 11 0 0 0 0 0 11 0 11 0 0 0 0 0 0 0 0 0 0 0 0 0 0 11 
11 0 0 0 0 0 0 0 0 0 11 11 0 11 11 0 0 0 0 0 0 0 0 0 0 0 0 0 0 0 0 0 0 0 11 0 0 0 0 11 11 
11 0 0 0 0 0 0 0 0 0 0 0 11 0 0 0 11 11 0 0 0 0 0 0 0 0 0 0 11 0 0 0 0 11 15 0 11 0 0 0 11 
11 0 0 11 0 0 0 0 0 11 0 0 11 0 11 0 0 0 0 0 0 0 0 0 0 11 0 0 0 0 11 0 0 0 0 0 11 0 11 0 11 
11 0 0 0 0 0 0 0 0 11 0 0 11 0 0 0 0 11 0 0 0 0 11 0 0 11 0 0 0 0 0 0 0 0 0 0 0 0 0 11 11 
11 0 0 0 0 0 0 11 0 0 0 0 0 0 0 0 0 11 0 0 0 0 0 0 11 0 0 0 11 0 0 0 0 0 0 0 11 0 0 0 11 
11 0 0 0 0 0 0 0 11 0 0 0 0 0 0 0 0 0 0 0 0 0 0 11 11 0 0 0 0 0 0 0 11 0 0 0 0 0 0 0 11 
11 0 0 0 11 15 0 11 11 11 0 11 0 0 0 0 0 0 0 0 0 11 11 0 0 11 0 11 11 0 0 0 11 0 0 0 11 0 0 0 11 
11 0 0 15 11 11 11 0 0 0 0 0 0 11 0 0 0 0 11 11 0 11 0 0 0 0 0 0 0 11 11 11 0 0 0 0 0 0 0 0 11 
11 11 0 0 0 0 0 0 0 0 11 0 0 0 0 0 0 0 0 0 0 11 11 0 0 0 11 0 0 0 0 0 11 0 0 0 0 0 0 0 11 
11 0 0 0 0 0 0 0 11 0 0 0 11 0 0 0 0 11 11 0 0 0 0 0 0 11 0 0 0 0 0 0 0 0 0 0 0 0 0 0 11 
11 0 0 0 0 0 0 0 0 0 0 0 0 0 11 0 0 0 0 0 0 0 0 0 0 0 0 0 0 0 0 0 0 0 0 0 0 0 0 0 11 
11 0 0 0 0 0 0 0 0 0 0 0 0 0 0 11 0 0 0 0 0 0 0 0 0 0 0 11 11 0 0 11 0 11 0 11 0 0 11 0 11 
11 11 11 0 0 0 0 0 0 0 0 0 11 0 0 0 11 0 0 0 0 0 0 0 0 0 0 0 0 11 0 0 0 11 0 0 0 0 0 0 11 
11 0 0 11 0 0 0 0 0 11 0 0 0 0 0 0 0 0 11 0 0 0 0 0 11 11 0 0 0 0 0 11 0 11 0 0 0 0 0 0 11 
11 0 0 0 0 11 0 15 0 0 0 0 11 0 0 0 0 0 11 0 0 0 0 0 0 0 0 0 0 0 0 0 0 0 11 11 0 11 0 11 11 
11 0 0 0 0 0 0 0 0 0 0 0 11 0 0 0 0 0 0 15 0 11 0 11 11 0 0 11 0 11 0 0 0 11 0 0 11 0 0 11 11 
11 11 0 0 11 0 0 11 11 11 0 0 0 11 0 0 11 0 11 0 0 0 15 0 0 0 0 0 0 0 11 0 0 11 0 11 0 0 0 0 11 
11 0 0 0 0 0 11 0 0 0 0 0 11 0 11 0 0 11 0 11 11 11 11 0 0 0 0 0 0 11 11 11 11 0 0 0 0 0 0 0 11 
11 0 0 0 0 11 0 0 0 0 11 11 0 0 0 0 0 0 11 0 0 0 0 0 0 0 0 0 0 0 0 0 0 0 11 0 0 0 0 0 11 
11 0 11 0 11 0 0 0 0 0 0 11 0 11 0 0 0 0 0 0 0 11 0 0 11 0 0 11 0 11 0 0 0 0 0 0 0 0 0 0 11 
11 0 0 0 0 0 11 0 11 0 0 0 0 0 0 0 0 0 0 0 0 0 11 0 0 0 0 0 0 0 0 0 0 0 0 11 0 11 0 11 11 
11 0 0 0 11 0 0 0 0 0 0 11 0 11 0 0 0 0 0 0 0 0 11 0 0 0 0 0 0 0 11 0 0 11 0 0 0 0 0 0 11 
11 11 11 11 11 11 11 11 11 11 11 11 11 11 11 11 11 11 11 11 11 11 11 11 11 11 11 11 11 11 11 11 11 11 11 11 11 11 11 11 11 

16984
11 11 11 11 11 11 11 11 11 11 11 11 11 11 11 11 11 11 11 11 11 11 11 11 11 11 11 11 11 11 11 11 11 11 11 11 11 11 11 11 11 
11 11 0 0 0 0 0 0 0 11 0 0 0 0 0 0 0 0 0 11 0 0 11 0 0 0 0 0 0 0 0 0 0 0 0 0 0 11 0 11 11 
11 0 0 0 11 0 0 0 11 11 0 0 0 0 11 0 0 0 11 0 0 0 0 11 11 0 0 0 0 0 11 0 0 0 0 11 0 0 0 11 11 
11 11 0 0 11 0 0 0 0 11 11 0 0 0 0 0 0 0 0 0 0 11 0 0 0 11 0 11 0 0 11 11 0 0 0 0 0 0 0 11 11 
11 11 0 11 0 0 0 0 0 0 0 0 0 11 0 0 0 0 0 0 0 0 0 0 11 0 0 0 11 11 0 0 11 0 0 0 0 0 11 0 11 
11 0 0 0 0 0 0 0 0 0 0 0 0 0 11 0 0 0 0 0 11 0 0 0 0 11 0 11 0 0 0 11 0 0 11 0 0 11 0 0 11 
11 0 0 0 11 11 0 0 0 0 0 0 11 11 0 0 0 0 0 11 0 11 0 0 0 0 0 0 0 11 0 11 0 0 0 11 0 11 0 0 11 
11 0 0 0 0 0 0 11 0 0 0 0 0 0 11 0 0 0 0 0 0 0 0 0 0 0 0 0 11 0 11 0 0 0 0 0 0 0 11 11 11 
11 0 0 11 0 0 0 0 0 0 0 0 0 0 11 0 0 11 0 11 0 0 11 0 0 0 0 11 0 0 0 0 0 15 11 0 0 0 11 0 11 
11 0 0 0 0 0 0 0 11 11 0 0 0 11 0 0 0 11 0 0 0 0 0 11 0 11 0 11 0 0 0 0 0 11 11 0 0 0 0 0 11 
11 11 0 0 0 11 0 0 0 0 0 11 0 0 0 0 0 0 0 0 0 11 11 0 14 0 0 11 0 0 0 0 0 0 0 0 0 0 0 0 11 
11 0 11 11 0 0 0 0 0 0 0 0 0 0 0 0 0 0 0 0 0 0 0 0 15 11 11 0 0 0 0 11 0 11 0 0 0 11 11 0 11 
11 0 11 0 0 0 0 0 0 0 0 0 0 0 0 0 11 0 0 0 0 11 0 0 0 0 11 0 0 0 0 11 0 11 0 0 0 11 0 0 11 
11 11 0 0 0 0 11 11 0 0 0 11 0 0 0 0 11 11 0 0 0 0 0 11 0 11 0 0 0 0 0 0 0 0 0 0 0 0 0 0 11 
11 0 0 0 0 0 0 0 0 0 11 11 0 11 11 0 0 0 0 0 0 0 0 0 0 0 0 0 0 0 0 0 0 0 11 0 0 0 0 11 11 
11 0 0 0 0 0 0 0 0 0 0 0 11 0 0 0 11 11 0 0 0 0 0 0 0 0 0 0 11 0 0 0 0 11 15 0 11 0 0 0 11 
11 0 0 11 0 0 0 0 0 11 0 0 11 0 11 0 0 0 0 0 0 0 0 0 0 11 0 0 0 0 11 0 0 0 0 0 11 0 11 0 11 
11 0 0 0 0 0 0 0 0 11 0 0 11 0 0 0 0 11 0 0 0 0 11 0 0 11 0 0 0 0 0 0 0 0 0 0 0 0 0 11 11 
11 0 0 0 0 0 0 11 0 0 0 0 0 0 0 0 0 11 0 0 0 0 0 0 11 0 0 0 11 0 0 0 0 0 0 0 11 0 0 0 11 
11 0 0 0 0 0 0 0 11 0 0 0 0 0 0 0 0 0 0 0 0 0 0 11 11 0 0 0 0 0 0 0 11 0 0 0 0 0 0 0 11 
11 0 0 0 11 15 0 11 11 11 0 11 0 0 0 0 0 0 0 0 0 11 11 0 0 11 0 11 11 0 0 0 11 0 0 0 11 0 0 0 11 
11 0 0 15 11 11 11 0 0 0 0 0 0 11 0 0 0 0 11 11 0 11 0 0 0 0 0 0 0 11 11 11 0 0 0 0 0 0 0 0 11 
11 11 0 0 0 0 0 0 0 0 11 0 0 0 0 0 0 0 0 0 0 11 11 0 0 0 11 0 0 0 0 0 11 0 0 0 0 0 0 0 11 
11 0 0 0 0 0 0 0 11 0 0 0 11 0 0 0 0 11 11 0 0 0 0 0 0 11 0 0 0 0 0 0 0 0 0 0 0 0 0 0 11 
11 0 0 0 0 0 0 0 0 0 0 0 0 0 11 0 0 0 0 0 0 0 0 0 0 0 0 0 0 0 0 0 0 0 0 0 0 0 0 0 11 
11 0 0 0 0 0 0 0 0 0 0 0 0 0 0 11 0 0 0 0 0 0 0 0 0 0 0 11 11 0 0 11 0 11 0 11 0 0 11 0 11 
11 11 11 0 0 0 0 0 0 0 0 0 11 0 0 0 11 0 0 0 0 0 0 0 0 0 0 0 0 11 0 0 0 11 0 0 0 0 0 0 11 
11 0 0 11 0 0 0 0 0 11 0 0 0 0 0 0 0 0 11 0 0 0 0 0 11 11 0 0 0 0 0 11 0 11 0 0 0 0 0 0 11 
11 0 0 0 0 11 0 15 0 0 0 0 11 0 0 0 0 0 11 0 0 0 0 0 0 0 0 0 0 0 0 0 0 0 11 11 0 11 0 11 11 
11 0 0 0 0 0 0 0 0 0 0 0 11 0 0 0 0 0 0 15 0 11 0 11 11 0 0 11 0 11 0 0 0 11 0 0 11 0 0 11 11 
11 11 0 0 11 0 0 11 11 11 0 0 0 11 0 0 11 0 11 0 0 0 15 0 0 0 0 0 0 0 11 0 0 11 0 11 0 0 0 0 11 
11 0 0 0 0 0 11 0 0 0 0 0 11 0 11 0 0 11 0 11 11 11 11 0 0 0 0 0 0 11 11 11 11 0 0 0 0 0 0 0 11 
11 0 0 0 0 11 0 0 0 0 11 11 0 0 0 0 0 0 11 0 0 0 0 0 0 0 0 0 0 0 0 0 0 0 11 0 0 0 0 0 11 
11 0 11 0 11 0 0 0 0 0 0 11 0 11 0 0 0 0 0 0 0 11 0 0 11 0 0 11 0 11 0 0 0 0 0 0 0 0 0 0 11 
11 0 0 0 0 0 11 0 11 0 0 0 0 0 0 0 0 0 0 0 0 0 11 0 0 0 0 0 0 0 0 0 0 0 0 11 0 11 0 11 11 
11 0 0 0 11 0 0 0 0 0 0 11 0 11 0 0 0 0 0 0 0 0 11 0 0 0 0 0 0 0 11 0 0 11 0 0 0 0 0 0 11 
11 11 11 11 11 11 11 11 11 11 11 11 11 11 11 11 11 11 11 11 11 11 11 11 11 11 11 11 11 11 11 11 11 11 11 11 11 11 11 11 11 

16984
11 11 11 11 11 11 11 11 11 11 11 11 11 11 11 11 11 11 11 11 11 11 11 11 11 11 11 11 11 11 11 11 11 11 11 11 11 11 11 11 11 
11 11 0 0 0 0 0 0 0 11 0 0 0 0 0 0 0 0 0 11 0 0 11 0 0 0 0 0 0 0 0 0 0 0 0 0 0 11 0 11 11 
11 0 0 0 11 0 0 0 11 11 0 0 0 0 11 0 0 0 11 0 0 0 0 11 11 0 0 0 0 0 11 0 0 0 0 11 0 0 0 11 11 
11 11 0 0 11 0 0 0 0 11 11 0 0 0 0 0 0 0 0 0 0 11 0 0 0 11 0 11 0 0 11 11 0 0 0 0 0 0 0 11 11 
11 11 0 11 0 0 0 0 0 0 0 0 0 11 0 0 0 0 0 0 0 0 0 0 11 0 0 0 11 11 0 0 11 0 0 0 0 0 11 0 11 
11 0 0 0 0 0 0 0 0 0 0 0 0 0 11 0 0 0 0 0 11 0 0 0 0 11 0 11 0 0 0 11 0 0 11 0 0 11 0 0 11 
11 0 0 0 11 11 0 0 0 0 0 0 11 11 0 0 0 0 0 11 0 11 0 0 0 0 0 0 0 11 0 11 0 0 0 11 0 11 0 0 11 
11 0 0 0 0 0 0 11 0 0 0 0 0 0 11 0 0 0 0 0 0 0 0 0 0 0 0 0 11 0 11 0 0 0 0 0 0 0 11 11 11 
11 0 0 11 0 0 0 0 0 0 0 0 0 0 11 0 0 11 0 11 0 0 11 0 0 0 0 11 0 0 0 0 0 15 11 0 0 0 11 0 11 
11 0 0 0 0 0 0 0 11 11 0 0 0 11 0 0 0 11 0 0 0 0 0 11 0 11 0 11 0 0 0 0 0 11 11 0 0 0 0 0 11 
11 11 0 0 0 11 0 0 0 0 0 11 0 0 0 0 0 0 0 0 0 11 11 0 14 0 0 11 0 0 0 0 0 0 0 0 0 0 0 0 11 
11 0 11 11 0 0 0 0 0 0 0 0 0 0 0 0 0 0 0 0 0 0 0 0 15 11 11 0 0 0 0 11 0 11 0 0 0 11 11 0 11 
11 0 11 0 0 0 0 0 0 0 0 0 0 0 0 0 11 0 0 0 0 11 0 0 0 0 11 0 0 0 0 11 0 11 0 0 0 11 0 0 11 
11 11 0 0 0 0 11 11 0 0 0 11 0 0 0 0 11 11 0 0 0 0 0 11 0 11 0 0 0 0 0 0 0 0 0 0 0 0 0 0 11 
11 0 0 0 0 0 0 0 0 0 11 11 0 11 11 0 0 0 0 0 0 0 0 0 0 0 0 0 0 0 0 0 0 0 11 0 0 0 0 11 11 
11 0 0 0 0 0 0 0 0 0 0 0 11 0 0 0 11 11 0 0 0 0 0 0 0 0 0 0 11 0 0 0 0 11 15 0 11 0 0 0 11 
11 0 0 11 0 0 0 0 0 11 0 0 11 0 11 0 0 0 0 0 0 0 0 0 0 11 0 0 0 0 11 0 0 0 0 0 11 0 11 0 11 
11 0 0 0 0 0 0 0 0 11 0 0 11 0 0 0 0 11 0 0 0 0 11 0 0 11 0 0 0 0 0 0 0 0 0 0 0 0 0 11 11 
11 0 0 0 0 0 0 11 0 0 0 0 0 0 0 0 0 11 0 0 0 0 0 0 11 0 0 0 11 0 0 0 0 0 0 0 11 0 0 0 11 
11 0 0 0 0 0 0 0 11 0 0 0 0 0 0 0 0 0 0 0 0 0 0 11 11 0 0 0 0 0 0 0 11 0 0 0 0 0 0 0 11 
11 0 0 0 11 15 0 11 11 11 0 11 0 0 0 0 0 0 0 0 0 11 11 0 0 11 0 11 11 0 0 0 11 0 0 0 11 0 0 0 11 
11 0 0 15 11 11 11 0 0 0 0 0 0 11 0 0 0 0 11 11 0 11 0 0 0 0 0 0 0 11 11 11 0 0 0 0 0 0 0 0 11 
11 11 0 0 0 0 0 0 0 0 11 0 0 0 0 0 0 0 0 0 0 11 11 0 0 0 11 0 0 0 0 0 11 0 0 0 0 0 0 0 11 
11 0 0 0 0 0 0 0 11 0 0 0 11 0 0 0 0 11 11 0 0 0 0 0 0 11 0 0 0 0 0 0 0 0 0 0 0 0 0 0 11 
11 0 0 0 0 0 0 0 0 0 0 0 0 0 11 0 0 0 0 0 0 0 0 0 0 0 0 0 0 0 0 0 0 0 0 0 0 0 0 0 11 
11 0 0 0 0 0 0 0 0 0 0 0 0 0 0 11 0 0 0 0 0 0 0 0 0 0 0 11 11 0 0 11 0 11 0 11 0 0 11 0 11 
11 11 11 0 0 0 0 0 0 0 0 0 11 0 0 0 11 0 0 0 0 0 0 0 0 0 0 0 0 11 0 0 0 11 0 0 0 0 0 0 11 
11 0 0 11 0 0 0 0 0 11 0 0 0 0 0 0 0 0 11 0 0 0 0 0 11 11 0 0 0 0 0 11 0 11 0 0 0 0 0 0 11 
11 0 0 0 0 11 0 15 0 0 0 0 11 0 0 0 0 0 11 0 0 0 0 0 0 0 0 0 0 0 0 0 0 0 11 11 0 11 0 11 11 
11 0 0 0 0 0 0 0 0 0 0 0 11 0 0 0 0 0 0 15 0 11 0 11 11 0 0 11 0 11 0 0 0 11 0 0 11 0 0 11 11 
11 11 0 0 11 0 0 11 11 11 0 0 0 11 0 0 11 0 11 0 0 0 15 0 0 0 0 0 0 0 11 0 0 11 0 11 0 0 0 0 11 
11 0 0 0 0 0 11 0 0 0 0 0 11 0 11 0 0 11 0 11 11 11 11 0 0 0 0 0 0 11 11 11 11 0 0 0 0 0 0 0 11 
11 0 0 0 0 11 0 0 0 0 11 11 0 0 0 0 0 0 11 0 0 0 0 0 0 0 0 0 0 0 0 0 0 0 11 0 0 0 0 0 11 
11 0 11 0 11 0 0 0 0 0 0 11 0 11 0 0 0 0 0 0 0 11 0 0 11 0 0 11 0 11 0 0 0 0 0 0 0 0 0 0 11 
11 0 0 0 0 0 11 0 11 0 0 0 0 0 0 0 0 0 0 0 0 0 11 0 0 0 0 0 0 0 0 0 0 0 0 11 0 11 0 11 11 
11 0 0 0 11 0 0 0 0 0 0 11 0 11 0 0 0 0 0 0 0 0 11 0 0 0 0 0 0 0 11 0 0 11 0 0 0 0 0 0 11 
11 11 11 11 11 11 11 11 11 11 11 11 11 11 11 11 11 11 11 11 11 11 11 11 11 11 11 11 11 11 11 11 11 11 11 11 11 11 11 11 11 

16967
11 11 11 11 11 11 11 11 11 11 11 11 11 11 11 11 11 11 11 11 11 11 11 11 11 11 11 11 11 11 11 11 11 11 11 11 11 11 11 11 11 
11 11 0 0 0 0 0 0 0 11 0 0 0 0 0 0 0 0 0 11 0 0 11 0 0 0 0 0 0 0 0 0 0 0 0 0 0 11 0 11 11 
11 0 0 0 11 0 0 0 11 11 0 0 0 0 11 0 0 0 11 0 0 0 0 11 11 0 0 0 0 0 11 0 0 0 0 11 0 0 0 11 11 
11 11 0 0 11 0 0 0 0 11 11 0 0 0 0 0 0 0 0 0 0 11 0 0 0 11 0 11 0 0 11 11 0 0 0 0 0 0 0 11 11 
11 11 0 11 0 0 0 0 0 0 0 0 0 11 0 0 0 0 0 0 0 0 0 0 11 0 0 0 11 11 0 0 11 0 0 0 0 0 11 0 11 
11 0 0 0 0 0 0 0 0 0 0 0 0 0 11 0 0 0 0 0 11 0 0 0 0 11 0 11 0 0 0 11 0 0 11 0 0 11 0 0 11 
11 0 0 0 11 11 0 0 0 0 0 0 11 11 0 0 0 0 0 11 0 11 0 0 0 0 0 0 0 11 0 11 0 0 0 11 0 11 0 0 11 
11 0 0 0 0 0 0 11 0 0 0 0 0 0 11 0 0 0 0 0 0 0 0 0 0 0 0 0 11 0 11 0 0 0 0 0 0 0 11 11 11 
11 0 0 11 0 0 0 0 0 0 0 0 0 0 11 0 0 11 0 11 0 0 11 0 0 0 0 11 15 0 0 0 0 0 11 0 0 0 11 0 11 
11 0 0 0 0 0 0 0 11 11 0 0 0 11 0 0 0 11 0 0 0 0 0 11 0 11 0 11 0 0 0 15 0 11 11 0 0 0 0 14 11 
11 11 0 0 0 11 0 0 0 0 0 11 0 0 0 0 0 0 0 0 0 11 11 0 0 0 0 11 0 0 0 0 0 0 0 0 0 0 0 0 11 
11 0 11 11 0 0 0 0 0 0 0 0 0 0 0 0 0 0 0 0 0 0 0 0 0 11 11 0 0 0 0 11 0 11 0 0 0 11 11 0 11 
11 0 11 0 0 0 0 0 0 0 0 0 0 0 0 0 11 0 0 0 0 11 0 0 0 0 11 0 0 0 0 11 0 11 0 0 0 11 0 0 11 
11 11 0 0 0 0 11 11 0 0 0 11 0 0 0 0 11 11 0 0 0 0 0 11 0 11 0 0 0 0 0 0 0 0 0 0 0 0 0 0 11 
11 0 0 0 0 0 0 0 0 0 11 11 0 11 11 0 0 0 0 0 0 0 0 0 0 0 0 0 0 0 0 0 0 0 11 14 0 0 0 11 11 
11 0 0 0 0 0 0 0 0 0 0 0 11 0 0 0 11 11 0 0 0 0 0 0 0 0 0 0 11 0 0 0 12 11 0 0 11 0 0 0 11 
11 0 0 11 0 0 0 0 0 11 0 0 11 0 11 0 0 0 0 0 0 0 0 0 0 11 0 0 0 0 11 0 0 0 12 0 11 0 11 0 11 
11 0 0 0 0 0 0 0 0 11 0 0 11 0 0 0 0 11 0 0 0 0 11 0 0 11 0 0 0 0 0 0 0 0 0 0 0 0 0 11 11 
11 0 0 0 0 0 15 11 0 0 0 0 0 0 0 0 0 11 0 0 0 0 0 0 11 0 0 0 11 0 0 0 0 0 0 0 11 0 0 0 11 
11 0 0 0 15 0 0 0 11 0 0 0 0 0 0 0 0 0 0 0 0 0 0 11 11 0 0 0 0 0 0 0 11 0 0 0 0 0 0 0 11 
11 0 0 0 11 0 0 11 11 11 0 11 0 0 0 0 0 0 0 0 0 11 11 0 0 11 0 11 11 0 0 0 11 0 0 0 11 0 0 0 11 
11 0 0 0 11 11 11 0 0 0 0 0 0 11 0 0 0 0 11 11 0 11 0 0 0 0 0 0 0 11 11 11 0 0 0 0 0 0 0 0 11 
11 11 0 0 0 0 0 0 0 0 11 0 0 0 0 0 0 0 0 0 0 11 11 0 0 0 11 0 0 0 0 0 11 0 0 0 0 0 0 0 11 
11 0 0 0 0 0 0 0 11 0 0 0 11 0 0 0 0 11 11 0 0 0 0 0 0 11 0 0 0 0 0 0 0 0 0 0 0 0 0 0 11 
11 0 0 0 0 0 0 0 0 0 0 0 0 0 11 0 0 0 0 0 0 0 0 0 0 0 0 0 0 0 0 0 0 0 0 0 0 0 0 0 11 
11 0 0 0 0 0 0 0 0 0 0 0 0 0 0 11 0 0 0 0 0 0 0 0 0 0 0 11 11 0 0 11 0 11 0 11 0 0 11 0 11 
11 11 11 0 0 0 0 0 0 0 0 0 11 0 0 0 11 0 0 0 0 0 0 0 0 0 0 0 0 11 0 0 0 11 0 0 0 0 0 0 11 
11 0 0 11 0 0 0 0 0 11 0 0 0 0 0 0 0 0 11 0 0 0 0 0 11 11 0 0 0 0 0 11 0 11 0 0 0 0 0 0 11 
11 0 0 0 0 11 0 0 15 0 0 0 11 0 0 0 0 0 11 15 0 0 0 0 0 0 0 0 0 0 0 0 0 0 11 11 0 11 0 11 11 
11 0 0 0 0 0 0 0 0 0 0 0 11 0 0 0 0 0 0 15 0 11 0 11 11 0 0 11 0 11 0 0 0 11 0 0 11 0 0 11 11 
11 11 0 0 11 0 0 11 11 11 0 0 0 11 0 0 11 0 11 0 0 0 0 0 0 0 0 0 0 0 11 0 0 11 0 11 0 0 0 0 11 
11 0 0 0 0 0 11 0 0 0 0 0 11 0 11 0 0 11 0 11 11 11 11 0 0 0 0 0 0 11 11 11 11 0 0 0 0 0 0 0 11 
11 0 0 0 0 11 0 0 0 0 11 11 0 0 0 0 0 0 11 0 0 0 0 0 0 0 0 0 0 0 0 0 0 0 11 0 0 0 0 0 11 
11 0 11 0 11 0 0 0 0 0 0 11 0 11 0 0 0 0 0 0 0 11 0 0 11 0 0 11 0 11 0 0 0 0 0 0 0 0 0 0 11 
11 0 0 0 0 0 11 0 11 0 0 0 0 0 0 0 0 0 0 0 0 0 11 0 0 0 0 0 0 0 0 0 0 0 0 11 0 11 0 11 11 
11 0 0 0 11 0 0 0 0 0 0 11 0 11 0 0 0 0 0 0 0 0 11 0 0 0 0 0 0 0 11 0 0 11 0 0 0 0 0 0 11 
11 11 11 11 11 11 11 11 11 11 11 11 11 11 11 11 11 11 11 11 11 11 11 11 11 11 11 11 11 11 11 11 11 11 11 11 11 11 11 11 11 

16964
11 11 11 11 11 11 11 11 11 11 11 11 11 11 11 11 11 11 11 11 11 11 11 11 11 11 11 11 11 11 11 11 11 11 11 11 11 11 11 11 11 
11 11 0 0 0 0 0 0 0 11 0 0 0 0 0 0 0 0 0 11 0 0 11 0 0 0 0 0 0 0 0 0 0 0 0 0 0 11 0 11 11 
11 0 0 0 11 0 0 0 11 11 0 0 0 0 11 0 0 0 11 0 0 0 0 11 11 0 0 0 0 0 11 0 0 0 0 11 0 0 0 11 11 
11 11 0 0 11 0 0 0 0 11 11 0 0 0 0 0 0 0 0 0 0 11 0 0 0 11 0 11 0 0 11 11 0 0 0 0 0 0 0 11 11 
11 11 0 11 0 0 0 0 0 0 0 0 0 11 0 0 0 0 0 0 0 0 0 0 11 0 0 0 11 11 0 0 11 0 0 0 0 0 11 0 11 
11 0 0 0 0 0 0 0 0 0 0 0 0 0 11 0 0 0 0 0 11 0 0 0 0 0 0 11 0 0 0 11 0 0 11 0 0 11 0 0 11 
11 0 0 0 11 11 0 0 0 0 0 0 11 11 0 0 0 0 0 11 0 11 0 0 0 0 0 0 0 11 0 11 0 15 0 11 0 11 0 0 11 
11 0 0 0 0 0 0 11 0 0 0 0 0 0 11 0 0 0 0 0 0 0 0 0 0 0 0 0 11 0 11 0 0 0 0 0 0 0 11 11 11 
11 0 0 11 0 0 0 0 0 0 0 0 0 0 11 0 0 11 0 11 0 0 11 0 0 0 0 11 0 0 0 0 0 0 11 0 0 0 11 0 11 
11 0 0 0 0 0 0 0 11 11 0 0 0 11 0 0 0 11 0 0 0 0 0 11 0 11 0 11 0 0 0 0 0 11 11 0 0 0 0 0 11 
11 11 0 0 0 11 0 0 0 0 0 11 0 0 0 0 0 0 0 0 0 11 11 0 0 0 0 11 0 0 15 0 0 0 0 0 0 0 0 0 11 
11 0 11 11 0 0 0 0 0 0 0 0 0 0 0 0 0 0 0 0 0 0 0 0 0 11 11 15 0 0 0 11 0 11 0 0 0 11 11 0 11 
11 0 11 0 0 0 0 0 0 0 0 0 0 0 0 0 11 0 0 0 0 11 0 0 0 0 11 0 0 0 0 11 0 11 0 0 0 11 0 0 11 
11 11 0 0 0 0 11 11 0 0 0 11 0 0 0 0 11 11 0 0 0 0 0 11 0 11 0 0 0 0 0 0 0 0 0 0 0 0 0 0 11 
11 0 0 0 0 0 0 0 0 0 11 11 0 11 11 0 0 0 0 0 0 0 0 0 0 0 0 0 0 0 0 0 0 0 11 0 0 0 0 11 11 
11 0 0 0 0 0 0 0 0 0 0 0 11 0 0 0 11 11 0 0 0 0 0 0 0 0 0 0 11 0 0 0 0 11 15 0 11 0 0 0 11 
11 0 0 11 0 0 0 0 0 11 0 0 11 0 11 0 0 0 0 0 0 0 0 0 0 11 0 0 0 0 11 0 0 0 0 0 11 0 11 0 11 
11 0 0 0 0 0 0 0 0 11 0 0 11 0 0 0 0 11 0 0 0 0 11 0 0 11 0 0 0 0 0 0 0 0 0 0 0 0 0 11 11 
11 0 0 0 0 15 0 11 0 0 0 0 0 0 0 0 0 11 0 0 0 0 0 0 11 0 0 0 11 0 0 0 0 0 0 0 11 0 0 0 11 
11 0 0 0 0 0 0 0 11 0 0 0 0 0 0 0 0 0 0 0 0 0 0 11 11 0 0 0 0 0 0 0 11 0 0 0 0 0 0 0 11 
11 0 0 0 11 0 0 11 11 11 0 11 0 0 0 0 0 0 0 0 0 11 11 0 0 11 0 11 11 0 0 0 11 0 0 0 11 0 0 0 11 
11 0 0 0 11 11 11 0 0 0 0 0 0 11 0 0 0 0 11 11 0 11 0 0 0 0 0 0 0 11 11 11 0 0 0 0 0 0 0 0 11 
11 11 0 0 0 0 0 0 0 0 11 0 0 0 0 0 0 0 0 0 0 11 11 0 0 0 11 0 0 0 0 0 11 0 0 0 0 0 0 0 11 
11 0 0 0 0 0 0 0 11 0 0 0 11 0 0 0 0 11 11 0 0 0 0 0 0 11 0 0 0 0 0 0 0 0 0 0 0 0 0 0 11 
11 0 0 0 0 0 0 0 0 0 0 0 0 0 11 0 0 0 0 0 0 0 0 0 0 0 0 0 0 0 0 0 0 0 0 0 0 0 0 0 11 
11 0 0 0 0 0 0 0 0 0 0 0 0 0 0 11 0 0 0 0 0 0 0 0 0 0 0 11 11 0 0 11 0 11 0 11 0 0 11 0 11 
11 11 11 0 0 15 0 0 0 0 0 0 11 0 0 0 11 0 0 0 0 0 0 0 0 0 0 0 0 11 0 0 0 11 0 0 0 0 0 0 11 
11 0 0 11 0 0 0 0 0 11 0 0 0 0 0 0 0 0 11 0 0 0 15 0 11 11 0 0 0 0 0 11 0 11 0 0 0 0 0 0 11 
11 0 0 0 0 11 0 15 0 0 0 0 11 0 0 0 0 0 11 0 0 0 0 0 0 0 0 0 0 0 0 0 0 0 11 11 0 11 0 11 11 
11 0 0 0 0 0 0 0 0 0 0 0 11 0 0 0 0 0 0 0 0 11 0 11 11 0 0 11 0 11 0 0 0 11 0 0 11 0 0 11 11 
11 11 0 0 11 0 0 11 11 11 0 0 0 11 0 0 11 0 11 0 0 0 0 0 0 0 0 0 0 0 11 0 0 11 0 11 0 0 0 0 11 
11 0 0 0 0 0 11 0 0 0 0 0 11 0 11 0 0 11 0 11 11 11 11 0 0 0 0 0 0 11 11 11 11 0 0 0 0 0 0 0 11 
11 0 0 0 0 11 0 0 0 0 11 11 0 0 0 0 0 0 11 0 11 0 12 0 0 0 0 0 0 0 0 0 0 0 11 0 0 0 0 0 11 
11 0 11 0 11 0 0 0 0 0 0 11 0 11 0 0 0 0 0 0 0 11 11 0 11 0 0 11 0 11 0 0 0 0 0 0 0 0 0 0 11 
11 0 0 0 0 0 11 0 11 0 0 0 0 0 0 0 0 0 0 0 0 0 11 0 0 0 0 0 0 0 0 0 0 0 0 11 0 11 0 11 11 
11 0 0 0 11 0 0 0 0 0 0 11 0 11 0 0 0 0 0 0 0 0 11 0 0 0 0 0 0 0 11 0 0 11 0 0 0 0 0 0 11 
11 11 11 11 11 11 11 11 11 11 11 11 11 11 11 11 11 11 11 11 11 11 11 11 11 11 11 11 11 11 11 11 11 11 11 11 11 11 11 11 11 

