17174
11 11 11 11 11 11 11 11 11 11 11 11 11 11 11 11 11 11 11 11 11 11 11 11 11 11 11 11 11 11 11 11 11 11 11 11 11 11 11 11 11 11 11 
11 11 0 0 0 0 0 0 0 11 0 0 11 0 0 0 0 0 0 11 11 0 0 0 0 0 11 0 0 0 15 11 0 0 0 0 11 0 0 0 0 0 11 
11 0 0 0 0 0 0 0 0 0 11 0 0 11 0 0 0 0 11 11 0 0 0 11 0 0 0 0 0 11 0 0 11 0 0 0 0 0 0 0 0 0 11 
11 0 11 0 0 0 0 0 0 11 0 11 0 11 0 0 11 0 11 0 0 0 0 0 0 0 0 0 0 0 0 11 0 0 12 0 11 0 0 0 0 0 11 
11 11 0 0 11 0 0 0 0 11 0 11 0 11 0 11 11 11 0 0 0 0 0 0 0 0 11 0 0 0 0 0 0 0 0 0 0 0 11 11 0 0 11 
11 0 0 0 0 0 0 0 0 0 0 0 0 0 0 0 11 0 11 0 0 0 0 11 0 0 0 0 0 0 0 0 11 0 0 0 11 0 0 0 0 0 11 
11 0 0 0 0 0 11 0 0 0 11 0 0 0 11 0 0 0 11 0 0 0 11 0 0 0 0 11 0 0 0 0 0 0 0 0 0 0 0 0 0 0 11 
11 11 11 11 0 0 11 0 0 0 0 0 0 0 11 11 0 11 11 0 11 11 0 0 11 0 0 0 0 0 0 0 11 0 0 0 0 11 0 0 0 0 11 
11 0 0 0 0 0 0 0 0 0 0 0 0 0 0 0 0 11 0 0 0 0 11 0 0 0 0 0 0 0 0 11 0 0 0 0 11 11 0 0 0 0 11 
11 0 0 11 0 0 15 0 0 0 0 11 11 0 11 0 0 0 0 0 0 0 0 0 0 0 11 0 11 0 0 0 0 0 0 11 0 0 0 0 0 11 11 
11 11 0 0 11 0 0 0 0 0 0 0 0 11 0 11 0 0 0 0 0 0 0 0 0 0 0 0 0 0 0 0 11 0 0 0 11 0 0 0 0 0 11 
11 0 11 0 0 11 0 0 0 0 0 0 0 0 0 0 0 0 0 0 0 0 11 0 11 0 0 0 0 0 0 11 0 0 11 0 0 0 0 0 0 0 11 
11 0 0 0 0 11 0 0 0 11 11 0 0 0 0 0 11 0 11 0 0 0 0 0 0 0 15 0 0 0 0 0 0 0 0 0 0 0 0 0 0 0 11 
11 0 0 0 0 0 0 0 0 0 0 0 0 0 0 11 0 0 0 0 0 0 0 0 0 11 0 0 11 0 0 0 0 11 0 0 0 0 11 0 0 11 11 
11 0 0 0 0 11 0 0 0 0 0 0 0 0 0 0 0 0 0 0 0 0 0 11 15 11 0 0 11 0 0 11 0 0 11 11 0 11 0 0 0 0 11 
11 11 11 0 0 0 0 11 11 0 0 0 0 11 0 0 11 0 0 0 0 0 0 0 0 11 0 0 0 0 0 0 0 0 0 0 0 0 0 11 0 0 11 
11 11 0 11 11 11 0 0 0 0 0 0 0 0 0 11 0 0 0 11 0 0 0 0 11 0 0 0 11 0 11 0 0 0 0 0 0 0 11 0 0 0 11 
11 0 0 11 11 0 0 0 11 0 11 0 0 0 0 0 0 0 0 0 0 0 0 0 0 0 0 0 0 0 0 0 0 11 0 0 0 0 0 0 11 0 11 
11 0 11 0 0 0 0 0 11 0 0 0 11 11 0 0 0 0 0 0 0 0 0 0 0 0 0 0 11 0 11 0 11 0 0 0 0 11 0 0 0 0 11 
11 0 0 0 0 0 0 0 0 0 0 11 0 0 0 0 0 11 0 0 11 0 0 0 0 15 11 11 0 0 0 0 0 11 0 0 11 0 0 0 11 0 11 
11 0 0 0 0 0 11 11 11 11 0 0 0 0 0 0 0 0 0 11 0 0 0 0 0 0 0 0 0 11 0 0 11 0 0 0 0 0 11 11 0 0 11 
11 0 0 0 0 0 0 0 15 0 0 0 11 0 0 11 11 0 0 0 0 0 0 11 0 0 0 0 0 0 0 11 0 11 0 11 0 0 11 0 0 0 11 
11 11 0 0 0 11 0 0 0 0 0 0 0 0 0 11 0 0 0 0 0 0 0 0 0 0 0 0 0 0 0 0 0 11 0 0 0 0 0 0 0 0 11 
11 0 0 0 0 0 11 0 0 0 0 0 0 0 0 0 0 0 11 0 0 0 0 0 11 11 0 0 0 0 0 0 11 0 0 0 0 0 0 0 0 0 11 
11 0 0 0 0 0 0 0 0 0 0 0 0 0 0 0 0 0 0 11 0 0 0 0 0 0 0 0 0 0 11 0 0 0 0 0 0 0 0 0 0 0 11 
11 0 0 0 0 0 0 0 0 0 0 0 0 0 0 11 0 0 0 0 0 0 0 0 11 0 0 0 0 0 0 0 0 0 0 0 0 0 0 0 0 0 11 
11 0 0 11 0 11 0 0 0 11 0 0 0 11 0 0 11 0 0 0 0 0 0 0 0 11 0 0 0 11 0 0 0 0 0 0 0 0 0 0 11 0 11 
11 0 0 11 0 0 0 0 0 0 0 0 0 0 0 0 0 0 0 0 0 0 0 0 11 0 0 11 0 11 11 11 0 0 0 0 0 11 0 11 0 11 11 
11 11 11 0 15 11 0 0 0 0 0 0 12 0 0 0 0 11 0 0 0 0 0 11 11 0 11 0 0 0 0 11 0 0 11 11 0 0 11 0 0 0 11 
11 11 0 0 0 0 0 0 11 0 0 0 11 0 15 11 0 0 11 11 0 0 0 11 0 0 0 0 0 0 0 0 0 0 11 0 0 0 11 11 0 11 11 
11 0 0 0 0 0 0 0 0 0 11 0 0 0 0 0 0 0 0 0 0 11 0 0 11 0 0 0 11 11 0 11 11 11 11 0 0 0 11 0 0 0 11 
11 11 11 0 11 0 11 0 0 11 11 0 11 0 0 0 0 0 11 0 0 11 0 11 11 11 0 0 0 0 0 0 0 0 0 11 0 0 0 0 0 0 11 
11 0 11 11 0 0 0 0 11 0 11 11 0 11 0 0 0 11 0 0 0 0 0 11 0 0 0 0 0 0 0 11 0 11 11 0 11 0 0 0 11 11 11 
11 0 0 11 0 0 0 0 0 0 0 0 11 0 11 0 0 0 0 0 0 11 0 0 0 0 0 0 0 0 0 0 0 0 0 0 0 0 0 0 0 11 11 
11 0 0 11 0 0 0 0 0 0 0 0 0 0 0 0 0 0 0 0 0 11 11 11 11 0 0 0 0 0 0 11 0 0 0 0 0 0 11 0 0 0 11 
11 0 0 0 0 0 11 0 0 0 0 0 0 0 0 0 0 0 11 0 0 11 0 0 0 11 0 11 11 0 0 11 0 0 0 11 0 11 0 0 0 0 11 
11 11 11 11 11 11 11 11 11 11 11 11 11 11 11 11 11 11 11 11 11 11 11 11 11 11 11 11 11 11 11 11 11 11 11 11 11 11 11 11 11 11 11 

17174
11 11 11 11 11 11 11 11 11 11 11 11 11 11 11 11 11 11 11 11 11 11 11 11 11 11 11 11 11 11 11 11 11 11 11 11 11 11 11 11 11 11 11 
11 11 0 0 0 0 0 0 0 11 0 0 11 0 0 0 0 0 0 11 11 0 0 0 0 0 11 0 0 0 15 11 0 0 0 0 11 0 0 0 0 0 11 
11 0 0 0 0 0 0 0 0 0 11 0 0 11 0 0 0 0 11 11 0 0 0 11 0 0 0 0 0 11 0 0 11 0 0 0 0 0 0 0 0 0 11 
11 0 11 0 0 0 0 0 0 11 0 11 0 11 0 0 11 0 11 0 0 0 0 0 0 0 0 0 0 0 0 11 0 0 12 0 11 0 0 0 0 0 11 
11 11 0 0 11 0 0 0 0 11 0 11 0 11 0 11 11 11 0 0 0 0 0 0 0 0 11 0 0 0 0 0 0 0 0 0 0 0 11 11 0 0 11 
11 0 0 0 0 0 0 0 0 0 0 0 0 0 0 0 11 0 11 0 0 0 0 11 0 0 0 0 0 0 0 0 11 0 0 0 11 0 0 0 0 0 11 
11 0 0 0 0 0 11 0 0 0 11 0 0 0 11 0 0 0 11 0 0 0 11 0 0 0 0 11 0 0 0 0 0 0 0 0 0 0 0 0 0 0 11 
11 11 11 11 0 0 11 0 0 0 0 0 0 0 11 11 0 11 11 0 11 11 0 0 11 0 0 0 0 0 0 0 11 0 0 0 0 11 0 0 0 0 11 
11 0 0 0 0 0 0 0 0 0 0 0 0 0 0 0 0 11 0 0 0 0 11 0 0 0 0 0 0 0 0 11 0 0 0 0 11 11 0 0 0 0 11 
11 0 0 11 0 0 15 0 0 0 0 11 11 0 11 0 0 0 0 0 0 0 0 0 0 0 11 0 11 0 0 0 0 0 0 11 0 0 0 0 0 11 11 
11 11 0 0 11 0 0 0 0 0 0 0 0 11 0 11 0 0 0 0 0 0 0 0 0 0 0 0 0 0 0 0 11 0 0 0 11 0 0 0 0 0 11 
11 0 11 0 0 11 0 0 0 0 0 0 0 0 0 0 0 0 0 0 0 0 11 0 11 0 0 0 0 0 0 11 0 0 11 0 0 0 0 0 0 0 11 
11 0 0 0 0 11 0 0 0 11 11 0 0 0 0 0 11 0 11 0 0 0 0 0 0 0 15 0 0 0 0 0 0 0 0 0 0 0 0 0 0 0 11 
11 0 0 0 0 0 0 0 0 0 0 0 0 0 0 11 0 0 0 0 0 0 0 0 0 11 0 0 11 0 0 0 0 11 0 0 0 0 11 0 0 11 11 
11 0 0 0 0 11 0 0 0 0 0 0 0 0 0 0 0 0 0 0 0 0 0 11 15 11 0 0 11 0 0 11 0 0 11 11 0 11 0 0 0 0 11 
11 11 11 0 0 0 0 11 11 0 0 0 0 11 0 0 11 0 0 0 0 0 0 0 0 11 0 0 0 0 0 0 0 0 0 0 0 0 0 11 0 0 11 
11 11 0 11 11 11 0 0 0 0 0 0 0 0 0 11 0 0 0 11 0 0 0 0 11 0 0 0 11 0 11 0 0 0 0 0 0 0 11 0 0 0 11 
11 0 0 11 11 0 0 0 11 0 11 0 0 0 0 0 0 0 0 0 0 0 0 0 0 0 0 0 0 0 0 0 0 11 0 0 0 0 0 0 11 0 11 
11 0 11 0 0 0 0 0 11 0 0 0 11 11 0 0 0 0 0 0 0 0 0 0 0 0 0 0 11 0 11 0 11 0 0 0 0 11 0 0 0 0 11 
11 0 0 0 0 0 0 0 0 0 0 11 0 0 0 0 0 11 0 0 11 0 0 0 0 15 11 11 0 0 0 0 0 11 0 0 11 0 0 0 11 0 11 
11 0 0 0 0 0 11 11 11 11 0 0 0 0 0 0 0 0 0 11 0 0 0 0 0 0 0 0 0 11 0 0 11 0 0 0 0 0 11 11 0 0 11 
11 0 0 0 0 0 0 0 15 0 0 0 11 0 0 11 11 0 0 0 0 0 0 11 0 0 0 0 0 0 0 11 0 11 0 11 0 0 11 0 0 0 11 
11 11 0 0 0 11 0 0 0 0 0 0 0 0 0 11 0 0 0 0 0 0 0 0 0 0 0 0 0 0 0 0 0 11 0 0 0 0 0 0 0 0 11 
11 0 0 0 0 0 11 0 0 0 0 0 0 0 0 0 0 0 11 0 0 0 0 0 11 11 0 0 0 0 0 0 11 0 0 0 0 0 0 0 0 0 11 
11 0 0 0 0 0 0 0 0 0 0 0 0 0 0 0 0 0 0 11 0 0 0 0 0 0 0 0 0 0 11 0 0 0 0 0 0 0 0 0 0 0 11 
11 0 0 0 0 0 0 0 0 0 0 0 0 0 0 11 0 0 0 0 0 0 0 0 11 0 0 0 0 0 0 0 0 0 0 0 0 0 0 0 0 0 11 
11 0 0 11 0 11 0 0 0 11 0 0 0 11 0 0 11 0 0 0 0 0 0 0 0 11 0 0 0 11 0 0 0 0 0 0 0 0 0 0 11 0 11 
11 0 0 11 0 0 0 0 0 0 0 0 0 0 0 0 0 0 0 0 0 0 0 0 11 0 0 11 0 11 11 11 0 0 0 0 0 11 0 11 0 11 11 
11 11 11 0 15 11 0 0 0 0 0 0 12 0 0 0 0 11 0 0 0 0 0 11 11 0 11 0 0 0 0 11 0 0 11 11 0 0 11 0 0 0 11 
11 11 0 0 0 0 0 0 11 0 0 0 11 0 15 11 0 0 11 11 0 0 0 11 0 0 0 0 0 0 0 0 0 0 11 0 0 0 11 11 0 11 11 
11 0 0 0 0 0 0 0 0 0 11 0 0 0 0 0 0 0 0 0 0 11 0 0 11 0 0 0 11 11 0 11 11 11 11 0 0 0 11 0 0 0 11 
11 11 11 0 11 0 11 0 0 11 11 0 11 0 0 0 0 0 11 0 0 11 0 11 11 11 0 0 0 0 0 0 0 0 0 11 0 0 0 0 0 0 11 
11 0 11 11 0 0 0 0 11 0 11 11 0 11 0 0 0 11 0 0 0 0 0 11 0 0 0 0 0 0 0 11 0 11 11 0 11 0 0 0 11 11 11 
11 0 0 11 0 0 0 0 0 0 0 0 11 0 11 0 0 0 0 0 0 11 0 0 0 0 0 0 0 0 0 0 0 0 0 0 0 0 0 0 0 11 11 
11 0 0 11 0 0 0 0 0 0 0 0 0 0 0 0 0 0 0 0 0 11 11 11 11 0 0 0 0 0 0 11 0 0 0 0 0 0 11 0 0 0 11 
11 0 0 0 0 0 11 0 0 0 0 0 0 0 0 0 0 0 11 0 0 11 0 0 0 11 0 11 11 0 0 11 0 0 0 11 0 11 0 0 0 0 11 
11 11 11 11 11 11 11 11 11 11 11 11 11 11 11 11 11 11 11 11 11 11 11 11 11 11 11 11 11 11 11 11 11 11 11 11 11 11 11 11 11 11 11 

17174
11 11 11 11 11 11 11 11 11 11 11 11 11 11 11 11 11 11 11 11 11 11 11 11 11 11 11 11 11 11 11 11 11 11 11 11 11 11 11 11 11 11 11 
11 11 0 0 0 0 0 0 0 11 0 0 11 0 0 0 0 0 0 11 11 0 0 0 0 0 11 0 0 0 15 11 0 0 0 0 11 0 0 0 0 0 11 
11 0 0 0 0 0 0 0 0 0 11 0 0 11 0 0 0 0 11 11 0 0 0 11 0 0 0 0 0 11 0 0 11 0 0 0 0 0 0 0 0 0 11 
11 0 11 0 0 0 0 0 0 11 0 11 0 11 0 0 11 0 11 0 0 0 0 0 0 0 0 0 0 0 0 11 0 0 12 0 11 0 0 0 0 0 11 
11 11 0 0 11 0 0 0 0 11 0 11 0 11 0 11 11 11 0 0 0 0 0 0 0 0 11 0 0 0 0 0 0 0 0 0 0 0 11 11 0 0 11 
11 0 0 0 0 0 0 0 0 0 0 0 0 0 0 0 11 0 11 0 0 0 0 11 0 0 0 0 0 0 0 0 11 0 0 0 11 0 0 0 0 0 11 
11 0 0 0 0 0 11 0 0 0 11 0 0 0 11 0 0 0 11 0 0 0 11 0 0 0 0 11 0 0 0 0 0 0 0 0 0 0 0 0 0 0 11 
11 11 11 11 0 0 11 0 0 0 0 0 0 0 11 11 0 11 11 0 11 11 0 0 11 0 0 0 0 0 0 0 11 0 0 0 0 11 0 0 0 0 11 
11 0 0 0 0 0 0 0 0 0 0 0 0 0 0 0 0 11 0 0 0 0 11 0 0 0 0 0 0 0 0 11 0 0 0 0 11 11 0 0 0 0 11 
11 0 0 11 0 0 15 0 0 0 0 11 11 0 11 0 0 0 0 0 0 0 0 0 0 0 11 0 11 0 0 0 0 0 0 11 0 0 0 0 0 11 11 
11 11 0 0 11 0 0 0 0 0 0 0 0 11 0 11 0 0 0 0 0 0 0 0 0 0 0 0 0 0 0 0 11 0 0 0 11 0 0 0 0 0 11 
11 0 11 0 0 11 0 0 0 0 0 0 0 0 0 0 0 0 0 0 0 0 11 0 11 0 0 0 0 0 0 11 0 0 11 0 0 0 0 0 0 0 11 
11 0 0 0 0 11 0 0 0 11 11 0 0 0 0 0 11 0 11 0 0 0 0 0 0 0 15 0 0 0 0 0 0 0 0 0 0 0 0 0 0 0 11 
11 0 0 0 0 0 0 0 0 0 0 0 0 0 0 11 0 0 0 0 0 0 0 0 0 11 0 0 11 0 0 0 0 11 0 0 0 0 11 0 0 11 11 
11 0 0 0 0 11 0 0 0 0 0 0 0 0 0 0 0 0 0 0 0 0 0 11 15 11 0 0 11 0 0 11 0 0 11 11 0 11 0 0 0 0 11 
11 11 11 0 0 0 0 11 11 0 0 0 0 11 0 0 11 0 0 0 0 0 0 0 0 11 0 0 0 0 0 0 0 0 0 0 0 0 0 11 0 0 11 
11 11 0 11 11 11 0 0 0 0 0 0 0 0 0 11 0 0 0 11 0 0 0 0 11 0 0 0 11 0 11 0 0 0 0 0 0 0 11 0 0 0 11 
11 0 0 11 11 0 0 0 11 0 11 0 0 0 0 0 0 0 0 0 0 0 0 0 0 0 0 0 0 0 0 0 0 11 0 0 0 0 0 0 11 0 11 
11 0 11 0 0 0 0 0 11 0 0 0 11 11 0 0 0 0 0 0 0 0 0 0 0 0 0 0 11 0 11 0 11 0 0 0 0 11 0 0 0 0 11 
11 0 0 0 0 0 0 0 0 0 0 11 0 0 0 0 0 11 0 0 11 0 0 0 0 15 11 11 0 0 0 0 0 11 0 0 11 0 0 0 11 0 11 
11 0 0 0 0 0 11 11 11 11 0 0 0 0 0 0 0 0 0 11 0 0 0 0 0 0 0 0 0 11 0 0 11 0 0 0 0 0 11 11 0 0 11 
11 0 0 0 0 0 0 0 15 0 0 0 11 0 0 11 11 0 0 0 0 0 0 11 0 0 0 0 0 0 0 11 0 11 0 11 0 0 11 0 0 0 11 
11 11 0 0 0 11 0 0 0 0 0 0 0 0 0 11 0 0 0 0 0 0 0 0 0 0 0 0 0 0 0 0 0 11 0 0 0 0 0 0 0 0 11 
11 0 0 0 0 0 11 0 0 0 0 0 0 0 0 0 0 0 11 0 0 0 0 0 11 11 0 0 0 0 0 0 11 0 0 0 0 0 0 0 0 0 11 
11 0 0 0 0 0 0 0 0 0 0 0 0 0 0 0 0 0 0 11 0 0 0 0 0 0 0 0 0 0 11 0 0 0 0 0 0 0 0 0 0 0 11 
11 0 0 0 0 0 0 0 0 0 0 0 0 0 0 11 0 0 0 0 0 0 0 0 11 0 0 0 0 0 0 0 0 0 0 0 0 0 0 0 0 0 11 
11 0 0 11 0 11 0 0 0 11 0 0 0 11 0 0 11 0 0 0 0 0 0 0 0 11 0 0 0 11 0 0 0 0 0 0 0 0 0 0 11 0 11 
11 0 0 11 0 0 0 0 0 0 0 0 0 0 0 0 0 0 0 0 0 0 0 0 11 0 0 11 0 11 11 11 0 0 0 0 0 11 0 11 0 11 11 
11 11 11 0 15 11 0 0 0 0 0 0 12 0 0 0 0 11 0 0 0 0 0 11 11 0 11 0 0 0 0 11 0 0 11 11 0 0 11 0 0 0 11 
11 11 0 0 0 0 0 0 11 0 0 0 11 0 15 11 0 0 11 11 0 0 0 11 0 0 0 0 0 0 0 0 0 0 11 0 0 0 11 11 0 11 11 
11 0 0 0 0 0 0 0 0 0 11 0 0 0 0 0 0 0 0 0 0 11 0 0 11 0 0 0 11 11 0 11 11 11 11 0 0 0 11 0 0 0 11 
11 11 11 0 11 0 11 0 0 11 11 0 11 0 0 0 0 0 11 0 0 11 0 11 11 11 0 0 0 0 0 0 0 0 0 11 0 0 0 0 0 0 11 
11 0 11 11 0 0 0 0 11 0 11 11 0 11 0 0 0 11 0 0 0 0 0 11 0 0 0 0 0 0 0 11 0 11 11 0 11 0 0 0 11 11 11 
11 0 0 11 0 0 0 0 0 0 0 0 11 0 11 0 0 0 0 0 0 11 0 0 0 0 0 0 0 0 0 0 0 0 0 0 0 0 0 0 0 11 11 
11 0 0 11 0 0 0 0 0 0 0 0 0 0 0 0 0 0 0 0 0 11 11 11 11 0 0 0 0 0 0 11 0 0 0 0 0 0 11 0 0 0 11 
11 0 0 0 0 0 11 0 0 0 0 0 0 0 0 0 0 0 11 0 0 11 0 0 0 11 0 11 11 0 0 11 0 0 0 11 0 11 0 0 0 0 11 
11 11 11 11 11 11 11 11 11 11 11 11 11 11 11 11 11 11 11 11 11 11 11 11 11 11 11 11 11 11 11 11 11 11 11 11 11 11 11 11 11 11 11 

17174
11 11 11 11 11 11 11 11 11 11 11 11 11 11 11 11 11 11 11 11 11 11 11 11 11 11 11 11 11 11 11 11 11 11 11 11 11 11 11 11 11 11 11 
11 11 0 0 0 0 0 0 0 11 0 0 11 0 0 0 0 0 0 11 11 0 0 0 0 0 11 0 0 0 0 11 0 0 0 0 11 0 0 0 0 0 11 
11 0 0 0 0 0 0 0 0 0 11 0 0 11 0 0 0 0 11 11 0 0 0 11 0 0 0 0 0 11 0 0 11 0 0 0 0 0 0 0 0 0 11 
11 0 11 0 0 0 0 0 0 11 0 11 0 11 0 0 11 0 11 0 0 0 0 0 0 0 0 0 0 0 0 11 0 0 0 0 11 0 0 0 0 0 11 
11 11 11 0 11 0 0 0 0 11 0 11 0 11 0 11 11 11 0 0 0 0 0 0 0 0 11 0 0 0 0 0 0 0 0 0 0 0 11 11 0 0 11 
11 0 0 0 0 0 0 0 0 0 0 0 0 0 0 0 11 0 11 0 0 0 0 11 0 0 0 0 0 0 0 0 11 0 0 0 11 0 0 0 0 0 11 
11 0 0 0 0 0 11 0 0 0 11 0 0 0 11 0 0 0 11 0 0 0 11 0 0 0 0 11 0 0 0 0 0 0 15 0 0 0 0 0 0 0 11 
11 11 11 11 0 0 11 0 0 0 0 0 0 0 11 11 0 11 11 0 11 11 0 0 11 0 0 0 0 0 0 0 11 0 0 0 0 11 0 0 0 0 11 
11 0 0 0 0 0 0 0 0 0 0 0 0 0 0 0 0 11 0 0 0 0 11 0 0 0 0 0 0 0 0 11 0 0 0 0 11 11 0 0 0 0 11 
11 0 0 11 0 0 0 15 0 0 0 11 11 0 11 0 0 0 0 0 0 0 0 0 15 0 11 0 11 0 0 0 0 0 0 11 0 0 0 0 0 11 11 
11 11 0 0 11 0 0 0 0 0 0 0 0 11 0 11 0 0 0 0 0 0 15 0 0 0 0 0 0 0 0 0 11 0 0 0 11 0 0 0 0 0 11 
11 0 11 0 0 11 0 0 0 0 0 0 0 0 0 0 0 0 0 0 0 0 11 0 11 0 0 0 0 0 0 11 0 0 11 0 0 0 0 0 0 0 11 
11 0 0 0 0 11 0 0 0 11 11 0 0 0 0 0 11 0 11 0 0 0 0 0 11 0 0 0 0 0 0 0 0 0 0 0 0 0 0 0 0 0 11 
11 0 0 0 0 0 0 0 0 0 0 0 0 0 0 11 0 0 0 0 0 0 0 0 0 11 0 0 11 0 0 0 0 11 0 0 0 0 11 0 0 11 11 
11 0 0 0 0 11 0 0 0 0 0 0 0 0 0 0 0 0 0 0 0 0 0 11 0 11 0 0 11 0 0 11 0 0 11 11 0 11 0 0 0 0 11 
11 11 11 0 0 0 0 11 11 0 0 0 0 11 0 0 11 0 0 0 0 0 0 0 0 11 0 0 0 0 0 0 0 0 0 0 0 0 0 11 0 0 11 
11 11 0 11 11 11 0 0 0 0 0 0 0 0 0 11 0 0 0 11 0 0 0 0 11 0 0 0 11 0 11 0 0 0 0 0 0 0 11 0 0 0 11 
11 0 0 11 11 0 0 0 11 0 11 0 0 0 0 0 0 0 0 0 0 0 0 0 0 0 0 15 0 0 0 0 0 11 0 0 0 0 0 0 11 0 11 
11 0 11 0 0 0 0 0 11 0 0 0 11 11 0 0 0 0 0 0 0 0 0 0 0 0 0 0 11 0 11 0 11 0 0 0 0 11 0 0 0 0 11 
11 0 0 0 0 0 0 0 0 0 0 11 0 0 0 0 0 11 0 0 11 0 0 0 0 0 11 11 0 0 0 0 0 11 0 0 11 0 0 0 11 0 11 
11 0 0 0 0 0 11 11 11 11 0 0 0 0 0 0 0 0 0 11 0 0 0 0 0 0 0 0 0 11 0 0 11 0 0 0 0 0 11 11 0 0 11 
11 0 0 0 0 0 0 0 0 15 0 0 11 0 0 11 11 0 0 0 0 0 0 11 0 0 0 0 0 0 0 11 0 11 0 11 0 0 11 0 0 0 11 
11 11 0 0 0 11 0 0 0 0 0 0 0 0 0 11 0 0 0 0 0 0 0 0 0 0 0 0 0 0 0 0 0 0 0 0 0 0 0 0 0 0 11 
11 0 0 0 0 0 11 0 0 0 0 0 0 0 0 0 0 0 11 0 0 0 0 0 11 11 0 0 0 0 0 0 11 0 0 0 0 0 0 0 0 0 11 
11 0 0 0 0 0 0 0 0 0 0 0 0 0 0 0 0 0 0 11 0 0 0 0 0 0 0 0 0 0 11 0 0 0 0 0 0 0 0 0 0 0 11 
11 0 0 0 0 0 0 0 0 0 0 0 0 0 0 11 0 0 0 0 0 0 0 0 11 0 0 0 0 0 0 0 0 0 0 0 0 0 0 0 0 0 11 
11 0 0 11 0 11 0 0 0 11 0 0 0 11 0 0 11 0 0 0 0 0 0 0 0 11 0 0 0 11 0 0 0 0 0 0 0 0 0 0 11 0 11 
11 0 0 11 0 0 0 0 0 0 0 0 0 0 0 0 0 0 0 0 0 0 0 0 11 0 0 11 0 11 11 11 0 0 0 0 0 11 0 11 0 11 11 
11 11 11 0 15 11 0 0 0 0 0 0 0 0 0 0 0 11 0 0 0 0 0 11 11 0 11 0 0 0 0 11 0 0 11 11 0 0 11 0 0 0 11 
11 11 0 0 0 0 0 0 11 0 0 0 11 0 0 11 0 0 11 11 0 0 0 11 0 0 0 0 0 0 0 0 0 0 11 0 0 0 11 11 0 11 11 
11 0 0 0 0 0 0 0 0 0 11 0 0 0 0 0 0 0 0 0 0 11 0 0 11 0 0 0 11 11 0 11 11 11 11 0 0 0 11 0 0 0 11 
11 11 11 0 11 0 11 0 0 11 11 0 11 15 0 0 0 0 11 0 0 11 0 11 11 11 0 0 0 0 0 0 0 0 0 11 0 0 0 0 0 0 11 
11 0 11 11 0 0 0 0 11 0 11 11 0 11 0 0 0 11 0 0 0 0 0 11 0 0 0 0 0 0 0 11 0 11 11 0 11 0 0 0 11 11 11 
11 0 0 11 0 0 0 0 0 0 0 0 11 0 11 0 0 0 0 0 0 11 0 0 0 0 0 0 0 0 0 0 0 0 0 0 0 0 0 0 0 11 11 
11 0 0 11 0 0 0 0 0 0 0 0 0 0 0 0 0 0 0 0 0 11 11 11 11 0 0 0 0 0 0 11 0 0 0 0 0 0 11 0 0 0 11 
11 0 0 0 0 0 11 0 0 0 0 0 0 0 0 0 0 0 11 0 0 11 0 0 0 11 0 11 11 0 0 11 0 0 0 11 0 11 0 0 0 0 11 
11 11 11 11 11 11 11 11 11 11 11 11 11 11 11 11 11 11 11 11 11 11 11 11 11 11 11 11 11 11 11 11 11 11 11 11 11 11 11 11 11 11 11 

17174
11 11 11 11 11 11 11 11 11 11 11 11 11 11 11 11 11 11 11 11 11 11 11 11 11 11 11 11 11 11 11 11 11 11 11 11 11 11 11 11 11 11 11 
11 11 0 0 0 0 0 0 0 11 0 0 11 0 0 0 0 0 0 11 11 0 0 0 0 0 11 0 0 0 0 11 0 0 0 0 11 0 0 0 0 0 11 
11 0 0 0 0 0 0 0 0 0 11 0 0 11 0 0 0 0 11 11 0 0 0 11 0 0 0 0 0 11 0 0 11 0 0 0 0 0 0 0 0 0 11 
11 0 11 0 0 0 0 0 0 11 0 11 0 11 0 0 11 0 11 0 0 0 0 0 0 0 0 0 0 0 0 11 0 0 0 0 11 0 0 0 0 0 11 
11 11 11 0 11 0 0 0 0 11 0 11 0 11 0 11 11 11 0 0 0 0 0 0 0 0 11 0 0 0 0 0 0 0 0 0 0 0 11 11 0 0 11 
11 0 0 0 0 0 0 0 0 0 0 0 0 0 0 0 11 0 11 0 0 0 0 11 0 0 0 0 0 0 0 0 11 0 0 0 11 0 0 0 0 0 11 
11 0 0 0 0 0 11 0 0 0 11 0 0 0 11 0 0 0 11 0 0 0 11 0 0 0 0 11 0 0 0 0 0 0 15 0 0 0 0 0 0 0 11 
11 11 11 11 0 0 11 0 0 0 0 0 0 0 11 11 0 11 11 0 11 11 0 0 11 0 0 0 0 0 0 0 11 0 0 0 0 11 0 0 0 0 11 
11 0 0 0 0 0 0 0 0 0 0 0 0 0 0 0 0 11 0 0 0 0 11 0 0 0 0 0 0 0 0 11 0 0 0 0 11 11 0 0 0 0 11 
11 0 0 11 0 0 0 15 0 0 0 11 11 0 11 0 0 0 0 0 0 0 0 0 15 0 11 0 11 0 0 0 0 0 0 11 0 0 0 0 0 11 11 
11 11 0 0 11 0 0 0 0 0 0 0 0 11 0 11 0 0 0 0 0 0 15 0 0 0 0 0 0 0 0 0 11 0 0 0 11 0 0 0 0 0 11 
11 0 11 0 0 11 0 0 0 0 0 0 0 0 0 0 0 0 0 0 0 0 11 0 11 0 0 0 0 0 0 11 0 0 11 0 0 0 0 0 0 0 11 
11 0 0 0 0 11 0 0 0 11 11 0 0 0 0 0 11 0 11 0 0 0 0 0 11 0 0 0 0 0 0 0 0 0 0 0 0 0 0 0 0 0 11 
11 0 0 0 0 0 0 0 0 0 0 0 0 0 0 11 0 0 0 0 0 0 0 0 0 11 0 0 11 0 0 0 0 11 0 0 0 0 11 0 0 11 11 
11 0 0 0 0 11 0 0 0 0 0 0 0 0 0 0 0 0 0 0 0 0 0 11 0 11 0 0 11 0 0 11 0 0 11 11 0 11 0 0 0 0 11 
11 11 11 0 0 0 0 11 11 0 0 0 0 11 0 0 11 0 0 0 0 0 0 0 0 11 0 0 0 0 0 0 0 0 0 0 0 0 0 11 0 0 11 
11 11 0 11 11 11 0 0 0 0 0 0 0 0 0 11 0 0 0 11 0 0 0 0 11 0 0 0 11 0 11 0 0 0 0 0 0 0 11 0 0 0 11 
11 0 0 11 11 0 0 0 11 0 11 0 0 0 0 0 0 0 0 0 0 0 0 0 0 0 0 15 0 0 0 0 0 11 0 0 0 0 0 0 11 0 11 
11 0 11 0 0 0 0 0 11 0 0 0 11 11 0 0 0 0 0 0 0 0 0 0 0 0 0 0 11 0 11 0 11 0 0 0 0 11 0 0 0 0 11 
11 0 0 0 0 0 0 0 0 0 0 11 0 0 0 0 0 11 0 0 11 0 0 0 0 0 11 11 0 0 0 0 0 11 0 0 11 0 0 0 11 0 11 
11 0 0 0 0 0 11 11 11 11 0 0 0 0 0 0 0 0 0 11 0 0 0 0 0 0 0 0 0 11 0 0 11 0 0 0 0 0 11 11 0 0 11 
11 0 0 0 0 0 0 0 0 15 0 0 11 0 0 11 11 0 0 0 0 0 0 11 0 0 0 0 0 0 0 11 0 11 0 11 0 0 11 0 0 0 11 
11 11 0 0 0 11 0 0 0 0 0 0 0 0 0 11 0 0 0 0 0 0 0 0 0 0 0 0 0 0 0 0 0 0 0 0 0 0 0 0 0 0 11 
11 0 0 0 0 0 11 0 0 0 0 0 0 0 0 0 0 0 11 0 0 0 0 0 11 11 0 0 0 0 0 0 11 0 0 0 0 0 0 0 0 0 11 
11 0 0 0 0 0 0 0 0 0 0 0 0 0 0 0 0 0 0 11 0 0 0 0 0 0 0 0 0 0 11 0 0 0 0 0 0 0 0 0 0 0 11 
11 0 0 0 0 0 0 0 0 0 0 0 0 0 0 11 0 0 0 0 0 0 0 0 11 0 0 0 0 0 0 0 0 0 0 0 0 0 0 0 0 0 11 
11 0 0 11 0 11 0 0 0 11 0 0 0 11 0 0 11 0 0 0 0 0 0 0 0 11 0 0 0 11 0 0 0 0 0 0 0 0 0 0 11 0 11 
11 0 0 11 0 0 0 0 0 0 0 0 0 0 0 0 0 0 0 0 0 0 0 0 11 0 0 11 0 11 11 11 0 0 0 0 0 11 0 11 0 11 11 
11 11 11 0 15 11 0 0 0 0 0 0 0 0 0 0 0 11 0 0 0 0 0 11 11 0 11 0 0 0 0 11 0 0 11 11 0 0 11 0 0 0 11 
11 11 0 0 0 0 0 0 11 0 0 0 11 0 0 11 0 0 11 11 0 0 0 11 0 0 0 0 0 0 0 0 0 0 11 0 0 0 11 11 0 11 11 
11 0 0 0 0 0 0 0 0 0 11 0 0 0 0 0 0 0 0 0 0 11 0 0 11 0 0 0 11 11 0 11 11 11 11 0 0 0 11 0 0 0 11 
11 11 11 0 11 0 11 0 0 11 11 0 11 15 0 0 0 0 11 0 0 11 0 11 11 11 0 0 0 0 0 0 0 0 0 11 0 0 0 0 0 0 11 
11 0 11 11 0 0 0 0 11 0 11 11 0 11 0 0 0 11 0 0 0 0 0 11 0 0 0 0 0 0 0 11 0 11 11 0 11 0 0 0 11 11 11 
11 0 0 11 0 0 0 0 0 0 0 0 11 0 11 0 0 0 0 0 0 11 0 0 0 0 0 0 0 0 0 0 0 0 0 0 0 0 0 0 0 11 11 
11 0 0 11 0 0 0 0 0 0 0 0 0 0 0 0 0 0 0 0 0 11 11 11 11 0 0 0 0 0 0 11 0 0 0 0 0 0 11 0 0 0 11 
11 0 0 0 0 0 11 0 0 0 0 0 0 0 0 0 0 0 11 0 0 11 0 0 0 11 0 11 11 0 0 11 0 0 0 11 0 11 0 0 0 0 11 
11 11 11 11 11 11 11 11 11 11 11 11 11 11 11 11 11 11 11 11 11 11 11 11 11 11 11 11 11 11 11 11 11 11 11 11 11 11 11 11 11 11 11 

17096
11 11 11 11 11 11 11 11 11 11 11 11 11 11 11 11 11 11 11 11 11 11 11 11 11 11 11 11 11 11 11 11 11 11 11 11 11 11 11 11 11 11 11 
11 11 0 0 0 0 0 0 0 11 0 0 11 0 0 0 0 0 0 11 11 0 0 0 0 0 11 0 0 0 0 11 0 0 11 0 11 0 0 0 0 0 11 
11 0 0 0 0 0 0 0 0 0 11 0 0 11 0 0 0 0 11 11 11 0 0 11 0 0 0 0 0 11 0 0 0 0 0 0 0 0 0 0 0 0 11 
11 0 11 0 0 0 0 0 0 11 0 11 0 11 0 0 11 0 0 0 0 0 0 0 0 0 0 0 0 0 0 11 0 0 0 0 11 0 0 0 0 0 11 
11 11 0 0 11 0 0 0 0 11 0 11 0 11 0 11 11 0 0 0 0 0 0 0 0 0 11 0 0 0 0 0 0 0 0 11 0 0 11 11 0 0 11 
11 0 0 0 0 0 0 0 0 0 0 0 0 0 0 0 0 0 11 0 0 0 0 11 0 0 0 0 0 0 0 0 11 0 0 0 11 0 0 0 0 0 11 
11 0 0 0 0 0 11 0 0 0 11 0 0 0 11 0 0 0 11 0 0 0 11 0 0 0 0 11 0 0 0 0 15 0 0 0 0 0 0 0 0 0 11 
11 11 11 11 0 0 11 0 0 15 0 0 0 0 11 11 0 11 11 0 11 11 0 0 11 0 0 0 0 0 0 0 0 0 0 0 0 11 0 0 0 0 11 
11 0 0 0 0 0 0 0 0 0 0 0 0 0 0 0 0 11 0 0 0 0 0 0 0 0 0 0 0 0 0 11 0 0 0 0 11 11 0 0 0 0 11 
11 0 0 11 0 0 0 0 0 0 0 11 11 0 11 0 0 0 0 0 0 0 0 0 0 0 11 0 11 0 0 0 0 0 0 11 0 0 0 0 0 11 11 
11 11 0 0 11 0 0 0 0 0 0 0 0 11 0 11 0 0 0 0 0 0 0 0 0 0 0 0 0 0 0 0 11 0 0 0 0 0 0 0 0 0 11 
11 0 11 0 0 11 0 0 0 0 0 0 0 0 0 0 0 0 0 0 0 0 11 0 11 0 0 0 0 0 0 11 0 0 11 0 0 0 0 0 0 0 11 
11 0 0 0 0 11 0 0 0 11 11 0 0 0 0 0 11 0 11 0 0 0 15 0 0 0 0 0 0 0 0 0 0 0 0 0 0 0 0 0 0 0 11 
11 0 0 0 0 0 0 0 0 0 0 0 0 0 0 11 0 0 0 0 0 0 0 0 0 11 0 0 11 0 0 0 0 11 11 0 0 0 11 0 0 11 11 
11 0 0 0 0 11 0 0 0 0 12 0 0 0 0 0 0 0 0 0 0 0 0 11 0 11 0 0 11 0 0 0 0 0 11 11 0 11 0 0 0 0 11 
11 11 11 0 0 0 0 11 11 0 0 0 0 11 0 0 11 0 0 0 0 0 0 0 13 11 0 0 0 0 0 0 0 0 0 0 0 0 0 11 0 0 11 
11 11 0 11 11 11 0 0 0 0 0 0 0 0 11 11 0 0 0 11 0 0 14 0 11 0 0 0 11 11 11 0 0 0 0 0 0 0 11 0 0 0 11 
11 0 0 11 11 0 0 0 11 0 11 0 0 0 0 0 0 0 0 0 0 0 0 0 0 0 0 0 0 0 0 0 0 11 0 0 0 0 0 0 0 0 11 
11 0 11 0 0 0 0 15 11 0 0 0 11 11 0 0 0 0 0 0 0 0 0 0 0 0 0 0 11 0 11 0 11 0 0 0 0 11 0 0 0 0 11 
11 0 0 0 11 0 0 0 0 0 11 11 0 0 0 0 0 11 0 0 11 0 0 0 0 0 11 11 0 15 0 0 0 0 0 0 11 0 0 0 11 0 11 
11 0 0 0 0 0 11 11 11 11 0 0 0 0 0 0 0 0 0 11 0 0 0 0 0 0 11 0 0 11 0 0 11 0 0 0 0 0 11 11 0 0 11 
11 0 0 0 0 0 0 0 0 0 0 0 11 0 0 11 11 0 0 0 0 0 0 11 0 0 0 0 0 0 0 11 0 11 0 11 0 0 11 0 0 0 11 
11 11 0 0 0 11 0 0 0 0 0 0 0 0 0 11 0 0 0 0 0 0 0 0 0 0 0 0 0 0 0 0 0 0 0 0 0 0 0 0 0 0 11 
11 0 0 0 0 0 11 0 0 0 0 0 0 0 0 0 0 0 11 0 0 0 0 0 11 11 0 0 0 0 0 0 11 0 0 0 0 0 0 0 0 0 11 
11 0 0 0 0 0 0 0 0 0 0 0 0 0 0 0 0 0 0 11 0 0 0 0 0 0 0 0 0 0 11 0 0 0 0 0 0 0 0 0 0 0 11 
11 0 0 0 0 0 0 0 0 0 0 0 0 0 0 11 0 0 0 0 0 0 11 0 11 0 0 0 0 0 0 0 0 0 0 0 0 0 0 0 0 0 11 
11 0 0 11 0 11 0 0 0 11 0 0 0 11 0 11 11 0 0 0 0 0 0 0 0 11 0 0 0 11 0 0 0 0 0 0 0 0 0 0 11 0 11 
11 0 11 11 0 0 0 0 0 0 0 0 0 0 0 0 0 0 0 0 0 0 0 0 11 0 0 11 0 11 11 11 0 0 0 0 0 0 0 11 0 11 11 
11 11 11 0 0 11 0 0 0 0 0 0 0 0 0 0 0 11 0 0 0 0 0 11 11 0 11 0 0 0 0 11 0 0 11 11 0 0 11 0 0 0 11 
11 11 0 0 15 0 0 0 11 0 0 0 11 0 0 0 0 0 11 11 0 0 0 11 0 0 0 0 0 0 0 0 0 0 11 0 0 0 11 11 11 11 11 
11 0 0 0 0 0 0 0 0 11 11 0 0 0 0 0 0 0 0 0 0 11 0 0 11 0 0 0 11 11 0 11 11 0 11 0 0 0 11 0 0 0 11 
11 11 11 0 11 0 11 0 15 11 11 0 11 0 0 0 0 0 0 0 0 11 0 11 0 11 0 0 0 0 0 0 0 0 0 11 0 0 0 0 0 0 11 
11 0 11 11 0 0 0 0 11 0 11 11 0 11 0 0 0 11 0 0 0 0 0 11 0 0 0 0 0 0 0 11 0 11 11 0 11 0 0 0 11 11 11 
11 0 0 11 0 0 0 0 0 0 0 15 11 0 11 0 0 0 0 0 0 11 0 0 0 0 0 0 0 0 0 0 0 0 0 0 0 0 0 0 0 11 11 
11 0 0 11 0 0 0 0 0 0 0 0 0 0 0 0 0 0 0 0 0 11 11 11 11 0 0 0 0 0 0 11 0 0 0 0 0 0 11 0 0 0 11 
11 0 0 0 0 0 11 0 0 0 0 0 0 0 0 0 0 0 11 0 0 11 0 0 0 11 0 11 11 0 11 11 0 0 0 11 0 11 0 0 0 0 11 
11 11 11 11 11 11 11 11 11 11 11 11 11 11 11 11 11 11 11 11 11 11 11 11 11 11 11 11 11 11 11 11 11 11 11 11 11 11 11 11 11 11 11 

17089
11 11 11 11 11 11 11 11 11 11 11 11 11 11 11 11 11 11 11 11 11 11 11 11 11 11 11 11 11 11 11 11 11 11 11 11 11 11 11 11 11 11 11 
11 11 0 0 0 0 0 0 13 11 0 0 11 0 0 0 0 0 0 11 11 0 0 0 0 0 11 0 0 0 0 11 0 0 11 0 11 0 0 0 0 0 11 
11 0 0 0 12 11 0 0 0 0 11 0 0 11 0 0 0 0 11 11 11 0 0 11 0 0 0 0 0 11 0 0 0 0 0 0 0 0 0 0 0 0 11 
11 0 11 0 0 0 0 0 0 11 0 11 0 11 0 0 11 0 0 0 0 0 0 0 0 0 0 0 0 0 0 11 0 0 0 0 11 0 0 0 0 0 11 
11 11 0 0 11 0 0 0 0 11 0 11 0 11 0 11 11 0 0 0 0 0 0 0 0 0 11 0 0 0 0 0 0 0 0 11 0 0 11 11 0 0 11 
11 0 0 0 12 0 0 0 0 0 0 0 0 0 0 0 0 0 11 0 0 0 0 11 0 0 0 0 0 0 0 0 11 0 0 0 11 0 0 0 0 0 11 
11 0 0 0 0 0 11 0 0 0 11 0 0 0 11 0 0 0 11 0 0 0 11 0 0 0 0 11 0 0 0 0 0 0 0 0 0 0 0 0 0 0 11 
11 11 11 11 0 0 11 0 0 0 0 0 0 0 11 11 0 11 11 0 11 11 0 0 11 0 0 0 0 0 0 0 0 15 0 0 0 11 0 0 0 0 11 
11 0 0 0 0 0 0 0 0 0 0 0 0 0 0 0 0 11 0 0 0 0 0 0 0 0 0 0 0 0 0 11 0 0 0 0 11 11 0 0 0 0 11 
11 0 0 11 0 0 0 0 0 0 0 11 11 0 11 0 0 0 0 0 0 0 0 0 0 0 11 0 11 0 0 0 0 0 0 11 0 0 0 0 0 11 11 
11 11 0 0 11 0 0 0 0 0 0 0 0 11 0 11 0 0 0 0 0 0 0 0 0 0 0 0 0 0 0 0 11 0 0 0 0 0 0 0 0 0 11 
11 0 11 0 0 11 0 0 0 0 0 0 0 0 0 0 0 0 0 0 0 0 11 0 11 0 0 0 0 0 0 11 0 0 11 0 0 0 0 0 0 0 11 
11 0 0 0 0 11 0 0 0 11 11 0 0 0 0 0 11 0 11 0 0 0 0 0 0 0 0 0 0 0 0 0 0 0 0 0 0 0 0 0 0 0 11 
11 0 0 0 0 0 0 0 0 0 0 0 0 0 0 11 0 0 0 0 0 0 0 0 0 11 15 0 11 0 0 0 0 11 11 0 0 0 11 0 0 11 11 
11 0 0 0 0 11 0 0 0 0 0 0 0 0 0 0 0 0 0 0 0 0 0 11 0 11 0 0 11 0 0 0 0 0 11 11 0 11 0 0 0 0 11 
11 11 11 0 0 0 0 11 11 0 0 0 0 11 0 0 11 0 0 0 0 0 0 0 0 11 15 0 0 0 0 0 0 0 15 0 0 0 0 11 0 0 11 
11 11 0 11 11 11 0 0 0 0 0 0 0 0 11 11 15 0 0 11 0 0 0 0 11 0 0 0 11 11 11 0 0 0 0 0 0 0 11 0 0 0 11 
11 0 0 11 11 0 0 0 11 0 11 0 0 0 0 0 0 0 0 0 0 0 0 0 0 0 0 0 0 0 0 0 0 11 0 0 0 0 0 0 0 0 11 
11 0 11 0 0 0 0 0 11 0 0 0 11 11 0 0 0 0 0 0 0 0 0 0 0 0 0 0 11 0 11 0 11 0 0 0 0 11 0 0 0 0 11 
11 0 0 0 11 0 0 0 0 0 11 11 0 0 0 0 0 11 0 0 11 0 0 0 0 0 11 11 0 0 0 0 0 0 0 0 11 0 0 0 11 0 11 
11 0 0 0 0 0 11 11 11 11 0 0 0 0 0 0 0 0 0 11 0 0 0 0 0 0 11 0 0 11 0 0 11 0 0 0 0 0 11 11 0 0 11 
11 0 0 0 0 0 0 0 0 0 0 0 11 0 0 11 11 0 0 0 0 0 0 11 0 0 0 0 0 0 0 11 0 11 0 11 0 0 11 0 0 0 11 
11 11 0 0 0 11 0 0 0 0 15 0 0 0 0 11 0 0 0 0 0 0 0 0 0 0 0 0 0 0 0 0 0 0 0 0 0 0 0 0 0 0 11 
11 0 0 0 0 0 11 0 0 0 0 0 0 0 0 0 0 0 11 0 0 0 0 0 11 11 0 0 0 0 0 0 11 0 0 0 0 0 0 0 0 0 11 
11 0 0 0 0 0 0 0 0 0 0 0 0 0 0 0 0 0 0 11 0 0 0 0 0 0 0 0 0 0 11 0 0 0 0 0 0 0 0 0 0 0 11 
11 0 0 0 0 0 0 0 0 0 0 0 0 0 0 11 0 0 0 0 0 0 11 0 11 0 0 0 0 0 0 0 0 0 0 0 0 0 0 0 0 0 11 
11 0 0 11 0 11 0 0 0 11 0 0 0 11 0 11 11 0 0 0 0 0 0 0 0 11 0 0 0 11 0 0 0 0 0 0 0 0 0 0 11 0 11 
11 0 11 11 0 0 0 0 0 0 0 0 0 0 0 0 0 0 0 0 0 0 0 0 11 0 0 11 0 11 11 11 0 0 0 0 0 0 0 11 0 11 11 
11 11 11 0 0 11 0 0 0 0 0 0 0 0 0 0 0 11 0 0 0 0 0 11 11 0 11 0 0 0 0 11 0 0 11 11 0 0 11 0 0 0 11 
11 11 0 0 0 0 0 0 11 0 0 0 11 0 0 0 0 0 11 11 0 0 0 11 0 0 0 0 0 0 0 0 0 0 11 0 0 0 11 11 11 11 11 
11 0 0 0 0 0 0 0 0 11 11 0 15 0 0 0 0 0 0 0 0 11 0 0 11 0 0 0 11 11 0 11 11 0 11 0 0 0 11 0 0 0 11 
11 11 11 0 11 0 11 0 0 11 11 0 11 0 0 0 0 0 0 0 0 11 0 11 0 11 0 0 0 0 0 0 0 0 0 11 0 0 0 0 0 0 11 
11 0 11 11 0 0 0 15 11 0 11 11 0 11 0 0 0 11 0 0 0 0 0 11 0 0 0 0 0 0 0 11 0 11 11 0 11 0 0 0 11 11 11 
11 0 0 11 0 0 0 0 0 0 0 0 11 0 11 0 0 0 0 0 0 11 0 0 0 0 0 0 0 0 0 0 0 0 0 0 0 0 0 0 0 11 11 
11 0 0 11 0 0 0 0 0 0 0 0 0 0 0 0 0 0 0 0 0 11 11 11 11 0 0 0 0 0 0 11 0 0 0 0 0 0 11 0 0 0 11 
11 0 0 0 0 0 11 0 0 0 0 0 0 0 0 0 0 0 11 0 0 11 0 0 0 11 0 11 11 0 11 11 0 0 0 11 0 11 0 0 0 0 11 
11 11 11 11 11 11 11 11 11 11 11 11 11 11 11 11 11 11 11 11 11 11 11 11 11 11 11 11 11 11 11 11 11 11 11 11 11 11 11 11 11 11 11 

17089
11 11 11 11 11 11 11 11 11 11 11 11 11 11 11 11 11 11 11 11 11 11 11 11 11 11 11 11 11 11 11 11 11 11 11 11 11 11 11 11 11 11 11 
11 11 0 0 0 0 0 0 13 11 0 0 11 0 0 0 0 0 0 11 11 0 0 0 0 0 11 0 0 0 0 11 0 0 11 0 11 0 0 0 0 0 11 
11 0 0 0 12 11 0 0 0 0 11 0 0 11 0 0 0 0 11 11 11 0 0 11 0 0 0 0 0 11 0 0 0 0 0 0 0 0 0 0 0 0 11 
11 0 11 0 0 0 0 0 0 11 0 11 0 11 0 0 11 0 0 0 0 0 0 0 0 0 0 0 0 0 0 11 0 0 0 0 11 0 0 0 0 0 11 
11 11 0 0 11 0 0 0 0 11 0 11 0 11 0 11 11 0 0 0 0 0 0 0 0 0 11 0 0 0 0 0 0 0 0 11 0 0 11 11 0 0 11 
11 0 0 0 12 0 0 0 0 0 0 0 0 0 0 0 0 0 11 0 0 0 0 11 0 0 0 0 0 0 0 0 11 0 0 0 11 0 0 0 0 0 11 
11 0 0 0 0 0 11 0 0 0 11 0 0 0 11 0 0 0 11 0 0 0 11 0 0 0 0 11 0 0 0 0 0 0 0 0 0 0 0 0 0 0 11 
11 11 11 11 0 0 11 0 0 0 0 0 0 0 11 11 0 11 11 0 11 11 0 0 11 0 0 0 0 0 0 0 0 15 0 0 0 11 0 0 0 0 11 
11 0 0 0 0 0 0 0 0 0 0 0 0 0 0 0 0 11 0 0 0 0 0 0 0 0 0 0 0 0 0 11 0 0 0 0 11 11 0 0 0 0 11 
11 0 0 11 0 0 0 0 0 0 0 11 11 0 11 0 0 0 0 0 0 0 0 0 0 0 11 0 11 0 0 0 0 0 0 11 0 0 0 0 0 11 11 
11 11 0 0 11 0 0 0 0 0 0 0 0 11 0 11 0 0 0 0 0 0 0 0 0 0 0 0 0 0 0 0 11 0 0 0 0 0 0 0 0 0 11 
11 0 11 0 0 11 0 0 0 0 0 0 0 0 0 0 0 0 0 0 0 0 11 0 11 0 0 0 0 0 0 11 0 0 11 0 0 0 0 0 0 0 11 
11 0 0 0 0 11 0 0 0 11 11 0 0 0 0 0 11 0 11 0 0 0 0 0 0 0 0 0 0 0 0 0 0 0 0 0 0 0 0 0 0 0 11 
11 0 0 0 0 0 0 0 0 0 0 0 0 0 0 11 0 0 0 0 0 0 0 0 0 11 15 0 11 0 0 0 0 11 11 0 0 0 11 0 0 11 11 
11 0 0 0 0 11 0 0 0 0 0 0 0 0 0 0 0 0 0 0 0 0 0 11 0 11 0 0 11 0 0 0 0 0 11 11 0 11 0 0 0 0 11 
11 11 11 0 0 0 0 11 11 0 0 0 0 11 0 0 11 0 0 0 0 0 0 0 0 11 15 0 0 0 0 0 0 0 15 0 0 0 0 11 0 0 11 
11 11 0 11 11 11 0 0 0 0 0 0 0 0 11 11 15 0 0 11 0 0 0 0 11 0 0 0 11 11 11 0 0 0 0 0 0 0 11 0 0 0 11 
11 0 0 11 11 0 0 0 11 0 11 0 0 0 0 0 0 0 0 0 0 0 0 0 0 0 0 0 0 0 0 0 0 11 0 0 0 0 0 0 0 0 11 
11 0 11 0 0 0 0 0 11 0 0 0 11 11 0 0 0 0 0 0 0 0 0 0 0 0 0 0 11 0 11 0 11 0 0 0 0 11 0 0 0 0 11 
11 0 0 0 11 0 0 0 0 0 11 11 0 0 0 0 0 11 0 0 11 0 0 0 0 0 11 11 0 0 0 0 0 0 0 0 11 0 0 0 11 0 11 
11 0 0 0 0 0 11 11 11 11 0 0 0 0 0 0 0 0 0 11 0 0 0 0 0 0 11 0 0 11 0 0 11 0 0 0 0 0 11 11 0 0 11 
11 0 0 0 0 0 0 0 0 0 0 0 11 0 0 11 11 0 0 0 0 0 0 11 0 0 0 0 0 0 0 11 0 11 0 11 0 0 11 0 0 0 11 
11 11 0 0 0 11 0 0 0 0 15 0 0 0 0 11 0 0 0 0 0 0 0 0 0 0 0 0 0 0 0 0 0 0 0 0 0 0 0 0 0 0 11 
11 0 0 0 0 0 11 0 0 0 0 0 0 0 0 0 0 0 11 0 0 0 0 0 11 11 0 0 0 0 0 0 11 0 0 0 0 0 0 0 0 0 11 
11 0 0 0 0 0 0 0 0 0 0 0 0 0 0 0 0 0 0 11 0 0 0 0 0 0 0 0 0 0 11 0 0 0 0 0 0 0 0 0 0 0 11 
11 0 0 0 0 0 0 0 0 0 0 0 0 0 0 11 0 0 0 0 0 0 11 0 11 0 0 0 0 0 0 0 0 0 0 0 0 0 0 0 0 0 11 
11 0 0 11 0 11 0 0 0 11 0 0 0 11 0 11 11 0 0 0 0 0 0 0 0 11 0 0 0 11 0 0 0 0 0 0 0 0 0 0 11 0 11 
11 0 11 11 0 0 0 0 0 0 0 0 0 0 0 0 0 0 0 0 0 0 0 0 11 0 0 11 0 11 11 11 0 0 0 0 0 0 0 11 0 11 11 
11 11 11 0 0 11 0 0 0 0 0 0 0 0 0 0 0 11 0 0 0 0 0 11 11 0 11 0 0 0 0 11 0 0 11 11 0 0 11 0 0 0 11 
11 11 0 0 0 0 0 0 11 0 0 0 11 0 0 0 0 0 11 11 0 0 0 11 0 0 0 0 0 0 0 0 0 0 11 0 0 0 11 11 11 11 11 
11 0 0 0 0 0 0 0 0 11 11 0 15 0 0 0 0 0 0 0 0 11 0 0 11 0 0 0 11 11 0 11 11 0 11 0 0 0 11 0 0 0 11 
11 11 11 0 11 0 11 0 0 11 11 0 11 0 0 0 0 0 0 0 0 11 0 11 0 11 0 0 0 0 0 0 0 0 0 11 0 0 0 0 0 0 11 
11 0 11 11 0 0 0 15 11 0 11 11 0 11 0 0 0 11 0 0 0 0 0 11 0 0 0 0 0 0 0 11 0 11 11 0 11 0 0 0 11 11 11 
11 0 0 11 0 0 0 0 0 0 0 0 11 0 11 0 0 0 0 0 0 11 0 0 0 0 0 0 0 0 0 0 0 0 0 0 0 0 0 0 0 11 11 
11 0 0 11 0 0 0 0 0 0 0 0 0 0 0 0 0 0 0 0 0 11 11 11 11 0 0 0 0 0 0 11 0 0 0 0 0 0 11 0 0 0 11 
11 0 0 0 0 0 11 0 0 0 0 0 0 0 0 0 0 0 11 0 0 11 0 0 0 11 0 11 11 0 11 11 0 0 0 11 0 11 0 0 0 0 11 
11 11 11 11 11 11 11 11 11 11 11 11 11 11 11 11 11 11 11 11 11 11 11 11 11 11 11 11 11 11 11 11 11 11 11 11 11 11 11 11 11 11 11 

17089
11 11 11 11 11 11 11 11 11 11 11 11 11 11 11 11 11 11 11 11 11 11 11 11 11 11 11 11 11 11 11 11 11 11 11 11 11 11 11 11 11 11 11 
11 11 0 0 0 0 0 0 13 11 0 0 11 0 0 0 0 0 0 11 11 0 0 0 0 0 11 0 0 0 0 11 0 0 11 0 11 0 0 0 0 0 11 
11 0 0 0 12 11 0 0 0 0 11 0 0 11 0 0 0 0 11 11 11 0 0 11 0 0 0 0 0 11 0 0 0 0 0 0 0 0 0 0 0 0 11 
11 0 11 0 0 0 0 0 0 11 0 11 0 11 0 0 11 0 0 0 0 0 0 0 0 0 0 0 0 0 0 11 0 0 0 0 11 0 0 0 0 0 11 
11 11 0 0 11 0 0 0 0 11 0 11 0 11 0 11 11 0 0 0 0 0 0 0 0 0 11 0 0 0 0 0 0 0 0 11 0 0 11 11 0 0 11 
11 0 0 0 12 0 0 0 0 0 0 0 0 0 0 0 0 0 11 0 0 0 0 11 0 0 0 0 0 0 0 0 11 0 0 0 11 0 0 0 0 0 11 
11 0 0 0 0 0 11 0 0 0 11 0 0 0 11 0 0 0 11 0 0 0 11 0 0 0 0 11 0 0 0 0 0 0 0 0 0 0 0 0 0 0 11 
11 11 11 11 0 0 11 0 0 0 0 0 0 0 11 11 0 11 11 0 11 11 0 0 11 0 0 0 0 0 0 0 0 15 0 0 0 11 0 0 0 0 11 
11 0 0 0 0 0 0 0 0 0 0 0 0 0 0 0 0 11 0 0 0 0 0 0 0 0 0 0 0 0 0 11 0 0 0 0 11 11 0 0 0 0 11 
11 0 0 11 0 0 0 0 0 0 0 11 11 0 11 0 0 0 0 0 0 0 0 0 0 0 11 0 11 0 0 0 0 0 0 11 0 0 0 0 0 11 11 
11 11 0 0 11 0 0 0 0 0 0 0 0 11 0 11 0 0 0 0 0 0 0 0 0 0 0 0 0 0 0 0 11 0 0 0 0 0 0 0 0 0 11 
11 0 11 0 0 11 0 0 0 0 0 0 0 0 0 0 0 0 0 0 0 0 11 0 11 0 0 0 0 0 0 11 0 0 11 0 0 0 0 0 0 0 11 
11 0 0 0 0 11 0 0 0 11 11 0 0 0 0 0 11 0 11 0 0 0 0 0 0 0 0 0 0 0 0 0 0 0 0 0 0 0 0 0 0 0 11 
11 0 0 0 0 0 0 0 0 0 0 0 0 0 0 11 0 0 0 0 0 0 0 0 0 11 15 0 11 0 0 0 0 11 11 0 0 0 11 0 0 11 11 
11 0 0 0 0 11 0 0 0 0 0 0 0 0 0 0 0 0 0 0 0 0 0 11 0 11 0 0 11 0 0 0 0 0 11 11 0 11 0 0 0 0 11 
11 11 11 0 0 0 0 11 11 0 0 0 0 11 0 0 11 0 0 0 0 0 0 0 0 11 15 0 0 0 0 0 0 0 15 0 0 0 0 11 0 0 11 
11 11 0 11 11 11 0 0 0 0 0 0 0 0 11 11 15 0 0 11 0 0 0 0 11 0 0 0 11 11 11 0 0 0 0 0 0 0 11 0 0 0 11 
11 0 0 11 11 0 0 0 11 0 11 0 0 0 0 0 0 0 0 0 0 0 0 0 0 0 0 0 0 0 0 0 0 11 0 0 0 0 0 0 0 0 11 
11 0 11 0 0 0 0 0 11 0 0 0 11 11 0 0 0 0 0 0 0 0 0 0 0 0 0 0 11 0 11 0 11 0 0 0 0 11 0 0 0 0 11 
11 0 0 0 11 0 0 0 0 0 11 11 0 0 0 0 0 11 0 0 11 0 0 0 0 0 11 11 0 0 0 0 0 0 0 0 11 0 0 0 11 0 11 
11 0 0 0 0 0 11 11 11 11 0 0 0 0 0 0 0 0 0 11 0 0 0 0 0 0 11 0 0 11 0 0 11 0 0 0 0 0 11 11 0 0 11 
11 0 0 0 0 0 0 0 0 0 0 0 11 0 0 11 11 0 0 0 0 0 0 11 0 0 0 0 0 0 0 11 0 11 0 11 0 0 11 0 0 0 11 
11 11 0 0 0 11 0 0 0 0 15 0 0 0 0 11 0 0 0 0 0 0 0 0 0 0 0 0 0 0 0 0 0 0 0 0 0 0 0 0 0 0 11 
11 0 0 0 0 0 11 0 0 0 0 0 0 0 0 0 0 0 11 0 0 0 0 0 11 11 0 0 0 0 0 0 11 0 0 0 0 0 0 0 0 0 11 
11 0 0 0 0 0 0 0 0 0 0 0 0 0 0 0 0 0 0 11 0 0 0 0 0 0 0 0 0 0 11 0 0 0 0 0 0 0 0 0 0 0 11 
11 0 0 0 0 0 0 0 0 0 0 0 0 0 0 11 0 0 0 0 0 0 11 0 11 0 0 0 0 0 0 0 0 0 0 0 0 0 0 0 0 0 11 
11 0 0 11 0 11 0 0 0 11 0 0 0 11 0 11 11 0 0 0 0 0 0 0 0 11 0 0 0 11 0 0 0 0 0 0 0 0 0 0 11 0 11 
11 0 11 11 0 0 0 0 0 0 0 0 0 0 0 0 0 0 0 0 0 0 0 0 11 0 0 11 0 11 11 11 0 0 0 0 0 0 0 11 0 11 11 
11 11 11 0 0 11 0 0 0 0 0 0 0 0 0 0 0 11 0 0 0 0 0 11 11 0 11 0 0 0 0 11 0 0 11 11 0 0 11 0 0 0 11 
11 11 0 0 0 0 0 0 11 0 0 0 11 0 0 0 0 0 11 11 0 0 0 11 0 0 0 0 0 0 0 0 0 0 11 0 0 0 11 11 11 11 11 
11 0 0 0 0 0 0 0 0 11 11 0 15 0 0 0 0 0 0 0 0 11 0 0 11 0 0 0 11 11 0 11 11 0 11 0 0 0 11 0 0 0 11 
11 11 11 0 11 0 11 0 0 11 11 0 11 0 0 0 0 0 0 0 0 11 0 11 0 11 0 0 0 0 0 0 0 0 0 11 0 0 0 0 0 0 11 
11 0 11 11 0 0 0 15 11 0 11 11 0 11 0 0 0 11 0 0 0 0 0 11 0 0 0 0 0 0 0 11 0 11 11 0 11 0 0 0 11 11 11 
11 0 0 11 0 0 0 0 0 0 0 0 11 0 11 0 0 0 0 0 0 11 0 0 0 0 0 0 0 0 0 0 0 0 0 0 0 0 0 0 0 11 11 
11 0 0 11 0 0 0 0 0 0 0 0 0 0 0 0 0 0 0 0 0 11 11 11 11 0 0 0 0 0 0 11 0 0 0 0 0 0 11 0 0 0 11 
11 0 0 0 0 0 11 0 0 0 0 0 0 0 0 0 0 0 11 0 0 11 0 0 0 11 0 11 11 0 11 11 0 0 0 11 0 11 0 0 0 0 11 
11 11 11 11 11 11 11 11 11 11 11 11 11 11 11 11 11 11 11 11 11 11 11 11 11 11 11 11 11 11 11 11 11 11 11 11 11 11 11 11 11 11 11 

17063
11 11 11 11 11 11 11 11 11 11 11 11 11 11 11 11 11 11 11 11 11 11 11 11 11 11 11 11 11 11 11 11 11 11 11 11 11 11 11 11 11 11 11 
11 11 0 0 0 0 0 0 0 11 0 0 11 0 0 0 0 0 0 11 11 0 0 0 0 0 11 0 0 0 0 11 0 0 11 0 11 0 0 0 0 0 11 
11 0 0 0 0 0 0 0 0 0 11 0 0 11 0 0 0 0 11 11 11 0 0 11 0 0 0 0 0 11 0 0 0 0 0 0 0 0 0 0 0 0 11 
11 0 11 0 0 0 0 0 0 11 0 11 0 11 0 0 11 0 0 0 0 0 0 0 0 0 0 0 0 0 0 11 0 0 15 0 11 0 0 0 0 0 11 
11 11 0 0 11 0 0 0 0 11 0 11 0 11 0 11 11 0 0 0 0 0 0 0 0 0 11 0 0 0 0 0 0 0 0 11 0 0 11 11 0 0 11 
11 0 0 0 0 0 0 0 0 0 0 0 0 0 0 0 0 0 11 0 0 0 0 11 0 0 0 0 0 0 0 0 11 0 0 0 11 0 0 0 0 0 11 
11 0 0 0 0 0 11 0 0 0 11 0 0 0 11 0 0 0 11 0 0 0 11 0 0 0 0 11 0 0 0 0 0 0 0 0 0 0 0 0 0 0 11 
11 11 11 11 0 0 11 0 0 0 0 0 0 0 11 11 0 11 11 0 11 11 0 0 11 0 0 0 0 0 0 0 0 0 0 0 0 11 0 0 0 0 11 
11 0 0 0 15 0 0 0 0 0 0 0 0 0 0 0 0 11 0 0 0 0 0 0 0 0 0 0 0 0 0 11 0 0 0 0 11 11 0 0 0 0 11 
11 0 0 11 0 0 0 0 0 0 0 11 11 0 11 0 0 0 0 0 0 0 0 0 0 0 11 0 11 0 0 0 0 0 0 11 0 0 0 0 0 11 11 
11 11 0 0 11 0 0 0 0 0 0 0 0 11 0 11 0 0 0 0 0 0 15 0 0 0 0 0 0 0 0 0 11 0 0 0 0 0 0 0 0 0 11 
11 0 11 0 0 11 0 0 0 0 0 0 0 0 0 0 0 0 0 0 0 0 11 0 11 0 0 0 0 0 0 11 0 0 11 0 0 0 0 0 0 0 11 
11 0 0 0 0 11 0 0 0 11 11 0 0 0 0 0 11 0 11 0 0 0 0 0 0 15 0 0 0 0 0 0 0 0 0 0 0 0 0 0 0 0 11 
11 0 0 0 0 0 0 0 0 0 0 0 0 0 0 11 0 0 0 0 0 0 0 0 0 11 0 0 11 0 0 0 0 11 11 0 0 0 11 0 0 11 11 
11 0 0 0 0 11 0 0 0 0 0 0 0 0 0 0 0 0 0 0 0 0 0 11 0 11 0 0 11 0 0 0 0 0 11 11 0 11 0 0 0 0 11 
11 11 11 0 0 0 0 11 11 0 0 0 0 11 0 0 11 0 0 0 0 0 0 0 0 11 0 0 0 0 0 0 0 0 0 0 0 0 0 11 0 0 11 
11 11 0 11 11 11 0 0 11 0 0 0 0 0 11 11 0 0 0 11 0 0 0 0 11 0 0 0 11 11 11 14 0 0 0 0 0 0 11 0 0 0 11 
11 0 0 11 11 0 0 0 11 0 11 0 0 0 0 0 0 0 0 0 0 0 0 15 0 0 0 0 0 0 0 0 0 11 0 0 0 0 0 0 0 0 11 
11 0 11 0 0 0 0 0 11 0 0 0 11 11 0 0 0 0 0 0 0 0 0 0 0 0 0 0 11 0 11 0 11 0 0 0 0 11 0 0 0 0 11 
11 0 0 0 11 0 0 0 0 0 11 11 0 0 0 0 0 11 0 0 11 0 0 0 0 0 11 11 0 0 0 0 0 0 0 0 11 0 0 0 11 0 11 
11 0 0 0 0 0 11 11 11 11 0 0 0 0 0 0 0 0 0 11 0 0 0 0 0 0 11 0 0 11 0 0 11 0 0 0 0 0 11 11 0 0 11 
11 0 0 0 0 0 0 0 0 15 0 0 11 0 0 11 11 0 0 0 0 0 0 11 0 0 0 0 0 0 0 11 0 11 0 11 0 0 11 0 0 0 11 
11 11 0 0 0 11 0 0 0 0 0 0 0 0 0 11 0 0 0 0 0 0 0 0 0 0 0 0 0 0 0 0 0 0 0 0 0 0 0 0 0 0 11 
11 0 0 0 0 0 11 0 0 0 0 0 0 0 0 0 0 0 11 0 0 0 0 0 11 11 0 0 0 0 0 0 11 0 0 0 0 0 0 0 0 0 11 
11 0 0 0 0 0 0 0 0 0 0 0 0 0 0 0 0 0 0 11 0 0 0 0 0 0 0 0 0 0 11 13 0 0 0 0 0 0 0 0 0 0 11 
11 0 0 0 0 0 0 0 0 0 0 0 0 0 0 11 0 0 0 0 0 0 11 0 11 0 0 0 0 0 0 0 0 0 0 0 0 0 0 0 0 0 11 
11 0 0 11 0 11 0 0 0 11 0 0 0 11 0 11 11 0 0 0 0 0 0 0 0 11 0 0 0 11 0 0 0 0 0 0 0 0 0 0 11 0 11 
11 0 11 11 0 0 0 0 0 0 0 0 15 0 0 0 0 0 0 0 0 0 0 0 11 0 0 11 0 11 11 11 0 0 0 0 0 0 0 11 0 11 11 
11 11 11 0 0 11 0 0 0 0 0 0 0 0 0 0 0 11 0 0 0 0 0 11 11 0 11 0 0 0 0 11 0 0 11 11 0 0 11 0 0 0 11 
11 11 0 0 0 0 0 0 11 0 0 0 11 0 0 0 0 0 11 11 0 0 0 11 0 0 0 0 0 0 0 0 0 0 11 0 0 0 11 11 11 11 11 
11 0 0 0 0 0 0 0 0 11 11 0 0 0 0 0 0 0 0 0 0 11 0 0 11 0 0 0 11 11 0 11 11 0 11 0 0 0 11 0 0 0 11 
11 11 11 0 11 15 11 0 0 11 11 0 11 0 0 0 0 0 0 0 0 11 0 11 0 11 0 0 0 0 0 0 0 0 0 11 0 0 0 0 0 0 11 
11 0 11 11 0 0 0 0 11 15 11 11 0 11 0 0 0 11 0 0 0 0 0 11 0 0 0 0 0 0 0 11 0 11 11 0 11 0 0 0 11 11 11 
11 0 0 11 0 0 0 0 0 0 0 0 11 0 11 0 0 0 0 0 0 11 0 0 0 0 0 0 0 0 0 0 0 0 0 0 0 0 0 0 0 11 11 
11 0 0 11 0 0 0 0 0 0 0 0 0 0 0 0 0 0 0 0 0 11 11 11 11 0 0 0 0 0 0 11 0 0 0 0 0 0 11 0 0 0 11 
11 0 0 0 0 0 11 0 0 0 0 0 0 0 0 0 0 0 11 0 0 11 0 0 0 11 0 11 11 0 11 11 0 0 0 11 0 11 0 0 0 0 11 
11 11 11 11 11 11 11 11 11 11 11 11 11 11 11 11 11 11 11 11 11 11 11 11 11 11 11 11 11 11 11 11 11 11 11 11 11 11 11 11 11 11 11 

17155
11 11 11 11 11 11 11 11 11 11 11 11 11 11 11 11 11 11 11 11 11 11 11 11 11 11 11 11 11 11 11 11 11 11 11 11 11 11 11 11 11 11 11 
11 11 0 0 0 0 0 0 0 11 0 0 11 0 0 0 0 0 0 11 11 0 0 0 0 0 11 0 0 0 0 11 0 0 11 0 11 0 0 0 0 0 11 
11 0 0 0 0 0 0 0 0 0 11 0 0 11 0 0 0 0 11 11 0 0 0 11 0 0 0 0 0 11 0 15 0 0 0 0 0 0 0 0 0 0 11 
11 0 11 0 0 0 0 0 0 0 0 11 0 11 0 0 11 0 0 0 0 0 0 0 0 0 0 0 0 0 0 11 0 0 0 0 11 0 0 0 0 0 11 
11 11 0 0 11 0 0 0 0 11 0 11 0 11 0 11 11 0 0 0 0 0 0 0 0 0 11 0 0 0 0 0 0 0 0 11 0 0 11 11 0 0 11 
11 0 0 0 0 0 0 0 0 0 0 0 0 0 0 0 11 0 11 0 0 0 0 11 0 0 0 0 0 0 0 0 11 0 0 0 11 0 0 0 0 0 11 
11 0 0 0 0 0 11 0 0 0 11 0 0 0 11 0 0 0 11 0 0 0 11 0 0 0 0 11 0 0 0 0 0 0 0 0 0 0 0 0 0 0 11 
11 11 11 0 0 0 0 0 0 0 0 0 0 0 11 11 0 11 11 0 11 11 0 0 11 0 0 0 0 0 0 0 0 0 0 0 0 11 0 0 0 0 11 
11 0 0 0 0 15 0 0 0 0 0 0 0 0 0 0 0 11 0 0 11 0 0 0 0 0 0 0 0 0 0 11 0 0 0 0 11 11 0 0 0 0 11 
11 0 0 11 0 0 11 0 0 0 0 11 11 0 11 0 0 0 0 0 0 0 0 0 0 0 11 0 11 0 0 0 0 0 0 11 0 0 0 0 0 11 11 
11 11 0 0 11 0 0 0 0 0 0 0 0 11 0 11 0 0 0 0 0 0 0 0 0 0 0 0 0 0 0 0 0 0 0 0 0 0 0 0 0 0 11 
11 0 11 0 0 11 0 0 0 0 0 0 0 0 0 0 0 0 0 0 0 0 11 0 11 0 0 0 0 0 0 11 0 0 11 0 0 0 0 0 0 0 11 
11 0 0 0 0 11 0 0 0 11 11 0 0 0 0 0 11 0 11 0 0 0 0 0 0 0 15 0 0 0 0 0 0 0 0 0 0 0 0 0 0 0 11 
11 0 0 0 0 0 0 0 0 0 0 0 0 0 0 11 0 11 0 0 0 0 0 0 0 11 0 0 11 0 0 0 0 11 11 0 0 0 11 0 0 11 11 
11 0 0 0 0 11 0 0 0 0 0 0 0 0 0 0 0 0 0 0 0 0 15 11 0 11 0 0 11 0 0 0 0 0 11 11 0 11 0 0 0 0 11 
11 11 11 0 0 0 0 11 11 0 0 0 0 11 0 0 11 0 0 0 0 0 0 0 0 11 0 0 0 0 0 0 0 0 0 0 0 0 0 11 0 0 11 
11 11 0 11 11 11 0 0 0 0 0 0 0 0 11 11 15 0 0 11 0 0 0 0 11 0 0 0 11 0 11 0 0 0 0 0 0 0 11 0 0 0 11 
11 0 0 11 11 0 0 0 11 0 11 0 0 0 0 0 0 0 0 0 0 0 0 0 0 0 0 0 0 15 0 0 0 11 0 0 0 0 0 0 0 0 11 
11 0 11 0 0 0 0 0 11 0 0 0 11 11 0 0 0 0 0 0 0 0 0 0 0 0 0 0 11 0 11 0 11 0 0 0 0 11 0 0 0 0 11 
11 0 0 0 11 0 0 0 0 0 11 11 0 0 0 0 0 11 0 0 11 0 0 0 0 0 11 11 0 0 0 0 0 11 0 0 11 0 0 0 11 0 11 
11 0 0 0 0 0 11 11 11 11 0 0 0 0 0 0 0 0 0 11 0 0 0 0 0 11 0 0 0 11 0 0 11 0 0 0 0 11 11 11 0 0 11 
11 0 0 0 0 0 0 0 0 0 15 0 11 0 0 11 11 0 0 0 0 0 0 11 0 0 0 0 0 0 0 11 0 11 0 11 0 0 11 0 0 0 11 
11 11 0 0 0 11 0 0 0 0 0 0 0 0 0 11 0 0 0 0 0 0 0 0 0 0 0 0 0 0 0 0 0 0 0 0 0 0 0 0 0 0 11 
11 0 0 0 0 0 11 0 0 0 0 0 0 0 0 0 0 0 11 0 0 0 0 0 11 11 0 0 0 0 0 0 11 0 0 0 0 0 0 0 0 0 11 
11 0 0 0 0 0 0 0 0 0 0 0 0 0 0 0 0 0 0 11 0 0 0 0 0 0 0 0 0 0 11 0 0 0 0 0 0 0 0 0 0 0 11 
11 0 0 0 0 0 0 0 0 0 0 0 0 0 0 11 0 0 0 0 0 0 0 0 11 0 0 0 0 0 0 0 0 0 0 0 0 0 0 0 0 0 11 
11 0 0 0 0 11 0 0 0 11 0 0 0 11 0 11 11 0 0 11 0 0 0 0 0 11 0 0 0 11 0 0 0 0 0 0 0 0 0 0 11 0 11 
11 0 0 11 0 0 0 0 0 0 0 0 0 0 0 0 0 0 0 0 0 0 0 0 11 0 0 11 0 11 11 11 0 0 0 0 0 0 0 11 0 11 11 
11 11 11 0 0 11 0 0 0 0 0 0 0 0 0 0 0 11 0 0 0 0 0 11 11 0 11 0 0 0 0 11 0 0 11 11 0 0 11 0 0 0 11 
11 11 0 0 15 0 0 0 11 0 0 0 0 0 0 0 0 0 11 11 0 0 0 11 0 0 0 0 0 0 0 0 0 0 11 0 0 0 11 11 11 11 11 
11 0 0 0 0 0 0 0 0 11 11 0 0 0 0 0 0 0 0 0 0 11 0 0 11 0 0 0 0 11 0 11 11 11 11 0 0 0 11 0 0 0 11 
11 11 11 0 11 0 11 0 0 11 11 0 11 0 0 0 0 0 11 0 0 11 0 11 0 11 0 0 0 0 0 0 0 0 0 11 0 0 0 0 0 0 11 
11 0 11 11 0 11 0 0 11 0 11 11 0 11 15 0 0 11 0 0 0 0 0 11 11 0 0 0 0 0 0 11 0 11 11 0 11 0 0 0 11 11 11 
11 0 0 11 0 0 0 0 0 0 0 0 11 0 11 0 0 0 0 0 0 11 0 0 0 0 0 0 0 0 0 0 0 0 0 0 0 0 0 0 0 11 11 
11 0 0 11 0 0 0 0 0 0 0 0 0 0 0 0 0 0 0 0 0 11 11 11 11 0 0 0 0 0 0 11 0 11 0 0 0 0 11 0 0 0 11 
11 0 0 0 0 0 11 0 0 0 0 0 0 0 0 0 0 0 11 0 0 11 0 0 0 11 0 11 11 0 0 11 0 0 0 11 0 11 0 0 0 0 11 
11 11 11 11 11 11 11 11 11 11 11 11 11 11 11 11 11 11 11 11 11 11 11 11 11 11 11 11 11 11 11 11 11 11 11 11 11 11 11 11 11 11 11 

17155
11 11 11 11 11 11 11 11 11 11 11 11 11 11 11 11 11 11 11 11 11 11 11 11 11 11 11 11 11 11 11 11 11 11 11 11 11 11 11 11 11 11 11 
11 11 0 0 0 0 0 0 0 11 0 0 11 0 0 0 0 0 0 11 11 0 0 0 0 0 11 0 0 0 0 11 0 0 11 0 11 0 0 0 0 0 11 
11 0 0 0 0 0 0 0 0 0 11 0 0 11 0 0 0 0 11 11 0 0 0 11 0 0 0 0 0 11 0 15 0 0 0 0 0 0 0 0 0 0 11 
11 0 11 0 0 0 0 0 0 0 0 11 0 11 0 0 11 0 0 0 0 0 0 0 0 0 0 0 0 0 0 11 0 0 0 0 11 0 0 0 0 0 11 
11 11 0 0 11 0 0 0 0 11 0 11 0 11 0 11 11 0 0 0 0 0 0 0 0 0 11 0 0 0 0 0 0 0 0 11 0 0 11 11 0 0 11 
11 0 0 0 0 0 0 0 0 0 0 0 0 0 0 0 11 0 11 0 0 0 0 11 0 0 0 0 0 0 0 0 11 0 0 0 11 0 0 0 0 0 11 
11 0 0 0 0 0 11 0 0 0 11 0 0 0 11 0 0 0 11 0 0 0 11 0 0 0 0 11 0 0 0 0 0 0 0 0 0 0 0 0 0 0 11 
11 11 11 0 0 0 0 0 0 0 0 0 0 0 11 11 0 11 11 0 11 11 0 0 11 0 0 0 0 0 0 0 0 0 0 0 0 11 0 0 0 0 11 
11 0 0 0 0 15 0 0 0 0 0 0 0 0 0 0 0 11 0 0 11 0 0 0 0 0 0 0 0 0 0 11 0 0 0 0 11 11 0 0 0 0 11 
11 0 0 11 0 0 11 0 0 0 0 11 11 0 11 0 0 0 0 0 0 0 0 0 0 0 11 0 11 0 0 0 0 0 0 11 0 0 0 0 0 11 11 
11 11 0 0 11 0 0 0 0 0 0 0 0 11 0 11 0 0 0 0 0 0 0 0 0 0 0 0 0 0 0 0 0 0 0 0 0 0 0 0 0 0 11 
11 0 11 0 0 11 0 0 0 0 0 0 0 0 0 0 0 0 0 0 0 0 11 0 11 0 0 0 0 0 0 11 0 0 11 0 0 0 0 0 0 0 11 
11 0 0 0 0 11 0 0 0 11 11 0 0 0 0 0 11 0 11 0 0 0 0 0 0 0 15 0 0 0 0 0 0 0 0 0 0 0 0 0 0 0 11 
11 0 0 0 0 0 0 0 0 0 0 0 0 0 0 11 0 11 0 0 0 0 0 0 0 11 0 0 11 0 0 0 0 11 11 0 0 0 11 0 0 11 11 
11 0 0 0 0 11 0 0 0 0 0 0 0 0 0 0 0 0 0 0 0 0 15 11 0 11 0 0 11 0 0 0 0 0 11 11 0 11 0 0 0 0 11 
11 11 11 0 0 0 0 11 11 0 0 0 0 11 0 0 11 0 0 0 0 0 0 0 0 11 0 0 0 0 0 0 0 0 0 0 0 0 0 11 0 0 11 
11 11 0 11 11 11 0 0 0 0 0 0 0 0 11 11 15 0 0 11 0 0 0 0 11 0 0 0 11 0 11 0 0 0 0 0 0 0 11 0 0 0 11 
11 0 0 11 11 0 0 0 11 0 11 0 0 0 0 0 0 0 0 0 0 0 0 0 0 0 0 0 0 15 0 0 0 11 0 0 0 0 0 0 0 0 11 
11 0 11 0 0 0 0 0 11 0 0 0 11 11 0 0 0 0 0 0 0 0 0 0 0 0 0 0 11 0 11 0 11 0 0 0 0 11 0 0 0 0 11 
11 0 0 0 11 0 0 0 0 0 11 11 0 0 0 0 0 11 0 0 11 0 0 0 0 0 11 11 0 0 0 0 0 11 0 0 11 0 0 0 11 0 11 
11 0 0 0 0 0 11 11 11 11 0 0 0 0 0 0 0 0 0 11 0 0 0 0 0 11 0 0 0 11 0 0 11 0 0 0 0 11 11 11 0 0 11 
11 0 0 0 0 0 0 0 0 0 15 0 11 0 0 11 11 0 0 0 0 0 0 11 0 0 0 0 0 0 0 11 0 11 0 11 0 0 11 0 0 0 11 
11 11 0 0 0 11 0 0 0 0 0 0 0 0 0 11 0 0 0 0 0 0 0 0 0 0 0 0 0 0 0 0 0 0 0 0 0 0 0 0 0 0 11 
11 0 0 0 0 0 11 0 0 0 0 0 0 0 0 0 0 0 11 0 0 0 0 0 11 11 0 0 0 0 0 0 11 0 0 0 0 0 0 0 0 0 11 
11 0 0 0 0 0 0 0 0 0 0 0 0 0 0 0 0 0 0 11 0 0 0 0 0 0 0 0 0 0 11 0 0 0 0 0 0 0 0 0 0 0 11 
11 0 0 0 0 0 0 0 0 0 0 0 0 0 0 11 0 0 0 0 0 0 0 0 11 0 0 0 0 0 0 0 0 0 0 0 0 0 0 0 0 0 11 
11 0 0 0 0 11 0 0 0 11 0 0 0 11 0 11 11 0 0 11 0 0 0 0 0 11 0 0 0 11 0 0 0 0 0 0 0 0 0 0 11 0 11 
11 0 0 11 0 0 0 0 0 0 0 0 0 0 0 0 0 0 0 0 0 0 0 0 11 0 0 11 0 11 11 11 0 0 0 0 0 0 0 11 0 11 11 
11 11 11 0 0 11 0 0 0 0 0 0 0 0 0 0 0 11 0 0 0 0 0 11 11 0 11 0 0 0 0 11 0 0 11 11 0 0 11 0 0 0 11 
11 11 0 0 15 0 0 0 11 0 0 0 0 0 0 0 0 0 11 11 0 0 0 11 0 0 0 0 0 0 0 0 0 0 11 0 0 0 11 11 11 11 11 
11 0 0 0 0 0 0 0 0 11 11 0 0 0 0 0 0 0 0 0 0 11 0 0 11 0 0 0 0 11 0 11 11 11 11 0 0 0 11 0 0 0 11 
11 11 11 0 11 0 11 0 0 11 11 0 11 0 0 0 0 0 11 0 0 11 0 11 0 11 0 0 0 0 0 0 0 0 0 11 0 0 0 0 0 0 11 
11 0 11 11 0 11 0 0 11 0 11 11 0 11 15 0 0 11 0 0 0 0 0 11 11 0 0 0 0 0 0 11 0 11 11 0 11 0 0 0 11 11 11 
11 0 0 11 0 0 0 0 0 0 0 0 11 0 11 0 0 0 0 0 0 11 0 0 0 0 0 0 0 0 0 0 0 0 0 0 0 0 0 0 0 11 11 
11 0 0 11 0 0 0 0 0 0 0 0 0 0 0 0 0 0 0 0 0 11 11 11 11 0 0 0 0 0 0 11 0 11 0 0 0 0 11 0 0 0 11 
11 0 0 0 0 0 11 0 0 0 0 0 0 0 0 0 0 0 11 0 0 11 0 0 0 11 0 11 11 0 0 11 0 0 0 11 0 11 0 0 0 0 11 
11 11 11 11 11 11 11 11 11 11 11 11 11 11 11 11 11 11 11 11 11 11 11 11 11 11 11 11 11 11 11 11 11 11 11 11 11 11 11 11 11 11 11 

17155
11 11 11 11 11 11 11 11 11 11 11 11 11 11 11 11 11 11 11 11 11 11 11 11 11 11 11 11 11 11 11 11 11 11 11 11 11 11 11 11 11 11 11 
11 11 0 0 0 0 0 0 0 11 0 0 11 0 0 0 0 0 0 11 11 0 0 0 0 0 11 0 0 0 0 11 0 0 11 0 11 0 0 0 0 0 11 
11 0 0 0 0 0 0 0 0 0 11 0 0 11 0 0 0 0 11 11 0 0 0 11 0 0 0 0 0 11 0 15 0 0 0 0 0 0 0 0 0 0 11 
11 0 11 0 0 0 0 0 0 0 0 11 0 11 0 0 11 0 0 0 0 0 0 0 0 0 0 0 0 0 0 11 0 0 0 0 11 0 0 0 0 0 11 
11 11 0 0 11 0 0 0 0 11 0 11 0 11 0 11 11 0 0 0 0 0 0 0 0 0 11 0 0 0 0 0 0 0 0 11 0 0 11 11 0 0 11 
11 0 0 0 0 0 0 0 0 0 0 0 0 0 0 0 11 0 11 0 0 0 0 11 0 0 0 0 0 0 0 0 11 0 0 0 11 0 0 0 0 0 11 
11 0 0 0 0 0 11 0 0 0 11 0 0 0 11 0 0 0 11 0 0 0 11 0 0 0 0 11 0 0 0 0 0 0 0 0 0 0 0 0 0 0 11 
11 11 11 0 0 0 0 0 0 0 0 0 0 0 11 11 0 11 11 0 11 11 0 0 11 0 0 0 0 0 0 0 0 0 0 0 0 11 0 0 0 0 11 
11 0 0 0 0 15 0 0 0 0 0 0 0 0 0 0 0 11 0 0 11 0 0 0 0 0 0 0 0 0 0 11 0 0 0 0 11 11 0 0 0 0 11 
11 0 0 11 0 0 11 0 0 0 0 11 11 0 11 0 0 0 0 0 0 0 0 0 0 0 11 0 11 0 0 0 0 0 0 11 0 0 0 0 0 11 11 
11 11 0 0 11 0 0 0 0 0 0 0 0 11 0 11 0 0 0 0 0 0 0 0 0 0 0 0 0 0 0 0 0 0 0 0 0 0 0 0 0 0 11 
11 0 11 0 0 11 0 0 0 0 0 0 0 0 0 0 0 0 0 0 0 0 11 0 11 0 0 0 0 0 0 11 0 0 11 0 0 0 0 0 0 0 11 
11 0 0 0 0 11 0 0 0 11 11 0 0 0 0 0 11 0 11 0 0 0 0 0 0 0 15 0 0 0 0 0 0 0 0 0 0 0 0 0 0 0 11 
11 0 0 0 0 0 0 0 0 0 0 0 0 0 0 11 0 11 0 0 0 0 0 0 0 11 0 0 11 0 0 0 0 11 11 0 0 0 11 0 0 11 11 
11 0 0 0 0 11 0 0 0 0 0 0 0 0 0 0 0 0 0 0 0 0 15 11 0 11 0 0 11 0 0 0 0 0 11 11 0 11 0 0 0 0 11 
11 11 11 0 0 0 0 11 11 0 0 0 0 11 0 0 11 0 0 0 0 0 0 0 0 11 0 0 0 0 0 0 0 0 0 0 0 0 0 11 0 0 11 
11 11 0 11 11 11 0 0 0 0 0 0 0 0 11 11 15 0 0 11 0 0 0 0 11 0 0 0 11 0 11 0 0 0 0 0 0 0 11 0 0 0 11 
11 0 0 11 11 0 0 0 11 0 11 0 0 0 0 0 0 0 0 0 0 0 0 0 0 0 0 0 0 15 0 0 0 11 0 0 0 0 0 0 0 0 11 
11 0 11 0 0 0 0 0 11 0 0 0 11 11 0 0 0 0 0 0 0 0 0 0 0 0 0 0 11 0 11 0 11 0 0 0 0 11 0 0 0 0 11 
11 0 0 0 11 0 0 0 0 0 11 11 0 0 0 0 0 11 0 0 11 0 0 0 0 0 11 11 0 0 0 0 0 11 0 0 11 0 0 0 11 0 11 
11 0 0 0 0 0 11 11 11 11 0 0 0 0 0 0 0 0 0 11 0 0 0 0 0 11 0 0 0 11 0 0 11 0 0 0 0 11 11 11 0 0 11 
11 0 0 0 0 0 0 0 0 0 15 0 11 0 0 11 11 0 0 0 0 0 0 11 0 0 0 0 0 0 0 11 0 11 0 11 0 0 11 0 0 0 11 
11 11 0 0 0 11 0 0 0 0 0 0 0 0 0 11 0 0 0 0 0 0 0 0 0 0 0 0 0 0 0 0 0 0 0 0 0 0 0 0 0 0 11 
11 0 0 0 0 0 11 0 0 0 0 0 0 0 0 0 0 0 11 0 0 0 0 0 11 11 0 0 0 0 0 0 11 0 0 0 0 0 0 0 0 0 11 
11 0 0 0 0 0 0 0 0 0 0 0 0 0 0 0 0 0 0 11 0 0 0 0 0 0 0 0 0 0 11 0 0 0 0 0 0 0 0 0 0 0 11 
11 0 0 0 0 0 0 0 0 0 0 0 0 0 0 11 0 0 0 0 0 0 0 0 11 0 0 0 0 0 0 0 0 0 0 0 0 0 0 0 0 0 11 
11 0 0 0 0 11 0 0 0 11 0 0 0 11 0 11 11 0 0 11 0 0 0 0 0 11 0 0 0 11 0 0 0 0 0 0 0 0 0 0 11 0 11 
11 0 0 11 0 0 0 0 0 0 0 0 0 0 0 0 0 0 0 0 0 0 0 0 11 0 0 11 0 11 11 11 0 0 0 0 0 0 0 11 0 11 11 
11 11 11 0 0 11 0 0 0 0 0 0 0 0 0 0 0 11 0 0 0 0 0 11 11 0 11 0 0 0 0 11 0 0 11 11 0 0 11 0 0 0 11 
11 11 0 0 15 0 0 0 11 0 0 0 0 0 0 0 0 0 11 11 0 0 0 11 0 0 0 0 0 0 0 0 0 0 11 0 0 0 11 11 11 11 11 
11 0 0 0 0 0 0 0 0 11 11 0 0 0 0 0 0 0 0 0 0 11 0 0 11 0 0 0 0 11 0 11 11 11 11 0 0 0 11 0 0 0 11 
11 11 11 0 11 0 11 0 0 11 11 0 11 0 0 0 0 0 11 0 0 11 0 11 0 11 0 0 0 0 0 0 0 0 0 11 0 0 0 0 0 0 11 
11 0 11 11 0 11 0 0 11 0 11 11 0 11 15 0 0 11 0 0 0 0 0 11 11 0 0 0 0 0 0 11 0 11 11 0 11 0 0 0 11 11 11 
11 0 0 11 0 0 0 0 0 0 0 0 11 0 11 0 0 0 0 0 0 11 0 0 0 0 0 0 0 0 0 0 0 0 0 0 0 0 0 0 0 11 11 
11 0 0 11 0 0 0 0 0 0 0 0 0 0 0 0 0 0 0 0 0 11 11 11 11 0 0 0 0 0 0 11 0 11 0 0 0 0 11 0 0 0 11 
11 0 0 0 0 0 11 0 0 0 0 0 0 0 0 0 0 0 11 0 0 11 0 0 0 11 0 11 11 0 0 11 0 0 0 11 0 11 0 0 0 0 11 
11 11 11 11 11 11 11 11 11 11 11 11 11 11 11 11 11 11 11 11 11 11 11 11 11 11 11 11 11 11 11 11 11 11 11 11 11 11 11 11 11 11 11 

17111
11 11 11 11 11 11 11 11 11 11 11 11 11 11 11 11 11 11 11 11 11 11 11 11 11 11 11 11 11 11 11 11 11 11 11 11 11 11 11 11 11 11 11 
11 11 0 0 0 0 0 0 0 11 0 0 11 0 0 0 0 0 0 11 11 0 0 0 0 0 11 0 0 0 0 11 0 0 11 0 11 0 0 0 0 0 11 
11 0 0 0 0 0 0 0 0 0 11 0 0 11 0 0 0 0 11 11 0 0 0 11 0 0 0 0 0 11 0 0 0 0 0 0 0 0 0 0 0 0 11 
11 0 11 0 0 0 0 0 0 0 0 11 0 11 0 0 11 0 0 0 0 0 0 0 0 0 0 0 0 0 0 11 0 0 0 0 11 0 0 0 0 0 11 
11 11 0 0 11 0 0 0 0 11 0 11 0 11 0 11 11 0 0 0 0 0 0 0 0 0 11 0 0 0 0 0 0 0 0 11 0 0 11 11 0 0 11 
11 0 0 0 0 0 0 0 0 0 0 0 0 0 0 0 11 0 11 0 0 0 0 11 0 0 0 0 0 0 0 0 11 0 0 0 11 0 0 0 0 0 11 
11 0 0 0 0 0 11 0 0 0 11 0 0 0 11 0 0 0 11 0 0 0 11 0 0 0 0 11 0 0 0 0 0 0 0 0 0 0 0 0 0 0 11 
11 11 11 0 0 0 0 0 0 0 0 0 0 0 11 11 0 11 11 0 11 11 0 0 11 0 0 0 0 0 0 0 0 15 0 0 0 11 0 0 0 0 11 
11 0 0 0 0 0 0 0 15 0 0 0 0 0 0 0 0 11 0 0 11 0 0 0 0 0 0 0 0 0 0 11 0 0 0 0 11 11 0 0 0 0 11 
11 0 0 11 0 0 11 0 0 0 0 11 11 0 11 0 0 0 0 0 0 0 0 0 0 0 11 0 11 0 0 0 0 0 0 11 0 0 0 0 0 11 11 
11 11 0 0 11 0 0 0 0 0 0 0 0 11 0 11 0 0 0 0 0 0 0 0 0 0 0 0 0 0 0 0 0 0 0 0 0 0 0 0 0 0 11 
11 0 11 0 0 11 0 0 0 0 0 0 0 0 0 0 0 0 0 0 0 0 11 0 11 0 0 0 0 0 0 11 0 0 11 0 0 0 0 0 0 0 11 
11 0 0 0 0 11 0 0 0 11 11 0 0 0 0 0 11 0 11 0 0 0 15 0 0 0 0 0 0 0 0 0 0 0 0 0 0 0 0 0 0 0 11 
11 0 0 0 0 0 0 0 0 0 0 0 0 0 0 11 0 11 0 0 0 0 0 0 0 11 14 0 11 0 0 0 0 11 11 0 0 0 11 0 0 11 11 
11 0 0 0 0 11 0 0 0 0 0 0 0 0 0 0 0 0 0 0 0 0 0 11 0 11 0 0 11 0 0 0 0 0 11 11 0 11 0 0 0 0 11 
11 11 11 0 0 0 0 11 11 0 0 0 0 11 0 0 11 0 0 0 0 0 0 0 0 11 0 0 0 0 0 0 0 0 0 0 0 0 0 11 0 0 11 
11 11 0 11 11 11 0 0 0 0 0 0 0 0 11 11 0 0 0 11 0 0 0 0 11 0 0 0 11 0 11 0 0 0 0 0 0 0 11 0 0 0 11 
11 0 0 11 11 0 0 0 11 0 11 0 0 0 0 0 0 0 0 0 0 0 0 0 0 0 0 0 15 0 0 0 0 11 0 0 0 0 0 0 0 0 11 
11 0 11 0 0 0 15 0 11 0 0 0 11 11 0 0 0 0 0 0 0 0 0 0 0 0 0 0 11 0 11 0 11 0 0 0 0 11 0 0 0 0 11 
11 0 0 0 11 0 0 0 0 0 11 11 0 0 0 0 0 11 0 0 11 0 0 0 0 0 11 11 0 0 0 0 0 11 0 0 11 0 0 0 11 0 11 
11 0 0 0 0 0 11 11 11 11 0 0 0 0 0 0 0 0 0 11 0 0 0 0 0 11 0 0 0 11 0 0 11 0 0 0 0 11 11 11 0 0 11 
11 0 0 0 0 0 0 0 0 0 0 0 11 0 0 11 11 0 0 0 0 0 0 11 0 0 0 0 0 0 0 11 0 11 0 11 0 0 11 0 0 0 11 
11 11 0 0 0 11 0 0 0 0 0 0 0 0 0 11 0 0 0 0 0 0 0 0 0 0 0 0 0 0 0 0 0 0 0 0 0 0 0 0 0 0 11 
11 0 0 0 0 0 11 0 0 0 0 0 0 0 0 0 0 0 11 0 0 0 0 0 11 11 0 0 11 0 0 0 11 0 0 0 0 0 0 0 0 0 11 
11 0 0 0 0 0 0 0 0 0 0 0 0 0 0 0 0 0 0 11 0 0 0 0 0 0 0 0 0 0 11 0 0 0 0 0 0 0 0 0 0 0 11 
11 0 0 0 0 0 0 0 0 0 0 0 0 0 0 11 0 0 0 0 0 0 0 0 11 0 0 0 0 0 0 0 0 0 0 0 0 0 0 0 0 0 11 
11 0 0 0 0 11 0 0 0 11 0 0 0 11 0 11 11 0 0 11 0 0 0 0 0 11 0 0 0 11 0 0 0 0 0 0 0 0 0 0 11 0 11 
11 0 0 11 0 0 0 0 0 0 0 0 0 0 0 12 0 0 0 0 0 0 0 0 11 0 0 11 0 11 11 11 0 0 0 0 0 0 0 11 0 11 11 
11 11 11 15 0 11 0 0 0 0 0 0 0 0 0 0 0 11 0 0 0 0 0 11 11 0 11 0 0 0 0 11 0 0 11 11 0 0 11 0 0 0 11 
11 11 0 0 0 0 0 0 11 0 0 0 15 0 0 0 0 0 11 11 0 0 0 11 0 0 0 0 0 0 0 0 0 0 11 0 0 0 11 11 11 11 11 
11 0 0 0 0 0 0 0 0 11 11 0 0 0 0 0 0 0 0 0 0 11 0 0 11 0 0 0 0 11 0 11 11 11 11 0 0 0 11 0 0 0 11 
11 11 11 0 11 0 11 0 0 11 11 0 11 13 0 0 0 0 11 0 0 11 0 11 0 11 0 0 0 0 0 0 0 0 0 11 0 0 0 0 0 0 11 
11 0 11 11 0 11 0 0 11 0 11 11 0 11 0 0 0 11 0 0 0 0 0 11 11 0 0 0 0 0 0 11 0 11 11 0 11 0 0 0 11 11 11 
11 0 0 11 0 0 0 0 0 0 0 0 11 0 11 0 0 0 0 0 0 11 0 0 0 0 0 0 0 0 0 0 0 0 0 0 0 0 0 0 0 11 11 
11 0 0 11 0 0 0 0 0 0 0 0 0 0 0 0 0 0 0 0 0 11 11 11 11 0 0 0 0 0 0 11 0 11 0 0 0 0 11 0 0 0 11 
11 0 0 0 0 0 11 0 0 0 0 0 0 0 0 0 0 0 11 0 0 11 0 0 0 11 0 11 11 0 0 11 0 0 0 11 0 11 0 0 0 0 11 
11 11 11 11 11 11 11 11 11 11 11 11 11 11 11 11 11 11 11 11 11 11 11 11 11 11 11 11 11 11 11 11 11 11 11 11 11 11 11 11 11 11 11 

17039
11 11 11 11 11 11 11 11 11 11 11 11 11 11 11 11 11 11 11 11 11 11 11 11 11 11 11 11 11 11 11 11 11 11 11 11 11 11 11 11 11 11 11 
11 11 0 0 0 0 0 0 0 11 0 0 11 0 0 0 0 0 0 11 11 0 0 0 0 0 11 0 0 0 0 11 0 0 11 0 11 0 0 0 0 0 11 
11 0 0 0 0 0 0 0 0 0 11 0 0 11 0 0 0 0 11 11 0 0 0 11 0 0 0 0 0 11 0 0 0 0 0 0 0 0 0 0 0 0 11 
11 0 11 0 0 0 0 0 0 0 0 11 0 11 0 0 11 0 0 0 0 0 0 0 0 0 0 0 0 0 0 11 0 0 0 0 11 0 0 0 0 0 11 
11 11 0 0 11 0 0 0 0 11 0 11 0 11 0 11 11 0 0 0 0 0 0 0 0 0 11 0 0 0 0 0 0 0 0 11 0 0 11 11 0 0 11 
11 0 0 0 0 0 0 0 0 0 0 0 0 0 0 0 11 0 11 0 0 0 0 11 0 0 0 0 0 0 0 0 11 0 0 0 11 0 0 0 0 0 11 
11 0 0 0 0 0 11 0 0 0 11 0 0 0 11 0 0 0 11 0 0 0 11 0 0 0 0 11 0 0 0 0 0 0 0 0 0 0 0 0 0 0 11 
11 11 11 0 0 0 0 0 0 0 0 0 0 0 11 11 0 11 11 0 11 11 0 0 11 0 0 0 0 0 0 0 0 0 15 0 0 11 0 0 0 0 11 
11 0 0 0 0 0 0 15 0 0 0 0 0 0 0 0 0 11 0 0 11 0 0 0 0 0 0 0 0 0 0 11 0 0 0 0 11 11 0 0 0 0 11 
11 0 0 11 0 0 11 0 0 0 0 11 11 0 11 0 0 0 0 0 0 0 0 0 0 0 11 0 11 0 0 0 0 0 0 11 0 0 0 0 0 11 11 
11 11 0 0 11 0 0 0 0 0 0 0 0 11 0 11 0 0 0 0 0 0 0 0 0 0 0 0 0 0 0 0 0 0 0 0 0 0 0 0 0 0 11 
11 0 11 0 0 11 0 0 0 0 0 0 0 0 0 0 0 0 0 0 0 0 11 0 11 0 0 0 0 0 0 11 0 0 11 0 0 0 0 0 0 0 11 
11 0 0 0 0 11 0 0 0 11 11 0 0 0 0 0 11 0 11 0 14 14 0 0 0 0 0 0 0 0 0 0 0 0 0 0 0 0 0 0 0 0 11 
11 0 0 0 0 0 0 0 0 0 0 0 0 0 0 11 0 11 0 0 0 0 0 0 0 11 0 15 11 0 0 0 0 11 11 0 0 0 11 0 0 11 11 
11 0 0 0 0 11 0 0 0 0 0 0 0 0 0 0 0 0 0 0 0 0 0 11 0 11 0 0 11 0 0 0 0 0 11 11 0 11 0 0 0 0 11 
11 11 11 0 0 0 0 11 11 0 0 0 0 11 0 0 11 0 0 0 0 0 0 0 0 11 0 0 0 0 0 0 0 0 0 0 0 0 0 11 0 0 11 
11 11 0 11 11 11 0 0 0 0 0 0 0 0 11 11 0 0 0 11 0 0 0 0 11 0 0 0 11 0 11 14 0 0 0 0 0 0 11 0 0 0 11 
11 0 0 11 11 0 0 0 11 0 11 0 0 0 0 0 0 0 0 0 0 0 0 0 0 0 0 0 0 0 0 0 0 11 0 0 0 0 0 0 0 0 11 
11 0 11 0 0 0 0 0 11 0 0 0 11 11 0 0 0 0 0 0 0 0 0 0 0 0 0 0 11 0 11 0 11 0 0 0 0 11 0 0 0 0 11 
11 0 0 0 11 0 0 0 0 0 11 11 0 0 0 0 0 11 0 0 11 0 0 0 0 0 11 11 0 0 0 0 0 11 0 0 11 0 0 0 11 0 11 
11 0 0 0 0 0 11 11 11 11 0 0 0 0 0 0 0 0 0 11 0 0 0 0 0 11 0 14 0 11 0 0 11 0 0 0 0 11 11 11 0 0 11 
11 0 0 0 0 0 0 0 0 15 0 0 11 0 0 11 11 0 0 0 0 0 0 11 0 0 0 0 0 0 0 11 0 11 0 11 0 0 11 0 0 0 11 
11 11 0 0 0 11 0 0 0 0 0 0 0 0 0 11 0 0 0 0 0 0 0 0 0 0 0 0 0 0 0 0 0 0 0 0 0 0 0 0 0 0 11 
11 0 0 0 0 0 11 0 0 0 0 0 0 0 0 0 0 0 11 0 0 0 0 0 11 11 0 0 0 0 0 0 11 0 0 0 0 0 0 0 0 0 11 
11 0 0 0 0 0 0 0 0 0 0 0 0 0 0 0 0 0 0 11 0 0 0 0 0 0 0 0 0 0 11 0 0 0 0 0 0 0 0 0 0 0 11 
11 0 0 0 0 0 0 0 0 0 0 0 0 0 0 11 0 0 0 0 0 0 0 0 11 0 0 0 0 0 0 0 0 0 0 0 0 0 0 0 0 0 11 
11 0 0 0 0 11 0 0 0 11 0 0 0 11 0 11 11 0 0 11 0 0 0 0 0 11 0 0 0 11 0 0 0 0 0 0 0 0 0 0 11 0 11 
11 0 0 11 0 0 0 0 0 0 0 0 0 0 0 0 0 0 0 0 0 0 0 0 11 0 0 11 0 11 11 11 0 0 0 0 0 0 0 11 0 11 11 
11 11 11 0 0 11 0 0 0 0 0 0 0 0 0 0 0 11 0 0 0 0 0 11 11 0 11 0 0 0 0 11 0 0 11 11 0 0 11 0 0 0 11 
11 11 0 15 0 0 0 0 11 0 0 0 0 0 0 0 0 0 11 11 0 0 0 11 0 0 0 0 0 0 0 0 0 0 11 0 0 0 11 11 11 11 11 
11 0 0 0 0 0 0 0 0 11 11 0 0 0 0 0 0 0 0 0 0 11 0 0 11 0 0 0 0 11 0 11 11 11 11 0 0 0 11 0 0 0 11 
11 11 11 0 11 0 11 0 0 11 11 0 11 0 0 0 0 0 11 0 0 11 0 11 0 11 0 0 0 0 0 0 0 0 0 11 0 0 0 0 0 0 11 
11 0 11 11 0 11 0 0 11 0 11 11 0 11 0 0 0 11 0 0 0 0 0 11 11 0 0 0 0 0 0 11 0 11 11 0 11 0 0 0 11 11 11 
11 0 0 11 0 0 0 0 0 15 15 0 11 0 11 0 0 0 0 0 0 11 0 0 0 0 0 0 0 0 0 0 0 0 0 0 0 0 0 0 0 11 11 
11 0 0 11 0 0 0 0 0 0 0 0 0 0 0 0 0 0 0 0 0 11 11 11 11 0 0 0 0 0 0 11 0 11 0 0 0 0 11 0 0 0 11 
11 0 0 0 0 0 11 0 0 0 0 0 0 0 0 0 0 0 11 0 0 11 0 0 0 11 0 11 11 0 0 11 0 0 0 11 0 11 0 0 0 0 11 
11 11 11 11 11 11 11 11 11 11 11 11 11 11 11 11 11 11 11 11 11 11 11 11 11 11 11 11 11 11 11 11 11 11 11 11 11 11 11 11 11 11 11 

17178
11 11 11 11 11 11 11 11 11 11 11 11 11 11 11 11 11 11 11 11 11 11 11 11 11 11 11 11 11 11 11 11 11 11 11 11 11 11 11 11 11 11 11 
11 11 0 0 0 0 0 11 0 11 0 0 0 0 0 0 0 0 0 11 11 0 0 0 0 0 0 0 0 0 0 11 0 0 11 0 11 0 0 0 0 0 11 
11 0 0 0 0 0 0 0 0 0 11 0 0 11 0 0 0 0 11 0 0 0 0 11 0 0 0 0 0 11 0 0 0 0 0 0 0 0 0 0 0 0 11 
11 0 11 0 0 0 0 0 0 0 0 11 0 11 0 0 11 0 0 0 0 0 0 0 0 0 0 0 0 0 0 11 0 0 0 0 11 0 0 0 0 0 11 
11 11 0 0 11 0 0 11 0 11 0 11 0 11 0 11 11 11 0 0 0 0 0 0 0 0 11 0 0 0 0 0 0 0 0 11 0 0 11 11 0 0 11 
11 0 0 0 0 0 0 0 0 0 0 0 0 0 0 0 0 0 11 0 0 0 0 11 0 0 0 0 11 0 0 0 11 0 0 0 11 0 0 0 0 0 11 
11 0 0 0 0 0 11 0 0 0 11 0 0 0 11 0 0 0 11 0 0 0 11 0 0 0 0 11 0 0 0 0 15 0 0 0 0 0 0 0 0 0 11 
11 11 11 0 0 0 11 0 0 0 0 0 0 0 11 11 0 11 11 0 11 11 0 0 11 0 0 0 0 0 0 0 0 0 0 0 0 11 0 0 0 0 11 
11 0 0 0 0 0 0 0 0 0 0 0 0 0 0 0 0 11 0 0 0 0 0 0 0 0 0 0 0 0 0 11 0 0 0 0 11 11 0 0 0 0 11 
11 0 0 11 15 0 0 0 0 0 0 11 11 0 11 0 0 0 0 0 0 0 0 0 0 0 11 0 11 0 0 0 0 0 0 11 0 0 0 0 0 11 11 
11 11 0 0 11 0 0 0 0 0 0 0 0 11 0 11 0 0 0 0 0 0 0 0 0 0 0 0 0 0 0 0 0 0 0 0 0 0 0 0 0 0 11 
11 0 11 0 0 11 0 0 0 0 0 0 0 0 0 0 0 0 0 0 0 0 11 0 11 0 0 0 0 0 0 11 0 0 11 0 0 0 0 0 0 0 11 
11 0 0 0 0 11 0 0 0 11 11 0 0 0 0 0 11 0 11 0 0 0 0 0 14 0 0 0 0 0 0 0 0 0 0 0 0 0 0 0 0 0 11 
11 0 0 0 0 0 0 0 0 0 0 0 0 0 0 11 0 11 0 0 0 0 0 0 0 11 0 0 11 0 0 0 0 11 0 0 0 0 11 0 0 11 11 
11 0 0 0 0 11 0 0 0 0 0 0 0 0 0 0 0 0 0 0 0 0 0 11 0 11 0 0 11 0 0 0 0 0 11 11 0 11 0 0 0 0 11 
11 11 11 0 0 0 0 11 11 0 0 0 0 11 0 0 11 0 0 0 0 0 0 0 0 11 0 0 0 0 0 0 0 0 0 0 0 0 0 11 0 0 11 
11 11 0 11 11 11 0 0 0 0 0 0 0 0 11 11 0 0 0 11 0 0 0 15 11 0 0 0 11 11 11 0 0 0 0 0 0 0 11 0 0 0 11 
11 0 0 11 11 0 0 0 11 0 11 0 0 0 0 0 0 0 0 0 0 0 0 0 0 0 0 0 0 0 0 0 0 11 0 0 0 0 0 0 11 0 11 
11 0 11 0 0 0 0 0 11 0 0 0 11 11 0 0 0 0 0 0 0 0 0 0 0 0 0 0 11 0 11 0 11 0 0 0 0 11 0 0 0 0 11 
11 0 0 0 11 0 0 0 0 0 0 11 0 0 0 0 0 11 0 0 11 0 0 0 0 0 11 11 0 0 0 0 0 11 0 0 11 0 0 0 11 0 11 
11 0 0 0 0 0 11 11 11 11 0 0 0 0 0 0 0 0 0 11 0 0 0 0 0 11 0 15 0 11 0 0 11 0 0 0 0 11 11 11 0 0 11 
11 0 0 0 0 0 0 0 0 15 0 0 11 0 0 11 11 0 0 0 0 0 0 11 0 0 0 0 0 0 0 11 0 11 0 11 0 0 11 0 0 0 11 
11 11 0 0 0 11 0 0 0 0 11 0 0 11 0 11 0 0 0 0 0 0 0 0 0 0 0 0 0 0 0 0 0 0 0 0 0 0 0 0 0 0 11 
11 0 0 0 0 0 11 0 0 0 0 0 0 0 0 0 0 0 11 0 0 0 0 0 11 11 0 0 0 0 0 0 11 0 0 0 0 0 0 0 0 0 11 
11 0 0 0 0 0 0 0 0 0 0 0 0 0 0 0 0 0 0 11 0 0 0 0 0 0 0 0 0 0 11 0 0 0 0 0 0 0 0 0 0 0 11 
11 0 0 0 0 0 0 0 0 0 0 0 0 0 0 11 0 0 0 0 0 0 0 0 11 0 0 0 0 0 0 0 0 0 0 0 0 0 0 0 0 0 11 
11 0 0 11 0 11 0 0 0 11 0 0 0 11 0 11 11 0 0 11 0 0 0 0 0 11 0 0 0 11 0 0 0 0 0 0 0 0 0 0 11 0 11 
11 0 11 11 0 0 0 0 0 0 0 0 0 0 0 0 0 0 0 0 0 0 0 0 11 0 0 11 0 11 11 11 0 0 0 0 0 0 0 11 0 11 11 
11 11 11 0 0 11 0 0 0 0 0 0 0 0 0 0 0 11 0 0 0 0 0 11 11 0 11 0 0 0 0 11 0 0 11 11 0 0 11 0 0 0 11 
11 11 0 0 0 15 0 0 11 0 0 0 11 0 0 0 0 0 11 11 0 0 0 11 0 0 0 0 0 0 0 0 0 0 11 0 0 0 11 11 11 11 11 
11 0 0 0 0 0 0 0 0 0 11 0 0 0 0 0 0 0 0 0 0 11 0 0 11 0 0 0 11 11 0 11 11 0 11 0 0 0 11 0 0 0 11 
11 11 11 0 11 0 11 0 0 11 11 0 11 0 0 0 0 0 0 0 0 11 0 11 0 11 0 0 0 0 0 0 0 0 0 11 0 0 0 0 0 0 11 
11 0 11 11 0 0 0 0 11 0 11 11 0 11 0 0 0 11 0 0 0 0 0 11 11 0 0 0 0 0 0 11 0 11 11 0 11 0 0 0 11 11 11 
11 0 0 11 0 0 0 0 0 0 0 15 11 0 11 0 0 0 0 0 0 11 0 0 0 0 0 0 0 0 0 0 0 0 0 0 0 0 0 0 0 11 11 
11 0 0 11 0 0 0 0 0 0 0 0 0 0 0 0 0 0 0 0 0 11 11 11 11 0 0 0 0 0 0 11 0 0 0 0 0 0 11 0 0 0 11 
11 0 0 0 0 0 11 0 0 0 0 0 0 0 0 0 0 0 11 0 0 11 0 0 0 11 0 11 11 0 0 11 0 0 0 11 0 11 0 0 0 0 11 
11 11 11 11 11 11 11 11 11 11 11 11 11 11 11 11 11 11 11 11 11 11 11 11 11 11 11 11 11 11 11 11 11 11 11 11 11 11 11 11 11 11 11 

17178
11 11 11 11 11 11 11 11 11 11 11 11 11 11 11 11 11 11 11 11 11 11 11 11 11 11 11 11 11 11 11 11 11 11 11 11 11 11 11 11 11 11 11 
11 11 0 0 0 0 0 11 0 11 0 0 0 0 0 0 0 0 0 11 11 0 0 0 0 0 0 0 0 0 0 11 0 0 11 0 11 0 0 0 0 0 11 
11 0 0 0 0 0 0 0 0 0 11 0 0 11 0 0 0 0 11 0 0 0 0 11 0 0 0 0 0 11 0 0 0 0 0 0 0 0 0 0 0 0 11 
11 0 11 0 0 0 0 0 0 0 0 11 0 11 0 0 11 0 0 0 0 0 0 0 0 0 0 0 0 0 0 11 0 0 0 0 11 0 0 0 0 0 11 
11 11 0 0 11 0 0 11 0 11 0 11 0 11 0 11 11 11 0 0 0 0 0 0 0 0 11 0 0 0 0 0 0 0 0 11 0 0 11 11 0 0 11 
11 0 0 0 0 0 0 0 0 0 0 0 0 0 0 0 0 0 11 0 0 0 0 11 0 0 0 0 11 0 0 0 11 0 0 0 11 0 0 0 0 0 11 
11 0 0 0 0 0 11 0 0 0 11 0 0 0 11 0 0 0 11 0 0 0 11 0 0 0 0 11 0 0 0 0 15 0 0 0 0 0 0 0 0 0 11 
11 11 11 0 0 0 11 0 0 0 0 0 0 0 11 11 0 11 11 0 11 11 0 0 11 0 0 0 0 0 0 0 0 0 0 0 0 11 0 0 0 0 11 
11 0 0 0 0 0 0 0 0 0 0 0 0 0 0 0 0 11 0 0 0 0 0 0 0 0 0 0 0 0 0 11 0 0 0 0 11 11 0 0 0 0 11 
11 0 0 11 15 0 0 0 0 0 0 11 11 0 11 0 0 0 0 0 0 0 0 0 0 0 11 0 11 0 0 0 0 0 0 11 0 0 0 0 0 11 11 
11 11 0 0 11 0 0 0 0 0 0 0 0 11 0 11 0 0 0 0 0 0 0 0 0 0 0 0 0 0 0 0 0 0 0 0 0 0 0 0 0 0 11 
11 0 11 0 0 11 0 0 0 0 0 0 0 0 0 0 0 0 0 0 0 0 11 0 11 0 0 0 0 0 0 11 0 0 11 0 0 0 0 0 0 0 11 
11 0 0 0 0 11 0 0 0 11 11 0 0 0 0 0 11 0 11 0 0 0 0 0 14 0 0 0 0 0 0 0 0 0 0 0 0 0 0 0 0 0 11 
11 0 0 0 0 0 0 0 0 0 0 0 0 0 0 11 0 11 0 0 0 0 0 0 0 11 0 0 11 0 0 0 0 11 0 0 0 0 11 0 0 11 11 
11 0 0 0 0 11 0 0 0 0 0 0 0 0 0 0 0 0 0 0 0 0 0 11 0 11 0 0 11 0 0 0 0 0 11 11 0 11 0 0 0 0 11 
11 11 11 0 0 0 0 11 11 0 0 0 0 11 0 0 11 0 0 0 0 0 0 0 0 11 0 0 0 0 0 0 0 0 0 0 0 0 0 11 0 0 11 
11 11 0 11 11 11 0 0 0 0 0 0 0 0 11 11 0 0 0 11 0 0 0 15 11 0 0 0 11 11 11 0 0 0 0 0 0 0 11 0 0 0 11 
11 0 0 11 11 0 0 0 11 0 11 0 0 0 0 0 0 0 0 0 0 0 0 0 0 0 0 0 0 0 0 0 0 11 0 0 0 0 0 0 11 0 11 
11 0 11 0 0 0 0 0 11 0 0 0 11 11 0 0 0 0 0 0 0 0 0 0 0 0 0 0 11 0 11 0 11 0 0 0 0 11 0 0 0 0 11 
11 0 0 0 11 0 0 0 0 0 0 11 0 0 0 0 0 11 0 0 11 0 0 0 0 0 11 11 0 0 0 0 0 11 0 0 11 0 0 0 11 0 11 
11 0 0 0 0 0 11 11 11 11 0 0 0 0 0 0 0 0 0 11 0 0 0 0 0 11 0 15 0 11 0 0 11 0 0 0 0 11 11 11 0 0 11 
11 0 0 0 0 0 0 0 0 15 0 0 11 0 0 11 11 0 0 0 0 0 0 11 0 0 0 0 0 0 0 11 0 11 0 11 0 0 11 0 0 0 11 
11 11 0 0 0 11 0 0 0 0 11 0 0 11 0 11 0 0 0 0 0 0 0 0 0 0 0 0 0 0 0 0 0 0 0 0 0 0 0 0 0 0 11 
11 0 0 0 0 0 11 0 0 0 0 0 0 0 0 0 0 0 11 0 0 0 0 0 11 11 0 0 0 0 0 0 11 0 0 0 0 0 0 0 0 0 11 
11 0 0 0 0 0 0 0 0 0 0 0 0 0 0 0 0 0 0 11 0 0 0 0 0 0 0 0 0 0 11 0 0 0 0 0 0 0 0 0 0 0 11 
11 0 0 0 0 0 0 0 0 0 0 0 0 0 0 11 0 0 0 0 0 0 0 0 11 0 0 0 0 0 0 0 0 0 0 0 0 0 0 0 0 0 11 
11 0 0 11 0 11 0 0 0 11 0 0 0 11 0 11 11 0 0 11 0 0 0 0 0 11 0 0 0 11 0 0 0 0 0 0 0 0 0 0 11 0 11 
11 0 11 11 0 0 0 0 0 0 0 0 0 0 0 0 0 0 0 0 0 0 0 0 11 0 0 11 0 11 11 11 0 0 0 0 0 0 0 11 0 11 11 
11 11 11 0 0 11 0 0 0 0 0 0 0 0 0 0 0 11 0 0 0 0 0 11 11 0 11 0 0 0 0 11 0 0 11 11 0 0 11 0 0 0 11 
11 11 0 0 0 15 0 0 11 0 0 0 11 0 0 0 0 0 11 11 0 0 0 11 0 0 0 0 0 0 0 0 0 0 11 0 0 0 11 11 11 11 11 
11 0 0 0 0 0 0 0 0 0 11 0 0 0 0 0 0 0 0 0 0 11 0 0 11 0 0 0 11 11 0 11 11 0 11 0 0 0 11 0 0 0 11 
11 11 11 0 11 0 11 0 0 11 11 0 11 0 0 0 0 0 0 0 0 11 0 11 0 11 0 0 0 0 0 0 0 0 0 11 0 0 0 0 0 0 11 
11 0 11 11 0 0 0 0 11 0 11 11 0 11 0 0 0 11 0 0 0 0 0 11 11 0 0 0 0 0 0 11 0 11 11 0 11 0 0 0 11 11 11 
11 0 0 11 0 0 0 0 0 0 0 15 11 0 11 0 0 0 0 0 0 11 0 0 0 0 0 0 0 0 0 0 0 0 0 0 0 0 0 0 0 11 11 
11 0 0 11 0 0 0 0 0 0 0 0 0 0 0 0 0 0 0 0 0 11 11 11 11 0 0 0 0 0 0 11 0 0 0 0 0 0 11 0 0 0 11 
11 0 0 0 0 0 11 0 0 0 0 0 0 0 0 0 0 0 11 0 0 11 0 0 0 11 0 11 11 0 0 11 0 0 0 11 0 11 0 0 0 0 11 
11 11 11 11 11 11 11 11 11 11 11 11 11 11 11 11 11 11 11 11 11 11 11 11 11 11 11 11 11 11 11 11 11 11 11 11 11 11 11 11 11 11 11 

17178
11 11 11 11 11 11 11 11 11 11 11 11 11 11 11 11 11 11 11 11 11 11 11 11 11 11 11 11 11 11 11 11 11 11 11 11 11 11 11 11 11 11 11 
11 11 0 0 0 0 0 11 0 11 0 0 0 0 0 0 0 0 0 11 11 0 0 0 0 0 0 0 0 0 0 11 0 0 11 0 11 0 0 0 0 0 11 
11 0 0 0 0 0 0 0 0 0 11 0 0 11 0 0 0 0 11 0 0 0 0 11 0 0 0 0 0 11 0 0 0 0 0 0 0 0 0 0 0 0 11 
11 0 11 0 0 0 0 0 0 0 0 11 0 11 0 0 11 0 0 0 0 0 0 0 0 0 0 0 0 0 0 11 0 0 0 0 11 0 0 0 0 0 11 
11 11 0 0 11 0 0 11 0 11 0 11 0 11 0 11 11 11 0 0 0 0 0 0 0 0 11 0 0 0 0 0 0 0 0 11 0 0 11 11 0 0 11 
11 0 0 0 0 0 0 0 0 0 0 0 0 0 0 0 0 0 11 0 0 0 0 11 0 0 0 0 11 0 0 0 11 0 0 0 11 0 0 0 0 0 11 
11 0 0 0 0 0 11 0 0 0 11 0 0 0 11 0 0 0 11 0 0 0 11 0 0 0 0 11 0 0 0 0 15 0 0 0 0 0 0 0 0 0 11 
11 11 11 0 0 0 11 0 0 0 0 0 0 0 11 11 0 11 11 0 11 11 0 0 11 0 0 0 0 0 0 0 0 0 0 0 0 11 0 0 0 0 11 
11 0 0 0 0 0 0 0 0 0 0 0 0 0 0 0 0 11 0 0 0 0 0 0 0 0 0 0 0 0 0 11 0 0 0 0 11 11 0 0 0 0 11 
11 0 0 11 15 0 0 0 0 0 0 11 11 0 11 0 0 0 0 0 0 0 0 0 0 0 11 0 11 0 0 0 0 0 0 11 0 0 0 0 0 11 11 
11 11 0 0 11 0 0 0 0 0 0 0 0 11 0 11 0 0 0 0 0 0 0 0 0 0 0 0 0 0 0 0 0 0 0 0 0 0 0 0 0 0 11 
11 0 11 0 0 11 0 0 0 0 0 0 0 0 0 0 0 0 0 0 0 0 11 0 11 0 0 0 0 0 0 11 0 0 11 0 0 0 0 0 0 0 11 
11 0 0 0 0 11 0 0 0 11 11 0 0 0 0 0 11 0 11 0 0 0 0 0 14 0 0 0 0 0 0 0 0 0 0 0 0 0 0 0 0 0 11 
11 0 0 0 0 0 0 0 0 0 0 0 0 0 0 11 0 11 0 0 0 0 0 0 0 11 0 0 11 0 0 0 0 11 0 0 0 0 11 0 0 11 11 
11 0 0 0 0 11 0 0 0 0 0 0 0 0 0 0 0 0 0 0 0 0 0 11 0 11 0 0 11 0 0 0 0 0 11 11 0 11 0 0 0 0 11 
11 11 11 0 0 0 0 11 11 0 0 0 0 11 0 0 11 0 0 0 0 0 0 0 0 11 0 0 0 0 0 0 0 0 0 0 0 0 0 11 0 0 11 
11 11 0 11 11 11 0 0 0 0 0 0 0 0 11 11 0 0 0 11 0 0 0 15 11 0 0 0 11 11 11 0 0 0 0 0 0 0 11 0 0 0 11 
11 0 0 11 11 0 0 0 11 0 11 0 0 0 0 0 0 0 0 0 0 0 0 0 0 0 0 0 0 0 0 0 0 11 0 0 0 0 0 0 11 0 11 
11 0 11 0 0 0 0 0 11 0 0 0 11 11 0 0 0 0 0 0 0 0 0 0 0 0 0 0 11 0 11 0 11 0 0 0 0 11 0 0 0 0 11 
11 0 0 0 11 0 0 0 0 0 0 11 0 0 0 0 0 11 0 0 11 0 0 0 0 0 11 11 0 0 0 0 0 11 0 0 11 0 0 0 11 0 11 
11 0 0 0 0 0 11 11 11 11 0 0 0 0 0 0 0 0 0 11 0 0 0 0 0 11 0 15 0 11 0 0 11 0 0 0 0 11 11 11 0 0 11 
11 0 0 0 0 0 0 0 0 15 0 0 11 0 0 11 11 0 0 0 0 0 0 11 0 0 0 0 0 0 0 11 0 11 0 11 0 0 11 0 0 0 11 
11 11 0 0 0 11 0 0 0 0 11 0 0 11 0 11 0 0 0 0 0 0 0 0 0 0 0 0 0 0 0 0 0 0 0 0 0 0 0 0 0 0 11 
11 0 0 0 0 0 11 0 0 0 0 0 0 0 0 0 0 0 11 0 0 0 0 0 11 11 0 0 0 0 0 0 11 0 0 0 0 0 0 0 0 0 11 
11 0 0 0 0 0 0 0 0 0 0 0 0 0 0 0 0 0 0 11 0 0 0 0 0 0 0 0 0 0 11 0 0 0 0 0 0 0 0 0 0 0 11 
11 0 0 0 0 0 0 0 0 0 0 0 0 0 0 11 0 0 0 0 0 0 0 0 11 0 0 0 0 0 0 0 0 0 0 0 0 0 0 0 0 0 11 
11 0 0 11 0 11 0 0 0 11 0 0 0 11 0 11 11 0 0 11 0 0 0 0 0 11 0 0 0 11 0 0 0 0 0 0 0 0 0 0 11 0 11 
11 0 11 11 0 0 0 0 0 0 0 0 0 0 0 0 0 0 0 0 0 0 0 0 11 0 0 11 0 11 11 11 0 0 0 0 0 0 0 11 0 11 11 
11 11 11 0 0 11 0 0 0 0 0 0 0 0 0 0 0 11 0 0 0 0 0 11 11 0 11 0 0 0 0 11 0 0 11 11 0 0 11 0 0 0 11 
11 11 0 0 0 15 0 0 11 0 0 0 11 0 0 0 0 0 11 11 0 0 0 11 0 0 0 0 0 0 0 0 0 0 11 0 0 0 11 11 11 11 11 
11 0 0 0 0 0 0 0 0 0 11 0 0 0 0 0 0 0 0 0 0 11 0 0 11 0 0 0 11 11 0 11 11 0 11 0 0 0 11 0 0 0 11 
11 11 11 0 11 0 11 0 0 11 11 0 11 0 0 0 0 0 0 0 0 11 0 11 0 11 0 0 0 0 0 0 0 0 0 11 0 0 0 0 0 0 11 
11 0 11 11 0 0 0 0 11 0 11 11 0 11 0 0 0 11 0 0 0 0 0 11 11 0 0 0 0 0 0 11 0 11 11 0 11 0 0 0 11 11 11 
11 0 0 11 0 0 0 0 0 0 0 15 11 0 11 0 0 0 0 0 0 11 0 0 0 0 0 0 0 0 0 0 0 0 0 0 0 0 0 0 0 11 11 
11 0 0 11 0 0 0 0 0 0 0 0 0 0 0 0 0 0 0 0 0 11 11 11 11 0 0 0 0 0 0 11 0 0 0 0 0 0 11 0 0 0 11 
11 0 0 0 0 0 11 0 0 0 0 0 0 0 0 0 0 0 11 0 0 11 0 0 0 11 0 11 11 0 0 11 0 0 0 11 0 11 0 0 0 0 11 
11 11 11 11 11 11 11 11 11 11 11 11 11 11 11 11 11 11 11 11 11 11 11 11 11 11 11 11 11 11 11 11 11 11 11 11 11 11 11 11 11 11 11 

17134
11 11 11 11 11 11 11 11 11 11 11 11 11 11 11 11 11 11 11 11 11 11 11 11 11 11 11 11 11 11 11 11 11 11 11 11 11 11 11 11 11 11 11 
11 11 0 0 0 0 0 11 0 11 0 0 0 0 0 0 0 0 0 11 11 0 0 0 0 0 0 0 0 0 0 11 0 0 11 0 11 0 0 0 0 0 11 
11 0 0 0 0 0 0 0 0 0 11 0 0 11 0 0 0 0 11 0 0 0 0 11 0 0 0 0 0 11 0 0 0 0 0 0 0 0 0 0 0 0 11 
11 0 11 0 0 0 0 0 0 0 0 11 0 11 0 0 11 0 0 0 0 0 0 0 0 0 0 0 0 0 0 11 0 0 0 0 11 0 0 0 0 0 11 
11 11 0 0 11 0 0 11 0 11 0 11 0 11 0 11 11 11 0 0 0 0 0 0 0 0 11 0 0 0 0 0 0 0 0 11 0 0 11 11 0 0 11 
11 0 0 0 0 0 0 0 0 0 0 0 0 0 0 0 0 0 11 0 0 0 0 11 0 0 0 0 11 0 0 0 11 0 0 0 11 0 0 0 0 0 11 
11 0 0 0 0 0 11 0 0 0 11 0 0 0 11 0 0 0 11 0 0 0 11 0 0 0 0 11 0 0 0 0 0 0 0 0 0 0 0 0 0 0 11 
11 11 11 0 0 0 11 0 0 0 0 0 0 0 11 11 0 11 11 0 11 11 0 0 11 0 0 0 0 0 0 0 0 0 15 0 0 11 0 0 0 0 11 
11 0 0 0 0 0 0 0 0 0 0 0 0 0 0 0 0 11 0 0 0 0 0 0 0 0 0 0 0 0 0 11 0 0 0 0 11 11 0 0 0 0 11 
11 0 0 11 15 0 0 0 0 0 0 11 11 0 11 0 0 0 0 0 0 0 0 0 0 0 11 0 11 0 0 0 0 0 0 11 0 0 0 0 0 11 11 
11 11 0 0 11 0 0 0 0 0 0 0 0 11 0 11 0 0 0 0 0 0 0 0 0 0 0 0 0 0 0 0 0 0 0 0 0 0 0 0 0 0 11 
11 0 11 0 0 11 0 0 0 0 0 0 0 0 0 0 0 0 0 0 0 0 11 0 11 0 0 0 0 0 0 11 0 0 11 0 0 0 0 0 0 0 11 
11 0 0 0 0 11 0 0 0 11 11 0 0 0 0 0 11 0 11 0 0 0 0 0 15 0 0 0 0 0 0 0 0 0 0 0 0 0 0 0 0 0 11 
11 0 0 0 0 0 0 0 0 0 0 0 0 0 0 11 0 11 0 0 0 0 0 0 0 11 0 0 11 0 0 0 0 11 0 0 0 0 11 0 0 11 11 
11 0 0 0 0 11 0 0 0 0 0 0 0 0 0 0 0 0 0 0 0 0 0 11 0 11 0 0 11 0 0 0 0 0 11 11 0 11 0 0 0 0 11 
11 11 11 0 0 0 0 11 11 0 0 0 0 11 0 0 11 0 0 0 0 0 0 0 0 11 0 0 0 0 0 0 0 0 0 0 0 0 0 11 0 0 11 
11 11 0 11 11 11 15 0 0 0 0 0 0 0 11 11 0 0 0 11 0 0 0 15 11 0 0 0 11 11 11 0 0 0 0 0 0 0 11 0 0 0 11 
11 0 0 11 11 0 0 0 11 0 11 0 0 0 0 0 0 0 0 0 0 0 0 0 0 0 0 15 0 0 0 0 0 11 0 0 0 0 0 0 11 0 11 
11 0 11 0 0 0 0 0 11 0 0 0 11 11 0 0 0 0 0 0 0 0 0 0 0 0 0 0 11 0 11 0 11 0 0 0 0 11 0 0 0 0 11 
11 0 0 0 11 0 0 0 0 0 0 11 0 0 0 0 0 11 0 0 11 0 0 0 0 0 11 11 0 0 0 0 0 11 0 0 11 0 0 0 11 0 11 
11 0 0 0 0 0 11 11 11 11 0 0 0 0 0 0 0 0 0 11 0 0 0 0 0 11 0 0 0 11 0 0 11 0 0 0 0 11 11 11 0 0 11 
11 0 0 0 0 0 0 0 0 0 0 0 11 0 0 11 11 0 0 0 0 0 0 11 0 0 0 0 0 0 0 11 0 11 0 11 0 0 11 0 0 0 11 
11 11 0 0 0 11 0 0 0 0 11 0 0 11 0 11 0 0 0 0 0 0 0 0 0 0 0 0 0 0 0 0 0 0 0 0 0 0 0 0 0 0 11 
11 0 0 0 0 0 11 0 0 0 0 0 0 0 0 0 0 0 11 0 0 0 0 0 11 11 0 0 0 0 0 0 11 0 0 0 0 0 0 0 0 0 11 
11 0 0 0 0 0 0 0 0 0 0 0 0 0 0 0 0 0 0 11 0 0 0 0 0 0 0 0 0 0 11 0 0 0 0 0 0 0 0 0 0 0 11 
11 0 0 0 0 0 0 0 0 0 0 0 0 0 0 11 0 0 0 0 0 0 0 0 11 0 0 0 0 0 0 0 0 0 0 0 0 0 0 0 0 0 11 
11 0 0 11 0 11 0 0 0 11 0 0 0 11 0 11 11 0 0 11 0 0 0 0 0 11 0 0 0 11 0 0 0 0 0 0 0 0 0 0 11 0 11 
11 0 11 11 0 0 0 0 0 0 0 0 0 0 0 0 0 0 0 0 0 0 0 0 11 0 0 11 0 11 11 11 0 0 0 0 0 0 0 11 0 11 11 
11 11 11 0 0 11 0 0 0 0 0 0 0 0 0 0 0 11 0 0 0 0 0 11 11 0 11 0 0 0 0 11 0 0 11 11 0 0 11 0 0 0 11 
11 11 0 0 0 0 0 0 11 0 0 15 11 0 0 0 0 0 11 11 0 0 0 11 0 0 0 0 0 0 0 0 0 0 11 0 0 0 11 11 11 11 11 
11 0 0 0 14 0 0 0 0 0 11 0 0 0 0 0 0 0 0 0 0 11 0 0 11 0 0 0 11 11 0 11 11 0 11 0 0 0 11 0 0 0 11 
11 11 11 0 11 0 11 0 15 11 11 0 11 0 0 0 0 0 0 0 0 11 0 11 0 11 0 0 0 0 0 0 0 0 0 11 0 0 0 0 0 0 11 
11 0 11 11 0 0 0 0 11 0 11 11 0 11 0 0 0 11 0 0 0 0 0 11 11 0 0 0 0 0 0 11 0 11 11 0 11 0 0 0 11 11 11 
11 0 0 11 0 0 0 0 0 0 0 0 11 0 11 0 0 0 0 0 0 11 0 0 0 0 0 0 0 0 0 0 0 0 0 0 0 0 0 0 0 11 11 
11 0 0 11 0 0 0 0 0 0 0 0 0 0 0 0 0 0 0 0 0 11 11 11 11 0 0 0 0 0 0 11 0 0 0 0 0 0 11 0 0 0 11 
11 0 0 0 0 0 11 0 0 0 0 0 0 0 0 0 0 0 11 0 0 11 0 0 0 11 0 11 11 0 0 11 0 0 0 11 0 11 0 0 0 0 11 
11 11 11 11 11 11 11 11 11 11 11 11 11 11 11 11 11 11 11 11 11 11 11 11 11 11 11 11 11 11 11 11 11 11 11 11 11 11 11 11 11 11 11 

17015
11 11 11 11 11 11 11 11 11 11 11 11 11 11 11 11 11 11 11 11 11 11 11 11 11 11 11 11 11 11 11 11 11 11 11 11 11 11 11 11 11 11 11 
11 11 15 0 0 0 0 11 0 11 0 0 0 0 0 0 0 0 0 11 11 0 0 0 0 0 0 0 0 0 0 11 0 0 11 0 11 0 0 0 0 0 11 
11 0 0 0 0 0 0 0 0 0 11 0 0 11 0 0 0 0 11 0 0 0 0 11 0 0 0 0 0 11 0 0 0 0 0 0 0 0 0 0 0 0 11 
11 0 11 0 0 0 0 0 0 0 0 11 0 11 0 0 11 0 0 0 0 0 0 0 0 0 0 0 0 0 0 11 0 0 0 0 11 0 0 0 0 0 11 
11 11 0 0 11 0 0 11 0 11 0 11 0 11 0 11 11 11 0 0 0 0 0 0 0 0 11 0 0 0 0 0 15 0 0 11 0 0 11 11 0 0 11 
11 0 0 0 0 0 0 0 0 0 0 0 0 0 0 0 0 0 11 0 0 0 0 11 0 0 0 0 11 0 0 0 11 0 0 0 11 0 0 0 0 0 11 
11 0 0 0 0 0 11 0 0 0 11 0 0 0 11 0 0 0 11 0 0 0 11 0 0 0 0 11 0 0 0 0 0 0 0 0 0 0 0 0 0 0 11 
11 11 11 0 0 0 11 0 0 0 0 0 0 0 11 11 0 11 11 0 11 11 0 0 11 0 0 0 0 0 0 0 0 0 0 0 0 11 0 0 0 0 11 
11 0 0 0 0 0 0 0 0 0 0 0 0 0 0 0 0 11 0 0 0 0 0 0 0 0 0 0 0 0 0 11 0 0 0 0 11 11 0 0 0 0 11 
11 0 0 11 0 0 0 0 0 0 0 11 11 0 11 0 0 0 0 0 0 0 0 0 0 0 11 0 11 0 0 0 0 0 0 11 0 0 0 0 0 11 11 
11 11 0 0 11 0 0 0 0 0 0 0 0 11 0 11 0 0 0 0 0 0 0 0 0 0 0 0 0 0 0 0 0 0 0 0 0 0 0 0 0 0 11 
11 0 11 0 0 11 0 0 0 0 0 0 0 0 0 0 0 0 0 0 0 0 11 0 11 0 0 0 0 0 0 11 0 0 11 0 0 0 0 0 0 0 11 
11 0 0 0 0 11 0 0 0 11 11 0 0 0 0 0 11 0 11 0 0 0 0 0 0 0 0 0 0 0 0 0 0 0 0 0 0 0 0 0 0 0 11 
11 0 0 0 0 0 0 0 0 0 0 0 0 0 0 11 0 11 0 0 0 0 0 0 0 11 0 0 11 0 0 0 0 11 0 0 0 0 11 0 0 11 11 
11 0 0 0 0 11 0 0 0 0 0 0 0 0 0 0 0 0 0 0 0 0 0 11 15 11 0 0 11 0 0 0 0 0 11 11 0 11 0 0 0 0 11 
11 11 11 0 0 0 0 11 11 0 0 0 0 11 0 0 11 0 0 0 0 0 0 15 0 11 0 0 0 0 0 0 0 0 0 0 0 0 0 11 0 0 11 
11 11 0 11 11 11 0 0 0 0 0 0 0 0 11 11 0 0 0 11 0 0 0 0 11 0 0 0 11 11 11 0 0 0 0 0 0 0 11 0 0 0 11 
11 0 0 11 11 0 0 0 11 0 11 14 0 0 0 0 0 0 0 0 0 0 0 0 0 0 0 0 0 0 0 0 0 11 0 0 0 0 0 0 11 0 11 
11 0 11 0 0 0 0 0 11 0 0 0 11 11 0 0 0 0 0 0 0 0 0 0 0 0 0 0 11 0 11 0 11 0 0 0 0 11 0 0 0 0 11 
11 0 0 0 11 0 0 15 0 0 0 11 0 0 0 0 0 11 0 0 11 0 0 0 0 0 11 11 0 14 0 0 0 11 0 0 11 0 0 0 11 0 11 
11 0 0 0 0 0 11 11 11 11 0 0 0 0 0 0 0 0 0 11 0 0 0 0 0 11 0 0 0 11 0 11 11 0 0 0 0 11 11 11 0 0 11 
11 0 0 0 0 0 0 0 0 0 0 0 11 0 0 11 11 0 0 0 0 0 0 11 0 0 0 0 0 0 0 11 0 11 0 11 0 0 11 0 0 0 11 
11 11 0 0 0 11 0 0 0 0 11 0 0 11 0 11 0 0 0 0 0 0 0 0 0 0 0 0 0 0 0 0 0 0 0 0 0 0 0 0 0 0 11 
11 0 0 0 0 0 11 0 0 0 0 0 0 0 0 0 0 0 11 0 0 0 0 0 11 11 0 0 0 0 0 0 11 0 0 0 0 0 0 0 0 0 11 
11 0 0 0 0 0 0 0 0 0 0 0 0 0 0 0 0 0 0 11 0 0 0 0 0 0 0 0 0 0 11 0 0 0 0 0 0 0 0 0 0 0 11 
11 0 0 0 0 0 0 0 0 0 0 0 0 0 0 11 0 0 0 0 0 0 0 0 11 0 0 0 0 0 0 0 0 0 0 0 0 0 0 0 0 0 11 
11 0 0 11 0 11 0 0 0 11 0 0 0 11 0 11 11 0 0 11 0 0 0 0 0 11 0 0 0 11 0 0 0 0 0 0 0 0 0 0 11 0 11 
11 0 11 11 0 0 0 0 0 0 0 0 0 0 0 0 0 0 0 0 0 0 0 0 11 0 0 11 0 11 11 11 0 0 0 0 0 0 0 11 0 11 11 
11 11 11 0 0 11 0 0 0 0 0 0 0 0 0 0 0 11 0 0 0 0 0 11 11 0 11 0 0 0 0 11 0 0 11 11 0 0 11 0 0 0 11 
11 11 0 15 0 0 0 0 11 0 0 15 11 0 0 0 0 0 11 11 0 0 0 11 0 0 0 0 0 0 0 0 0 0 11 0 0 0 11 11 11 11 11 
11 0 0 0 0 0 0 0 0 0 11 0 0 0 0 0 0 0 0 0 0 11 0 0 11 0 0 0 11 11 0 11 11 0 11 0 0 0 11 0 0 0 11 
11 11 11 0 11 0 11 0 15 11 11 0 11 0 0 0 0 0 0 0 0 11 0 11 0 11 0 0 0 0 0 0 0 0 0 11 0 0 0 0 0 0 11 
11 0 11 11 0 0 0 0 11 0 11 11 0 11 0 0 0 11 0 0 0 0 0 11 11 0 0 0 0 0 0 11 0 11 11 0 11 0 0 0 11 11 11 
11 0 0 11 0 0 0 0 0 0 0 0 11 0 11 0 0 0 0 0 0 11 0 0 0 0 0 0 0 0 0 0 0 0 0 0 0 0 0 0 0 11 11 
11 0 0 11 0 0 0 0 0 0 0 0 0 0 0 0 0 0 0 0 0 11 11 11 11 0 0 0 0 0 0 11 0 0 0 0 0 0 11 0 0 0 11 
11 0 0 0 0 0 11 0 0 0 0 0 0 0 0 0 0 0 11 0 0 11 0 0 0 11 0 11 11 0 0 11 0 0 0 11 0 11 0 0 0 0 11 
11 11 11 11 11 11 11 11 11 11 11 11 11 11 11 11 11 11 11 11 11 11 11 11 11 11 11 11 11 11 11 11 11 11 11 11 11 11 11 11 11 11 11 

17183
11 11 11 11 11 11 11 11 11 11 11 11 11 11 11 11 11 11 11 11 11 11 11 11 11 11 11 11 11 11 11 11 11 11 11 11 11 11 11 11 11 11 11 
11 11 0 0 0 0 0 0 0 11 0 0 11 0 0 0 0 0 0 11 11 0 0 0 0 0 0 0 0 0 0 11 0 0 11 0 11 0 0 0 0 0 11 
11 0 0 0 0 0 0 0 0 0 11 0 0 11 0 0 0 0 11 0 0 0 0 11 0 0 0 0 0 11 0 0 11 0 0 0 0 0 0 0 0 0 11 
11 0 11 0 0 0 0 0 0 0 0 11 0 11 0 0 11 0 11 0 0 0 0 0 0 0 0 0 0 0 0 11 0 0 0 0 11 0 0 0 0 0 11 
11 11 0 0 11 0 0 11 0 11 0 11 0 11 0 11 11 0 0 0 0 0 0 0 0 0 11 0 0 0 0 0 0 0 0 11 0 0 11 11 0 0 11 
11 0 0 0 0 0 0 0 0 0 0 0 0 0 0 0 0 0 11 0 0 0 0 11 0 0 0 0 11 0 0 0 11 0 0 0 11 0 0 0 0 0 11 
11 0 0 0 0 0 11 0 0 0 11 0 0 0 11 0 0 0 11 0 0 0 11 0 0 0 0 11 0 0 0 0 0 0 0 0 0 0 0 0 0 0 11 
11 11 11 0 0 0 11 0 0 0 0 0 0 0 11 11 0 11 11 0 11 11 0 0 11 0 0 0 0 0 0 0 11 15 0 0 0 11 0 0 0 0 11 
11 0 0 0 0 0 0 0 0 0 0 0 0 0 0 0 0 11 0 0 11 0 0 0 0 0 0 0 0 0 0 11 0 0 0 0 11 11 0 0 0 0 11 
11 0 0 11 0 0 11 0 0 0 0 11 11 0 11 0 0 0 0 0 0 0 0 0 0 0 11 0 11 0 0 0 0 0 0 11 0 0 0 0 0 11 11 
11 11 0 0 11 0 0 0 0 0 0 0 0 11 0 11 0 0 0 0 0 0 0 0 0 0 0 0 0 0 0 0 0 0 0 0 0 0 0 0 0 0 11 
11 0 11 0 0 11 15 0 0 0 0 0 0 0 0 0 0 0 0 0 0 0 11 0 11 0 0 0 0 0 0 11 0 0 11 0 0 0 0 0 0 0 11 
11 0 0 0 0 11 0 0 0 11 11 0 0 0 0 0 11 0 11 0 0 0 0 0 0 0 0 0 0 0 0 0 0 0 0 0 0 0 0 0 0 0 11 
11 0 0 0 0 0 0 0 0 0 0 0 0 0 0 11 0 11 0 0 0 0 0 15 0 11 0 0 11 0 0 0 0 0 11 0 0 0 11 0 0 11 11 
11 0 0 0 0 11 0 0 0 0 0 0 0 0 0 0 0 0 0 0 0 0 0 11 0 11 0 0 11 0 0 11 0 0 11 11 0 11 0 0 0 0 11 
11 11 11 0 0 0 0 11 11 0 0 0 0 11 0 0 11 0 0 0 0 0 0 0 0 11 0 0 0 0 0 0 0 0 0 0 0 0 0 11 0 0 11 
11 11 0 11 11 11 0 0 0 0 0 0 0 0 11 11 0 0 0 11 0 0 15 0 11 0 0 0 11 0 11 0 0 0 0 0 0 0 11 0 0 0 11 
11 0 0 11 11 0 0 0 11 0 11 0 0 0 0 0 0 0 0 0 0 0 0 0 0 0 0 0 15 0 0 0 0 11 0 0 0 0 0 0 11 0 11 
11 0 11 0 0 0 0 0 11 0 0 0 11 11 0 0 0 0 0 0 0 0 0 0 0 0 0 0 11 0 11 0 11 0 0 0 0 11 0 0 0 0 11 
11 0 0 0 0 0 0 0 0 0 0 11 0 0 0 0 0 11 0 0 11 0 0 0 0 0 11 11 0 0 0 0 0 11 0 0 11 0 0 0 11 0 11 
11 0 0 0 0 0 11 11 11 11 0 0 0 0 0 0 0 0 0 11 0 0 0 0 0 11 0 0 0 11 0 0 11 0 0 0 0 0 11 11 0 0 11 
11 0 0 0 0 0 0 0 0 0 0 0 11 0 0 11 11 0 0 0 0 0 0 11 0 0 0 0 0 0 0 11 0 11 0 11 0 0 11 0 0 0 11 
11 11 0 0 0 11 0 0 0 15 11 0 0 0 0 11 0 0 0 0 0 0 0 0 0 0 0 0 0 0 0 0 0 0 0 0 0 0 0 0 0 0 11 
11 0 0 0 0 0 11 0 0 0 0 0 0 0 0 0 0 0 11 0 0 0 0 0 11 11 0 0 0 0 0 0 11 0 0 0 0 0 0 0 0 0 11 
11 0 0 0 0 0 0 0 0 0 0 0 0 0 0 0 0 0 0 11 0 0 0 0 0 0 0 0 0 0 11 0 0 0 0 0 0 0 0 0 0 0 11 
11 0 0 0 0 0 0 0 0 0 0 0 0 0 0 11 0 0 0 0 0 0 11 0 11 0 0 0 0 0 0 0 0 0 0 0 0 0 0 0 0 0 11 
11 0 0 0 0 11 0 0 0 11 0 0 0 11 0 0 11 0 0 0 0 0 0 0 0 11 0 0 0 11 0 0 0 0 0 0 0 0 0 0 11 0 11 
11 0 11 11 0 0 0 0 0 0 0 0 0 0 0 0 0 0 0 0 0 0 0 0 11 0 0 11 0 11 11 11 0 0 0 0 0 0 0 11 0 11 11 
11 11 11 0 15 11 0 0 0 0 0 0 0 0 0 0 0 11 0 0 0 0 0 11 11 0 11 0 0 0 0 11 0 0 11 11 0 0 11 0 0 0 11 
11 11 0 0 0 0 0 0 11 0 0 0 0 0 0 0 0 0 11 11 0 0 0 11 0 0 0 0 0 0 0 0 0 0 11 0 0 0 11 11 11 11 11 
11 0 0 0 0 0 0 0 0 0 11 0 0 0 0 0 0 0 0 0 0 11 0 0 11 0 0 0 0 11 0 11 11 0 11 0 0 0 11 0 0 0 11 
11 11 11 0 11 0 11 0 0 11 11 0 11 0 0 0 0 0 0 0 0 11 0 11 11 11 0 0 0 0 0 0 0 0 0 11 0 0 0 0 0 0 11 
11 0 11 11 0 11 0 0 11 0 11 11 0 11 0 0 0 11 0 0 0 0 0 11 11 0 0 0 0 0 0 11 0 11 11 0 11 0 0 0 11 11 11 
11 0 0 11 0 0 0 0 0 0 0 15 11 0 11 0 0 0 0 0 0 11 0 0 0 0 0 0 0 0 0 0 0 0 0 0 0 0 0 0 0 11 11 
11 0 0 11 0 0 0 0 0 0 0 0 0 0 0 0 0 0 0 0 0 11 11 11 11 0 0 0 0 0 0 11 0 0 0 0 0 0 11 0 0 0 11 
11 0 0 0 0 0 11 0 0 0 0 0 0 0 0 0 0 0 11 0 0 11 0 0 0 11 0 11 11 0 11 11 0 0 0 11 0 11 0 0 0 0 11 
11 11 11 11 11 11 11 11 11 11 11 11 11 11 11 11 11 11 11 11 11 11 11 11 11 11 11 11 11 11 11 11 11 11 11 11 11 11 11 11 11 11 11 

17142
11 11 11 11 11 11 11 11 11 11 11 11 11 11 11 11 11 11 11 11 11 11 11 11 11 11 11 11 11 11 11 11 11 11 11 11 11 11 11 11 11 11 11 
11 11 0 0 0 0 0 0 0 11 0 0 11 0 0 0 0 0 0 11 11 0 0 0 0 0 0 0 0 0 0 11 0 0 11 0 11 0 0 0 0 0 11 
11 0 0 0 0 0 0 0 0 0 11 0 0 11 0 0 0 0 11 0 0 0 0 11 0 0 0 0 0 11 0 0 11 0 0 0 0 0 0 0 0 0 11 
11 0 11 0 0 0 0 0 0 0 0 11 0 11 0 0 11 0 11 0 0 0 0 0 0 0 0 0 0 0 0 11 0 0 0 0 11 0 0 0 0 0 11 
11 11 0 0 11 0 0 11 0 11 0 11 0 11 0 11 11 0 0 0 0 0 0 0 0 0 11 0 0 0 0 0 0 0 0 11 0 0 11 11 0 0 11 
11 0 0 0 0 0 0 0 0 0 0 0 0 0 0 0 0 0 11 0 0 0 0 11 0 0 0 0 11 0 0 0 11 0 0 0 11 0 0 0 0 0 11 
11 0 0 0 0 0 11 0 0 0 11 0 0 0 11 0 0 0 11 0 0 0 11 0 0 0 0 11 0 0 0 0 0 15 0 0 0 0 0 0 0 0 11 
11 11 11 0 0 0 11 0 0 0 0 0 0 0 11 11 0 11 11 0 11 11 0 0 11 0 0 0 0 0 0 0 11 0 0 0 0 11 0 0 0 0 11 
11 0 0 0 0 0 0 0 0 0 0 0 0 0 0 0 0 11 0 0 11 0 0 0 0 0 0 0 0 0 0 11 0 0 0 0 11 11 0 0 0 0 11 
11 0 0 11 0 0 11 15 0 0 0 11 11 0 11 0 0 0 0 0 0 0 0 0 0 0 11 0 11 0 0 0 0 0 0 11 0 0 0 0 0 11 11 
11 11 0 0 11 0 0 0 0 0 0 0 0 11 0 11 0 0 0 0 0 0 0 0 0 0 0 0 0 0 0 0 0 0 0 0 0 0 0 0 0 0 11 
11 0 11 0 0 11 0 0 0 0 0 0 0 0 0 0 0 0 0 0 0 0 11 0 11 0 0 0 0 0 0 11 0 0 11 0 0 0 0 0 0 0 11 
11 0 0 0 0 11 0 0 0 11 11 0 0 0 0 0 11 0 11 0 0 0 0 0 15 0 0 0 0 0 0 0 0 0 0 0 0 0 0 0 0 0 11 
11 0 0 0 0 0 0 0 0 0 0 0 0 0 0 11 0 11 0 0 0 0 0 0 0 11 0 0 11 0 0 0 0 0 11 0 0 0 11 0 0 11 11 
11 0 0 0 0 11 0 0 0 0 0 0 0 0 0 0 0 0 0 0 0 0 0 11 0 11 0 0 11 0 0 11 0 0 11 11 0 11 0 0 0 0 11 
11 11 11 0 0 0 0 11 11 0 0 0 0 11 0 0 11 0 0 0 0 0 0 15 0 11 0 0 0 0 0 0 0 0 0 0 0 0 0 11 0 0 11 
11 11 0 11 11 11 0 0 0 0 0 0 0 0 11 11 0 0 0 11 0 0 0 0 11 0 0 0 11 0 11 0 0 0 0 0 0 0 11 0 0 0 11 
11 0 0 11 11 0 0 0 11 0 11 0 0 0 0 0 0 0 0 0 0 0 0 0 0 0 0 0 0 0 0 0 0 11 0 0 0 0 0 0 11 0 11 
11 0 11 0 0 0 0 0 11 0 0 0 11 11 0 0 0 0 0 0 0 0 0 0 0 0 0 0 11 0 11 0 11 0 0 0 0 11 0 0 0 0 11 
11 0 0 0 0 0 0 0 0 0 0 11 0 0 0 0 0 11 0 0 11 0 0 0 0 0 11 11 0 0 0 11 0 11 0 0 11 0 0 0 11 0 11 
11 0 0 0 0 0 11 11 11 11 0 0 0 0 0 0 0 0 0 11 0 0 0 0 0 11 0 0 0 11 0 0 11 0 0 0 0 0 11 11 0 0 11 
11 0 0 0 0 0 0 0 0 15 0 0 11 0 0 11 11 0 0 0 0 0 0 11 0 0 0 0 0 0 0 11 0 11 0 11 0 0 11 0 0 0 11 
11 11 0 0 0 11 0 0 0 0 11 0 0 0 0 11 0 0 0 0 0 0 0 0 0 0 0 0 0 0 0 0 0 0 0 0 0 0 0 0 0 0 11 
11 0 0 0 0 0 11 0 0 0 0 0 0 0 0 0 0 0 11 0 0 0 0 0 11 11 0 14 0 0 0 0 11 0 0 0 0 0 0 0 0 0 11 
11 0 0 0 0 0 0 0 0 0 0 0 0 0 0 0 0 0 0 11 0 0 0 0 0 0 0 0 0 0 11 0 0 0 0 0 0 0 0 0 0 0 11 
11 0 0 0 0 0 0 0 0 0 0 0 0 0 0 11 0 0 0 0 0 0 11 0 11 0 0 0 0 0 0 0 0 0 11 0 0 0 0 0 0 0 11 
11 0 0 0 0 11 0 0 0 11 0 0 0 11 0 0 11 0 0 0 0 0 0 0 0 11 0 0 0 11 0 0 0 0 0 0 0 0 0 0 11 0 11 
11 0 11 11 0 0 0 0 0 0 0 0 0 0 0 0 0 0 0 0 0 0 0 0 11 0 0 11 0 11 11 11 0 0 0 0 0 0 0 11 0 11 11 
11 11 11 0 0 11 0 0 0 0 0 0 0 0 0 0 0 11 0 0 0 0 0 11 11 0 11 0 0 0 0 11 0 0 11 11 0 0 11 0 0 0 11 
11 11 0 0 0 15 0 0 11 0 0 0 15 0 0 0 0 0 11 11 0 0 0 11 0 0 0 0 0 0 0 0 0 0 11 0 0 0 11 11 11 11 11 
11 0 0 0 0 0 0 0 0 0 11 0 0 0 0 0 0 0 0 0 0 11 0 0 11 0 0 0 0 11 0 11 11 0 11 0 0 0 11 0 0 0 11 
11 11 11 0 11 0 11 0 0 11 11 0 11 0 0 0 0 0 0 0 0 11 0 11 11 11 0 0 0 0 0 0 0 0 0 11 0 0 0 0 0 0 11 
11 0 11 11 0 11 0 0 11 0 11 11 0 11 0 0 0 11 0 0 0 0 0 11 11 0 0 0 0 0 0 11 0 11 11 0 11 0 0 0 11 11 11 
11 0 0 11 0 0 0 0 0 0 0 0 11 0 11 0 0 0 0 0 0 11 0 0 0 0 0 0 0 0 0 0 0 0 0 0 0 0 0 0 0 11 11 
11 0 0 11 0 0 0 0 0 0 0 0 0 0 0 0 0 0 0 0 0 11 11 11 11 0 0 0 0 0 0 11 0 0 0 0 0 0 11 0 0 0 11 
11 0 0 0 0 0 11 0 0 0 0 0 0 0 0 0 0 0 11 0 0 11 0 0 0 11 0 11 11 0 11 11 0 0 0 11 0 11 0 0 0 0 11 
11 11 11 11 11 11 11 11 11 11 11 11 11 11 11 11 11 11 11 11 11 11 11 11 11 11 11 11 11 11 11 11 11 11 11 11 11 11 11 11 11 11 11 

17142
11 11 11 11 11 11 11 11 11 11 11 11 11 11 11 11 11 11 11 11 11 11 11 11 11 11 11 11 11 11 11 11 11 11 11 11 11 11 11 11 11 11 11 
11 11 0 0 0 0 0 0 0 11 0 0 11 0 0 0 0 0 0 11 11 0 0 0 0 0 0 0 0 0 0 11 0 0 11 0 11 0 0 0 0 0 11 
11 0 0 0 0 0 0 0 0 0 11 0 0 11 0 0 0 0 11 0 0 0 0 11 0 0 0 0 0 11 0 0 11 0 0 0 0 0 0 0 0 0 11 
11 0 11 0 0 0 0 0 0 0 0 11 0 11 0 0 11 0 11 0 0 0 0 0 0 0 0 0 0 0 0 11 0 0 0 0 11 0 0 0 0 0 11 
11 11 0 0 11 0 0 11 0 11 0 11 0 11 0 11 11 0 0 0 0 0 0 0 0 0 11 0 0 0 0 0 0 0 0 11 0 0 11 11 0 0 11 
11 0 0 0 0 0 0 0 0 0 0 0 0 0 0 0 0 0 11 0 0 0 0 11 0 0 0 0 11 0 0 0 11 0 0 0 11 0 0 0 0 0 11 
11 0 0 0 0 0 11 0 0 0 11 0 0 0 11 0 0 0 11 0 0 0 11 0 0 0 0 11 0 0 0 0 0 15 0 0 0 0 0 0 0 0 11 
11 11 11 0 0 0 11 0 0 0 0 0 0 0 11 11 0 11 11 0 11 11 0 0 11 0 0 0 0 0 0 0 11 0 0 0 0 11 0 0 0 0 11 
11 0 0 0 0 0 0 0 0 0 0 0 0 0 0 0 0 11 0 0 11 0 0 0 0 0 0 0 0 0 0 11 0 0 0 0 11 11 0 0 0 0 11 
11 0 0 11 0 0 11 15 0 0 0 11 11 0 11 0 0 0 0 0 0 0 0 0 0 0 11 0 11 0 0 0 0 0 0 11 0 0 0 0 0 11 11 
11 11 0 0 11 0 0 0 0 0 0 0 0 11 0 11 0 0 0 0 0 0 0 0 0 0 0 0 0 0 0 0 0 0 0 0 0 0 0 0 0 0 11 
11 0 11 0 0 11 0 0 0 0 0 0 0 0 0 0 0 0 0 0 0 0 11 0 11 0 0 0 0 0 0 11 0 0 11 0 0 0 0 0 0 0 11 
11 0 0 0 0 11 0 0 0 11 11 0 0 0 0 0 11 0 11 0 0 0 0 0 15 0 0 0 0 0 0 0 0 0 0 0 0 0 0 0 0 0 11 
11 0 0 0 0 0 0 0 0 0 0 0 0 0 0 11 0 11 0 0 0 0 0 0 0 11 0 0 11 0 0 0 0 0 11 0 0 0 11 0 0 11 11 
11 0 0 0 0 11 0 0 0 0 0 0 0 0 0 0 0 0 0 0 0 0 0 11 0 11 0 0 11 0 0 11 0 0 11 11 0 11 0 0 0 0 11 
11 11 11 0 0 0 0 11 11 0 0 0 0 11 0 0 11 0 0 0 0 0 0 15 0 11 0 0 0 0 0 0 0 0 0 0 0 0 0 11 0 0 11 
11 11 0 11 11 11 0 0 0 0 0 0 0 0 11 11 0 0 0 11 0 0 0 0 11 0 0 0 11 0 11 0 0 0 0 0 0 0 11 0 0 0 11 
11 0 0 11 11 0 0 0 11 0 11 0 0 0 0 0 0 0 0 0 0 0 0 0 0 0 0 0 0 0 0 0 0 11 0 0 0 0 0 0 11 0 11 
11 0 11 0 0 0 0 0 11 0 0 0 11 11 0 0 0 0 0 0 0 0 0 0 0 0 0 0 11 0 11 0 11 0 0 0 0 11 0 0 0 0 11 
11 0 0 0 0 0 0 0 0 0 0 11 0 0 0 0 0 11 0 0 11 0 0 0 0 0 11 11 0 0 0 11 0 11 0 0 11 0 0 0 11 0 11 
11 0 0 0 0 0 11 11 11 11 0 0 0 0 0 0 0 0 0 11 0 0 0 0 0 11 0 0 0 11 0 0 11 0 0 0 0 0 11 11 0 0 11 
11 0 0 0 0 0 0 0 0 15 0 0 11 0 0 11 11 0 0 0 0 0 0 11 0 0 0 0 0 0 0 11 0 11 0 11 0 0 11 0 0 0 11 
11 11 0 0 0 11 0 0 0 0 11 0 0 0 0 11 0 0 0 0 0 0 0 0 0 0 0 0 0 0 0 0 0 0 0 0 0 0 0 0 0 0 11 
11 0 0 0 0 0 11 0 0 0 0 0 0 0 0 0 0 0 11 0 0 0 0 0 11 11 0 14 0 0 0 0 11 0 0 0 0 0 0 0 0 0 11 
11 0 0 0 0 0 0 0 0 0 0 0 0 0 0 0 0 0 0 11 0 0 0 0 0 0 0 0 0 0 11 0 0 0 0 0 0 0 0 0 0 0 11 
11 0 0 0 0 0 0 0 0 0 0 0 0 0 0 11 0 0 0 0 0 0 11 0 11 0 0 0 0 0 0 0 0 0 11 0 0 0 0 0 0 0 11 
11 0 0 0 0 11 0 0 0 11 0 0 0 11 0 0 11 0 0 0 0 0 0 0 0 11 0 0 0 11 0 0 0 0 0 0 0 0 0 0 11 0 11 
11 0 11 11 0 0 0 0 0 0 0 0 0 0 0 0 0 0 0 0 0 0 0 0 11 0 0 11 0 11 11 11 0 0 0 0 0 0 0 11 0 11 11 
11 11 11 0 0 11 0 0 0 0 0 0 0 0 0 0 0 11 0 0 0 0 0 11 11 0 11 0 0 0 0 11 0 0 11 11 0 0 11 0 0 0 11 
11 11 0 0 0 15 0 0 11 0 0 0 15 0 0 0 0 0 11 11 0 0 0 11 0 0 0 0 0 0 0 0 0 0 11 0 0 0 11 11 11 11 11 
11 0 0 0 0 0 0 0 0 0 11 0 0 0 0 0 0 0 0 0 0 11 0 0 11 0 0 0 0 11 0 11 11 0 11 0 0 0 11 0 0 0 11 
11 11 11 0 11 0 11 0 0 11 11 0 11 0 0 0 0 0 0 0 0 11 0 11 11 11 0 0 0 0 0 0 0 0 0 11 0 0 0 0 0 0 11 
11 0 11 11 0 11 0 0 11 0 11 11 0 11 0 0 0 11 0 0 0 0 0 11 11 0 0 0 0 0 0 11 0 11 11 0 11 0 0 0 11 11 11 
11 0 0 11 0 0 0 0 0 0 0 0 11 0 11 0 0 0 0 0 0 11 0 0 0 0 0 0 0 0 0 0 0 0 0 0 0 0 0 0 0 11 11 
11 0 0 11 0 0 0 0 0 0 0 0 0 0 0 0 0 0 0 0 0 11 11 11 11 0 0 0 0 0 0 11 0 0 0 0 0 0 11 0 0 0 11 
11 0 0 0 0 0 11 0 0 0 0 0 0 0 0 0 0 0 11 0 0 11 0 0 0 11 0 11 11 0 11 11 0 0 0 11 0 11 0 0 0 0 11 
11 11 11 11 11 11 11 11 11 11 11 11 11 11 11 11 11 11 11 11 11 11 11 11 11 11 11 11 11 11 11 11 11 11 11 11 11 11 11 11 11 11 11 

17142
11 11 11 11 11 11 11 11 11 11 11 11 11 11 11 11 11 11 11 11 11 11 11 11 11 11 11 11 11 11 11 11 11 11 11 11 11 11 11 11 11 11 11 
11 11 0 0 0 0 0 0 0 11 0 0 11 0 0 0 0 0 0 11 11 0 0 0 0 0 0 0 0 0 0 11 0 0 11 0 11 0 0 0 0 0 11 
11 0 0 0 0 0 0 0 0 0 11 0 0 11 0 0 0 0 11 0 0 0 0 11 0 0 0 0 0 11 0 0 11 0 0 0 0 0 0 0 0 0 11 
11 0 11 0 0 0 0 0 0 0 0 11 0 11 0 0 11 0 11 0 0 0 0 0 0 0 0 0 0 0 0 11 0 0 0 0 11 0 0 0 0 0 11 
11 11 0 0 11 0 0 11 0 11 0 11 0 11 0 11 11 0 0 0 0 0 0 0 0 0 11 0 0 0 0 0 0 0 0 11 0 0 11 11 0 0 11 
11 0 0 0 0 0 0 0 0 0 0 0 0 0 0 0 0 0 11 0 0 0 0 11 0 0 0 0 11 0 0 0 11 0 0 0 11 0 0 0 0 0 11 
11 0 0 0 0 0 11 0 0 0 11 0 0 0 11 0 0 0 11 0 0 0 11 0 0 0 0 11 0 0 0 0 0 15 0 0 0 0 0 0 0 0 11 
11 11 11 0 0 0 11 0 0 0 0 0 0 0 11 11 0 11 11 0 11 11 0 0 11 0 0 0 0 0 0 0 11 0 0 0 0 11 0 0 0 0 11 
11 0 0 0 0 0 0 0 0 0 0 0 0 0 0 0 0 11 0 0 11 0 0 0 0 0 0 0 0 0 0 11 0 0 0 0 11 11 0 0 0 0 11 
11 0 0 11 0 0 11 15 0 0 0 11 11 0 11 0 0 0 0 0 0 0 0 0 0 0 11 0 11 0 0 0 0 0 0 11 0 0 0 0 0 11 11 
11 11 0 0 11 0 0 0 0 0 0 0 0 11 0 11 0 0 0 0 0 0 0 0 0 0 0 0 0 0 0 0 0 0 0 0 0 0 0 0 0 0 11 
11 0 11 0 0 11 0 0 0 0 0 0 0 0 0 0 0 0 0 0 0 0 11 0 11 0 0 0 0 0 0 11 0 0 11 0 0 0 0 0 0 0 11 
11 0 0 0 0 11 0 0 0 11 11 0 0 0 0 0 11 0 11 0 0 0 0 0 15 0 0 0 0 0 0 0 0 0 0 0 0 0 0 0 0 0 11 
11 0 0 0 0 0 0 0 0 0 0 0 0 0 0 11 0 11 0 0 0 0 0 0 0 11 0 0 11 0 0 0 0 0 11 0 0 0 11 0 0 11 11 
11 0 0 0 0 11 0 0 0 0 0 0 0 0 0 0 0 0 0 0 0 0 0 11 0 11 0 0 11 0 0 11 0 0 11 11 0 11 0 0 0 0 11 
11 11 11 0 0 0 0 11 11 0 0 0 0 11 0 0 11 0 0 0 0 0 0 15 0 11 0 0 0 0 0 0 0 0 0 0 0 0 0 11 0 0 11 
11 11 0 11 11 11 0 0 0 0 0 0 0 0 11 11 0 0 0 11 0 0 0 0 11 0 0 0 11 0 11 0 0 0 0 0 0 0 11 0 0 0 11 
11 0 0 11 11 0 0 0 11 0 11 0 0 0 0 0 0 0 0 0 0 0 0 0 0 0 0 0 0 0 0 0 0 11 0 0 0 0 0 0 11 0 11 
11 0 11 0 0 0 0 0 11 0 0 0 11 11 0 0 0 0 0 0 0 0 0 0 0 0 0 0 11 0 11 0 11 0 0 0 0 11 0 0 0 0 11 
11 0 0 0 0 0 0 0 0 0 0 11 0 0 0 0 0 11 0 0 11 0 0 0 0 0 11 11 0 0 0 11 0 11 0 0 11 0 0 0 11 0 11 
11 0 0 0 0 0 11 11 11 11 0 0 0 0 0 0 0 0 0 11 0 0 0 0 0 11 0 0 0 11 0 0 11 0 0 0 0 0 11 11 0 0 11 
11 0 0 0 0 0 0 0 0 15 0 0 11 0 0 11 11 0 0 0 0 0 0 11 0 0 0 0 0 0 0 11 0 11 0 11 0 0 11 0 0 0 11 
11 11 0 0 0 11 0 0 0 0 11 0 0 0 0 11 0 0 0 0 0 0 0 0 0 0 0 0 0 0 0 0 0 0 0 0 0 0 0 0 0 0 11 
11 0 0 0 0 0 11 0 0 0 0 0 0 0 0 0 0 0 11 0 0 0 0 0 11 11 0 14 0 0 0 0 11 0 0 0 0 0 0 0 0 0 11 
11 0 0 0 0 0 0 0 0 0 0 0 0 0 0 0 0 0 0 11 0 0 0 0 0 0 0 0 0 0 11 0 0 0 0 0 0 0 0 0 0 0 11 
11 0 0 0 0 0 0 0 0 0 0 0 0 0 0 11 0 0 0 0 0 0 11 0 11 0 0 0 0 0 0 0 0 0 11 0 0 0 0 0 0 0 11 
11 0 0 0 0 11 0 0 0 11 0 0 0 11 0 0 11 0 0 0 0 0 0 0 0 11 0 0 0 11 0 0 0 0 0 0 0 0 0 0 11 0 11 
11 0 11 11 0 0 0 0 0 0 0 0 0 0 0 0 0 0 0 0 0 0 0 0 11 0 0 11 0 11 11 11 0 0 0 0 0 0 0 11 0 11 11 
11 11 11 0 0 11 0 0 0 0 0 0 0 0 0 0 0 11 0 0 0 0 0 11 11 0 11 0 0 0 0 11 0 0 11 11 0 0 11 0 0 0 11 
11 11 0 0 0 15 0 0 11 0 0 0 15 0 0 0 0 0 11 11 0 0 0 11 0 0 0 0 0 0 0 0 0 0 11 0 0 0 11 11 11 11 11 
11 0 0 0 0 0 0 0 0 0 11 0 0 0 0 0 0 0 0 0 0 11 0 0 11 0 0 0 0 11 0 11 11 0 11 0 0 0 11 0 0 0 11 
11 11 11 0 11 0 11 0 0 11 11 0 11 0 0 0 0 0 0 0 0 11 0 11 11 11 0 0 0 0 0 0 0 0 0 11 0 0 0 0 0 0 11 
11 0 11 11 0 11 0 0 11 0 11 11 0 11 0 0 0 11 0 0 0 0 0 11 11 0 0 0 0 0 0 11 0 11 11 0 11 0 0 0 11 11 11 
11 0 0 11 0 0 0 0 0 0 0 0 11 0 11 0 0 0 0 0 0 11 0 0 0 0 0 0 0 0 0 0 0 0 0 0 0 0 0 0 0 11 11 
11 0 0 11 0 0 0 0 0 0 0 0 0 0 0 0 0 0 0 0 0 11 11 11 11 0 0 0 0 0 0 11 0 0 0 0 0 0 11 0 0 0 11 
11 0 0 0 0 0 11 0 0 0 0 0 0 0 0 0 0 0 11 0 0 11 0 0 0 11 0 11 11 0 11 11 0 0 0 11 0 11 0 0 0 0 11 
11 11 11 11 11 11 11 11 11 11 11 11 11 11 11 11 11 11 11 11 11 11 11 11 11 11 11 11 11 11 11 11 11 11 11 11 11 11 11 11 11 11 11 

17122
11 11 11 11 11 11 11 11 11 11 11 11 11 11 11 11 11 11 11 11 11 11 11 11 11 11 11 11 11 11 11 11 11 11 11 11 11 11 11 11 11 11 11 
11 11 0 0 0 0 0 0 0 11 0 0 11 0 0 0 0 0 0 11 11 0 0 0 0 0 0 0 0 0 0 11 0 0 11 0 11 0 0 0 0 0 11 
11 0 0 0 0 0 0 0 0 0 11 0 0 11 0 0 0 0 11 0 0 0 0 11 0 0 0 0 0 11 0 0 11 0 0 0 0 0 0 0 0 0 11 
11 0 11 0 0 0 0 0 0 0 0 11 0 11 0 0 11 0 11 0 0 0 0 0 0 0 0 0 0 0 0 11 0 0 0 0 11 0 0 0 0 0 11 
11 11 0 0 11 0 0 11 0 11 0 11 0 11 0 11 11 0 0 0 0 0 0 0 0 0 11 0 0 0 0 0 0 0 0 11 0 0 11 11 0 0 11 
11 0 0 0 0 0 0 0 0 0 0 0 0 0 0 0 0 0 11 0 0 0 0 11 0 0 0 0 11 0 0 0 11 0 0 0 11 0 0 0 0 0 11 
11 0 0 0 0 0 11 0 0 0 11 0 0 0 11 0 0 0 11 0 0 0 11 0 0 0 0 11 0 0 0 0 0 15 0 0 0 0 0 0 0 0 11 
11 11 11 0 0 0 11 0 0 0 0 0 0 0 11 11 0 11 11 0 11 11 0 0 11 0 0 0 0 0 0 0 11 0 0 0 0 11 0 0 0 0 11 
11 0 0 0 0 0 0 0 0 0 0 0 0 0 0 0 0 11 0 0 11 0 0 0 0 0 0 0 0 0 0 11 0 0 0 0 11 11 0 0 0 0 11 
11 0 0 11 0 0 11 0 0 15 0 11 11 0 11 0 0 0 0 0 0 0 0 0 0 0 11 0 11 0 0 0 0 0 0 11 0 0 0 0 0 11 11 
11 11 0 0 11 0 0 0 0 0 0 0 0 11 0 11 0 0 0 0 0 0 0 0 0 0 0 0 0 0 0 0 0 0 0 0 0 0 0 0 0 0 11 
11 0 11 0 0 11 0 0 0 0 0 0 0 0 0 0 0 0 0 0 0 0 11 0 11 0 0 0 0 0 0 11 0 0 11 0 0 0 0 0 0 0 11 
11 0 0 0 0 11 0 0 0 11 11 0 0 0 0 0 11 0 11 0 0 0 0 0 0 0 0 0 0 0 0 0 0 0 0 0 0 0 0 0 0 0 11 
11 0 0 0 0 0 0 0 0 0 0 0 0 0 0 11 0 11 0 0 0 0 0 0 15 11 0 0 11 0 0 0 0 0 11 0 0 0 11 0 0 11 11 
11 0 0 0 0 11 0 0 0 0 0 0 0 0 0 0 0 0 0 0 0 0 0 11 0 11 0 0 11 0 0 11 0 0 11 11 0 11 0 0 0 0 11 
11 11 11 0 0 0 0 11 11 0 0 0 0 11 0 0 11 0 0 0 0 0 0 0 0 11 0 0 0 0 15 0 0 0 0 0 0 0 0 11 0 0 11 
11 11 0 11 11 11 0 0 0 0 0 0 0 0 11 11 0 0 0 11 0 0 0 15 11 0 0 0 11 0 11 0 0 0 0 0 0 0 11 0 0 0 11 
11 0 0 11 11 0 14 0 11 0 11 0 0 0 0 0 0 0 0 0 0 0 0 0 0 0 0 0 0 0 0 0 0 11 0 0 0 0 0 0 11 0 11 
11 0 11 0 0 0 0 0 11 0 0 0 11 11 0 0 0 0 0 0 0 0 0 0 0 0 0 0 11 0 11 0 11 0 0 0 0 11 0 0 0 0 11 
11 0 0 0 0 0 0 0 0 0 0 11 0 0 0 0 0 11 0 0 11 0 0 0 0 0 11 11 0 0 0 0 0 11 0 0 11 0 0 0 11 0 11 
11 0 0 0 0 0 11 11 11 11 0 0 0 0 0 0 0 0 0 11 0 0 0 0 0 11 0 0 0 11 0 0 11 0 0 0 0 0 11 11 0 0 11 
11 0 0 0 0 0 0 0 0 0 0 0 11 0 0 11 11 0 0 0 0 0 0 11 0 0 0 0 0 0 0 11 0 11 0 11 0 0 11 0 0 0 11 
11 11 0 0 0 11 0 0 0 0 11 0 0 0 0 11 0 0 0 0 0 0 0 0 0 0 0 0 0 0 0 0 0 0 0 0 0 0 0 0 0 0 11 
11 0 0 0 0 0 11 0 0 0 0 0 0 0 0 0 0 0 11 0 0 0 0 0 11 11 0 0 0 0 0 0 11 0 0 0 0 0 0 0 0 0 11 
11 0 0 0 0 0 0 0 0 0 0 0 0 0 0 0 0 0 0 11 0 0 0 0 0 0 0 0 0 0 11 0 0 0 0 0 0 0 0 0 0 0 11 
11 0 0 0 0 0 0 0 0 0 0 0 0 0 0 11 0 0 0 0 0 0 11 0 11 0 0 0 0 0 0 0 0 0 0 0 0 0 0 0 0 0 11 
11 0 0 0 0 11 0 0 0 11 0 0 0 11 0 0 11 0 0 0 0 0 0 0 0 11 0 0 0 11 0 0 0 0 0 0 0 0 0 0 11 0 11 
11 0 11 11 0 0 0 0 0 0 0 0 0 0 0 0 0 0 0 0 0 0 0 0 11 0 0 11 0 11 11 11 0 0 0 0 0 0 0 11 0 11 11 
11 11 11 0 0 11 0 0 0 0 0 0 15 0 0 0 0 11 0 0 0 0 0 11 11 0 11 0 0 0 0 11 0 0 11 11 0 0 11 0 0 0 11 
11 11 0 15 0 0 0 0 11 0 0 0 0 0 0 0 0 0 11 11 0 0 0 11 0 0 0 0 0 0 0 0 0 0 11 0 0 0 11 11 11 11 11 
11 0 0 0 0 0 0 0 0 15 11 0 0 0 0 0 0 0 0 0 0 11 0 0 11 0 0 0 0 11 0 11 11 0 11 0 0 0 11 0 0 0 11 
11 11 11 0 11 0 11 0 0 11 11 0 11 0 0 0 0 0 0 0 0 11 0 11 11 11 0 0 0 0 0 0 0 0 0 11 0 0 0 0 0 0 11 
11 0 11 11 0 11 0 0 11 0 11 11 0 11 0 0 0 11 0 0 0 0 0 11 11 0 0 0 0 0 0 11 0 11 11 0 11 0 0 0 11 11 11 
11 0 0 11 0 0 0 0 0 0 0 0 11 0 11 0 0 0 0 0 0 11 0 0 0 0 0 0 0 0 0 0 0 0 0 0 0 0 0 0 0 11 11 
11 0 0 11 0 0 0 0 0 0 0 0 0 0 0 0 0 0 0 0 0 11 11 11 11 0 0 0 0 0 0 11 0 0 0 0 0 0 11 0 0 0 11 
11 0 0 0 0 0 11 0 0 0 0 0 0 0 0 0 0 0 11 0 0 11 0 0 0 11 0 11 11 0 11 11 0 0 0 11 0 11 0 0 0 0 11 
11 11 11 11 11 11 11 11 11 11 11 11 11 11 11 11 11 11 11 11 11 11 11 11 11 11 11 11 11 11 11 11 11 11 11 11 11 11 11 11 11 11 11 

