17381
11 11 11 11 11 11 11 11 11 11 11 11 11 11 11 11 11 11 11 11 11 11 11 11 11 11 11 11 11 11 11 11 11 11 11 11 11 11 11 11 11 11 11 11 11 11 
11 0 0 0 11 0 0 0 0 0 11 0 0 11 0 11 0 0 0 0 11 0 0 0 0 0 11 0 0 0 0 0 0 11 0 11 0 0 0 0 0 0 0 0 11 11 
11 0 0 0 11 0 0 11 0 0 0 11 0 11 0 0 0 0 0 0 11 0 0 0 0 0 0 0 0 11 0 11 0 0 0 0 11 0 0 0 11 11 0 0 11 11 
11 11 0 0 0 0 0 11 0 0 11 0 0 0 11 0 11 0 0 0 0 11 0 0 0 0 0 0 0 0 0 0 0 0 11 0 0 11 0 0 0 11 0 11 0 11 
11 11 0 0 11 11 0 0 0 0 0 0 0 0 0 0 0 0 0 11 0 0 11 0 0 11 0 11 11 0 0 0 0 0 0 0 0 0 0 0 0 0 0 0 11 11 
11 0 0 11 0 0 0 0 0 0 0 0 0 0 11 0 0 0 0 0 0 0 0 0 0 11 0 0 0 0 0 0 11 0 0 0 0 0 0 0 11 0 0 0 0 11 
11 0 0 0 11 0 0 0 0 0 0 11 0 0 0 0 0 0 0 0 0 0 0 0 11 0 0 0 0 0 0 0 11 0 11 0 0 0 0 0 11 0 0 11 0 11 
11 0 0 11 0 0 0 0 0 0 0 0 11 0 0 0 0 0 11 0 0 0 0 0 0 0 0 0 0 0 0 0 0 0 0 0 0 0 11 0 0 0 0 0 11 11 
11 0 0 0 0 0 0 11 11 0 0 0 0 0 0 0 0 0 0 11 0 0 0 0 0 0 0 0 0 11 0 0 0 0 11 11 0 0 0 0 0 0 0 0 0 11 
11 0 0 11 0 0 0 0 0 0 0 0 0 0 0 0 0 15 0 0 0 0 0 0 0 0 11 0 11 0 0 0 0 0 0 0 0 0 0 0 11 0 11 0 11 11 
11 11 0 0 0 0 0 0 0 0 0 11 0 0 0 0 0 11 0 0 0 11 0 0 0 0 0 0 11 0 11 0 0 0 11 0 0 0 0 0 0 0 0 0 0 11 
11 0 11 0 0 0 0 0 0 0 11 0 0 0 0 0 0 0 0 0 0 0 0 0 11 11 11 11 15 0 11 14 11 0 0 0 0 11 11 0 15 0 0 0 0 11 
11 0 0 11 0 0 11 11 0 0 11 0 0 0 0 0 11 11 11 0 11 11 11 0 0 0 0 0 0 0 0 0 11 11 0 0 0 0 0 0 0 0 0 0 0 11 
11 0 0 11 0 0 0 0 11 0 0 0 0 11 0 0 0 0 0 0 0 0 0 11 11 0 0 0 0 11 11 0 11 0 0 11 0 0 0 0 0 0 11 0 0 11 
11 0 0 0 0 0 0 0 0 0 11 0 11 0 0 0 0 11 0 0 0 0 11 11 0 0 11 0 0 0 0 11 0 0 0 0 11 11 0 0 0 0 0 0 0 11 
11 11 0 0 0 0 0 0 0 0 0 11 0 11 0 0 0 0 0 0 0 11 0 11 0 0 0 0 0 0 0 0 0 11 11 0 0 0 0 11 11 0 11 0 11 11 
11 0 0 0 0 0 0 0 15 11 11 0 0 11 0 0 0 0 0 11 0 0 11 0 11 0 0 0 0 0 0 0 11 0 0 0 0 11 11 0 0 0 0 11 0 11 
11 11 0 0 0 11 0 0 0 0 0 0 0 0 11 0 0 0 0 11 0 0 11 0 0 0 11 11 0 0 11 11 11 0 0 0 11 0 0 0 11 11 11 0 0 11 
11 0 11 0 0 0 0 11 0 0 11 0 11 11 0 0 0 0 0 0 0 11 0 0 0 0 0 11 11 0 0 0 0 0 0 0 0 11 0 11 0 0 0 0 0 11 
11 0 0 0 11 0 0 11 0 11 0 0 0 0 0 0 0 11 11 0 0 0 0 0 0 0 0 0 0 11 0 0 0 0 0 0 11 0 0 0 0 0 0 11 0 11 
11 0 11 11 0 11 0 11 11 11 0 0 0 0 0 0 0 0 0 0 0 11 0 11 0 0 0 0 0 11 0 0 0 11 0 0 0 0 0 0 0 0 0 0 0 11 
11 11 11 0 0 11 0 0 0 0 0 0 11 0 0 0 0 11 0 0 0 0 11 0 0 0 11 0 0 0 0 0 0 0 0 0 0 0 11 0 0 0 0 0 0 11 
11 0 0 0 0 0 15 0 0 0 0 0 0 0 0 0 0 0 0 0 0 11 0 11 0 11 0 0 0 0 0 0 0 0 0 0 0 0 0 0 0 0 0 11 11 11 
11 0 0 0 11 11 0 0 0 0 0 11 0 0 0 11 0 0 11 0 0 0 0 0 0 0 0 0 0 0 11 0 0 0 0 0 0 0 0 0 11 0 0 11 0 11 
11 11 0 0 15 0 0 0 0 0 0 0 0 11 11 0 0 11 0 0 0 0 0 0 0 0 0 0 0 0 0 0 0 0 0 0 0 0 11 0 0 0 0 0 0 11 
11 0 11 0 0 0 0 0 0 0 0 0 0 0 11 11 0 0 0 0 0 0 0 0 11 11 0 0 0 0 0 0 0 0 0 0 0 0 0 0 0 0 0 0 11 11 
11 0 0 0 0 0 0 0 0 0 0 0 0 11 0 11 0 0 11 0 11 0 11 0 0 0 0 0 0 0 0 0 0 0 0 0 0 0 0 0 0 0 0 11 11 11 
11 0 0 0 0 0 11 0 0 0 0 0 0 0 0 0 11 0 0 11 0 11 0 11 11 11 0 0 11 0 0 0 11 0 0 0 0 15 0 0 0 0 0 0 0 11 
11 0 0 0 0 0 0 0 0 0 0 0 0 0 0 0 0 0 0 11 0 11 0 0 0 0 0 0 0 0 0 0 0 0 0 0 0 15 11 0 0 0 11 0 0 11 
11 0 0 0 11 0 0 0 0 11 0 11 0 11 0 11 0 0 0 0 0 0 0 0 0 0 0 0 0 0 0 0 0 0 11 15 0 0 0 0 0 0 0 0 0 11 
11 0 0 0 0 0 0 0 0 0 0 0 0 0 0 0 0 0 11 0 0 0 0 0 0 0 0 0 0 0 0 0 0 0 11 0 11 0 11 0 0 11 0 0 11 11 
11 0 0 11 0 11 0 0 0 0 0 0 0 0 11 0 11 0 0 0 0 0 0 0 0 11 0 0 11 0 0 11 0 0 0 0 0 11 11 11 11 0 0 0 0 11 
11 11 0 0 0 0 0 0 0 0 0 0 0 0 11 0 11 11 0 0 0 0 11 11 0 0 0 11 11 0 0 11 0 0 0 0 0 0 11 0 0 0 11 0 0 11 
11 0 0 0 0 0 0 0 0 11 0 0 0 0 0 0 0 0 0 11 0 0 0 0 11 0 0 0 11 0 0 0 11 0 11 11 0 0 0 11 0 11 11 11 11 11 
11 0 11 0 0 11 0 11 0 0 0 0 11 0 0 0 0 0 0 0 0 0 0 0 0 0 0 0 11 0 11 11 0 0 0 0 0 11 0 0 0 0 0 0 0 11 
11 0 0 0 0 0 0 0 11 0 0 0 0 0 0 11 0 0 0 0 0 0 0 0 11 0 0 0 0 0 0 0 0 0 0 0 0 0 0 0 0 0 0 11 0 11 
11 11 11 11 11 11 11 11 11 11 11 11 11 11 11 11 11 11 11 11 11 11 11 11 11 11 11 11 11 11 11 11 11 11 11 11 11 11 11 11 11 11 11 11 11 11 

17381
11 11 11 11 11 11 11 11 11 11 11 11 11 11 11 11 11 11 11 11 11 11 11 11 11 11 11 11 11 11 11 11 11 11 11 11 11 11 11 11 11 11 11 11 11 11 
11 0 0 0 11 0 0 0 0 0 11 0 0 11 0 11 0 0 0 0 11 0 0 0 0 0 11 0 0 0 0 0 0 11 0 11 0 0 0 0 0 0 0 0 11 11 
11 0 0 0 11 0 0 11 0 0 0 11 0 11 0 0 0 0 0 0 11 0 0 0 0 0 0 0 0 11 0 11 0 0 0 0 11 0 0 0 11 11 0 0 11 11 
11 11 0 0 0 0 0 11 0 0 11 0 0 0 11 0 11 0 0 0 0 11 0 0 0 0 0 0 0 0 0 0 0 0 11 0 0 11 0 0 0 11 0 11 0 11 
11 11 0 0 11 11 0 0 0 0 0 0 0 0 0 0 0 0 0 11 0 0 11 0 0 11 0 11 11 0 0 0 0 0 0 0 0 0 0 0 0 0 0 0 11 11 
11 0 0 11 0 0 0 0 0 0 0 0 0 0 11 0 0 0 0 0 0 0 0 0 0 11 0 0 0 0 0 0 11 0 0 0 0 0 0 0 11 0 0 0 0 11 
11 0 0 0 11 0 0 0 0 0 0 11 0 0 0 0 0 0 0 0 0 0 0 0 11 0 0 0 0 0 0 0 11 0 11 0 0 0 0 0 11 0 0 11 0 11 
11 0 0 11 0 0 0 0 0 0 0 0 11 0 0 0 0 0 11 0 0 0 0 0 0 0 0 0 0 0 0 0 0 0 0 0 0 0 11 0 0 0 0 0 11 11 
11 0 0 0 0 0 0 11 11 0 0 0 0 0 0 0 0 0 0 11 0 0 0 0 0 0 0 0 0 11 0 0 0 0 11 11 0 0 0 0 0 0 0 0 0 11 
11 0 0 11 0 0 0 0 0 0 0 0 0 0 0 0 0 15 0 0 0 0 0 0 0 0 11 0 11 0 0 0 0 0 0 0 0 0 0 0 11 0 11 0 11 11 
11 11 0 0 0 0 0 0 0 0 0 11 0 0 0 0 0 11 0 0 0 11 0 0 0 0 0 0 11 0 11 0 0 0 11 0 0 0 0 0 0 0 0 0 0 11 
11 0 11 0 0 0 0 0 0 0 11 0 0 0 0 0 0 0 0 0 0 0 0 0 11 11 11 11 15 0 11 14 11 0 0 0 0 11 11 0 15 0 0 0 0 11 
11 0 0 11 0 0 11 11 0 0 11 0 0 0 0 0 11 11 11 0 11 11 11 0 0 0 0 0 0 0 0 0 11 11 0 0 0 0 0 0 0 0 0 0 0 11 
11 0 0 11 0 0 0 0 11 0 0 0 0 11 0 0 0 0 0 0 0 0 0 11 11 0 0 0 0 11 11 0 11 0 0 11 0 0 0 0 0 0 11 0 0 11 
11 0 0 0 0 0 0 0 0 0 11 0 11 0 0 0 0 11 0 0 0 0 11 11 0 0 11 0 0 0 0 11 0 0 0 0 11 11 0 0 0 0 0 0 0 11 
11 11 0 0 0 0 0 0 0 0 0 11 0 11 0 0 0 0 0 0 0 11 0 11 0 0 0 0 0 0 0 0 0 11 11 0 0 0 0 11 11 0 11 0 11 11 
11 0 0 0 0 0 0 0 15 11 11 0 0 11 0 0 0 0 0 11 0 0 11 0 11 0 0 0 0 0 0 0 11 0 0 0 0 11 11 0 0 0 0 11 0 11 
11 11 0 0 0 11 0 0 0 0 0 0 0 0 11 0 0 0 0 11 0 0 11 0 0 0 11 11 0 0 11 11 11 0 0 0 11 0 0 0 11 11 11 0 0 11 
11 0 11 0 0 0 0 11 0 0 11 0 11 11 0 0 0 0 0 0 0 11 0 0 0 0 0 11 11 0 0 0 0 0 0 0 0 11 0 11 0 0 0 0 0 11 
11 0 0 0 11 0 0 11 0 11 0 0 0 0 0 0 0 11 11 0 0 0 0 0 0 0 0 0 0 11 0 0 0 0 0 0 11 0 0 0 0 0 0 11 0 11 
11 0 11 11 0 11 0 11 11 11 0 0 0 0 0 0 0 0 0 0 0 11 0 11 0 0 0 0 0 11 0 0 0 11 0 0 0 0 0 0 0 0 0 0 0 11 
11 11 11 0 0 11 0 0 0 0 0 0 11 0 0 0 0 11 0 0 0 0 11 0 0 0 11 0 0 0 0 0 0 0 0 0 0 0 11 0 0 0 0 0 0 11 
11 0 0 0 0 0 15 0 0 0 0 0 0 0 0 0 0 0 0 0 0 11 0 11 0 11 0 0 0 0 0 0 0 0 0 0 0 0 0 0 0 0 0 11 11 11 
11 0 0 0 11 11 0 0 0 0 0 11 0 0 0 11 0 0 11 0 0 0 0 0 0 0 0 0 0 0 11 0 0 0 0 0 0 0 0 0 11 0 0 11 0 11 
11 11 0 0 15 0 0 0 0 0 0 0 0 11 11 0 0 11 0 0 0 0 0 0 0 0 0 0 0 0 0 0 0 0 0 0 0 0 11 0 0 0 0 0 0 11 
11 0 11 0 0 0 0 0 0 0 0 0 0 0 11 11 0 0 0 0 0 0 0 0 11 11 0 0 0 0 0 0 0 0 0 0 0 0 0 0 0 0 0 0 11 11 
11 0 0 0 0 0 0 0 0 0 0 0 0 11 0 11 0 0 11 0 11 0 11 0 0 0 0 0 0 0 0 0 0 0 0 0 0 0 0 0 0 0 0 11 11 11 
11 0 0 0 0 0 11 0 0 0 0 0 0 0 0 0 11 0 0 11 0 11 0 11 11 11 0 0 11 0 0 0 11 0 0 0 0 15 0 0 0 0 0 0 0 11 
11 0 0 0 0 0 0 0 0 0 0 0 0 0 0 0 0 0 0 11 0 11 0 0 0 0 0 0 0 0 0 0 0 0 0 0 0 15 11 0 0 0 11 0 0 11 
11 0 0 0 11 0 0 0 0 11 0 11 0 11 0 11 0 0 0 0 0 0 0 0 0 0 0 0 0 0 0 0 0 0 11 15 0 0 0 0 0 0 0 0 0 11 
11 0 0 0 0 0 0 0 0 0 0 0 0 0 0 0 0 0 11 0 0 0 0 0 0 0 0 0 0 0 0 0 0 0 11 0 11 0 11 0 0 11 0 0 11 11 
11 0 0 11 0 11 0 0 0 0 0 0 0 0 11 0 11 0 0 0 0 0 0 0 0 11 0 0 11 0 0 11 0 0 0 0 0 11 11 11 11 0 0 0 0 11 
11 11 0 0 0 0 0 0 0 0 0 0 0 0 11 0 11 11 0 0 0 0 11 11 0 0 0 11 11 0 0 11 0 0 0 0 0 0 11 0 0 0 11 0 0 11 
11 0 0 0 0 0 0 0 0 11 0 0 0 0 0 0 0 0 0 11 0 0 0 0 11 0 0 0 11 0 0 0 11 0 11 11 0 0 0 11 0 11 11 11 11 11 
11 0 11 0 0 11 0 11 0 0 0 0 11 0 0 0 0 0 0 0 0 0 0 0 0 0 0 0 11 0 11 11 0 0 0 0 0 11 0 0 0 0 0 0 0 11 
11 0 0 0 0 0 0 0 11 0 0 0 0 0 0 11 0 0 0 0 0 0 0 0 11 0 0 0 0 0 0 0 0 0 0 0 0 0 0 0 0 0 0 11 0 11 
11 11 11 11 11 11 11 11 11 11 11 11 11 11 11 11 11 11 11 11 11 11 11 11 11 11 11 11 11 11 11 11 11 11 11 11 11 11 11 11 11 11 11 11 11 11 

17381
11 11 11 11 11 11 11 11 11 11 11 11 11 11 11 11 11 11 11 11 11 11 11 11 11 11 11 11 11 11 11 11 11 11 11 11 11 11 11 11 11 11 11 11 11 11 
11 0 0 0 11 0 0 0 0 0 11 0 0 11 0 11 0 0 0 0 11 0 0 0 0 0 11 0 0 0 0 0 0 11 0 11 0 0 0 0 0 0 0 0 11 11 
11 0 0 0 11 0 0 11 0 0 0 11 0 11 0 0 0 0 0 0 11 0 0 0 0 0 0 0 0 11 0 11 0 0 0 0 11 0 0 0 11 11 0 0 11 11 
11 11 0 0 0 0 0 11 0 0 11 0 0 0 11 0 11 0 0 0 0 11 0 0 0 0 0 0 0 0 0 0 0 0 11 0 0 11 0 0 0 11 0 11 0 11 
11 11 0 0 11 11 0 0 0 0 0 0 0 0 0 0 0 0 0 11 0 0 11 0 0 11 0 11 11 0 0 0 0 0 0 0 0 0 0 0 0 0 0 0 11 11 
11 0 0 11 0 0 0 0 0 0 0 0 0 0 11 0 0 0 0 0 0 0 0 0 0 11 0 0 0 0 0 0 11 0 0 0 0 0 0 0 11 0 0 0 0 11 
11 0 0 0 11 0 0 0 0 0 0 11 0 0 0 0 0 0 0 0 0 0 0 0 11 0 0 0 0 0 0 0 11 0 11 0 0 0 0 0 11 0 0 11 0 11 
11 0 0 11 0 0 0 0 0 0 0 0 11 0 0 0 0 0 11 0 0 0 0 0 0 0 0 0 0 0 0 0 0 0 0 0 0 0 11 0 0 0 0 0 11 11 
11 0 0 0 0 0 0 11 11 0 0 0 0 0 0 0 0 0 0 11 0 0 0 0 0 0 0 0 0 11 0 0 0 0 11 11 0 0 0 0 0 0 0 0 0 11 
11 0 0 11 0 0 0 0 0 0 0 0 0 0 0 0 0 15 0 0 0 0 0 0 0 0 11 0 11 0 0 0 0 0 0 0 0 0 0 0 11 0 11 0 11 11 
11 11 0 0 0 0 0 0 0 0 0 11 0 0 0 0 0 11 0 0 0 11 0 0 0 0 0 0 11 0 11 0 0 0 11 0 0 0 0 0 0 0 0 0 0 11 
11 0 11 0 0 0 0 0 0 0 11 0 0 0 0 0 0 0 0 0 0 0 0 0 11 11 11 11 15 0 11 14 11 0 0 0 0 11 11 0 15 0 0 0 0 11 
11 0 0 11 0 0 11 11 0 0 11 0 0 0 0 0 11 11 11 0 11 11 11 0 0 0 0 0 0 0 0 0 11 11 0 0 0 0 0 0 0 0 0 0 0 11 
11 0 0 11 0 0 0 0 11 0 0 0 0 11 0 0 0 0 0 0 0 0 0 11 11 0 0 0 0 11 11 0 11 0 0 11 0 0 0 0 0 0 11 0 0 11 
11 0 0 0 0 0 0 0 0 0 11 0 11 0 0 0 0 11 0 0 0 0 11 11 0 0 11 0 0 0 0 11 0 0 0 0 11 11 0 0 0 0 0 0 0 11 
11 11 0 0 0 0 0 0 0 0 0 11 0 11 0 0 0 0 0 0 0 11 0 11 0 0 0 0 0 0 0 0 0 11 11 0 0 0 0 11 11 0 11 0 11 11 
11 0 0 0 0 0 0 0 15 11 11 0 0 11 0 0 0 0 0 11 0 0 11 0 11 0 0 0 0 0 0 0 11 0 0 0 0 11 11 0 0 0 0 11 0 11 
11 11 0 0 0 11 0 0 0 0 0 0 0 0 11 0 0 0 0 11 0 0 11 0 0 0 11 11 0 0 11 11 11 0 0 0 11 0 0 0 11 11 11 0 0 11 
11 0 11 0 0 0 0 11 0 0 11 0 11 11 0 0 0 0 0 0 0 11 0 0 0 0 0 11 11 0 0 0 0 0 0 0 0 11 0 11 0 0 0 0 0 11 
11 0 0 0 11 0 0 11 0 11 0 0 0 0 0 0 0 11 11 0 0 0 0 0 0 0 0 0 0 11 0 0 0 0 0 0 11 0 0 0 0 0 0 11 0 11 
11 0 11 11 0 11 0 11 11 11 0 0 0 0 0 0 0 0 0 0 0 11 0 11 0 0 0 0 0 11 0 0 0 11 0 0 0 0 0 0 0 0 0 0 0 11 
11 11 11 0 0 11 0 0 0 0 0 0 11 0 0 0 0 11 0 0 0 0 11 0 0 0 11 0 0 0 0 0 0 0 0 0 0 0 11 0 0 0 0 0 0 11 
11 0 0 0 0 0 15 0 0 0 0 0 0 0 0 0 0 0 0 0 0 11 0 11 0 11 0 0 0 0 0 0 0 0 0 0 0 0 0 0 0 0 0 11 11 11 
11 0 0 0 11 11 0 0 0 0 0 11 0 0 0 11 0 0 11 0 0 0 0 0 0 0 0 0 0 0 11 0 0 0 0 0 0 0 0 0 11 0 0 11 0 11 
11 11 0 0 15 0 0 0 0 0 0 0 0 11 11 0 0 11 0 0 0 0 0 0 0 0 0 0 0 0 0 0 0 0 0 0 0 0 11 0 0 0 0 0 0 11 
11 0 11 0 0 0 0 0 0 0 0 0 0 0 11 11 0 0 0 0 0 0 0 0 11 11 0 0 0 0 0 0 0 0 0 0 0 0 0 0 0 0 0 0 11 11 
11 0 0 0 0 0 0 0 0 0 0 0 0 11 0 11 0 0 11 0 11 0 11 0 0 0 0 0 0 0 0 0 0 0 0 0 0 0 0 0 0 0 0 11 11 11 
11 0 0 0 0 0 11 0 0 0 0 0 0 0 0 0 11 0 0 11 0 11 0 11 11 11 0 0 11 0 0 0 11 0 0 0 0 15 0 0 0 0 0 0 0 11 
11 0 0 0 0 0 0 0 0 0 0 0 0 0 0 0 0 0 0 11 0 11 0 0 0 0 0 0 0 0 0 0 0 0 0 0 0 15 11 0 0 0 11 0 0 11 
11 0 0 0 11 0 0 0 0 11 0 11 0 11 0 11 0 0 0 0 0 0 0 0 0 0 0 0 0 0 0 0 0 0 11 15 0 0 0 0 0 0 0 0 0 11 
11 0 0 0 0 0 0 0 0 0 0 0 0 0 0 0 0 0 11 0 0 0 0 0 0 0 0 0 0 0 0 0 0 0 11 0 11 0 11 0 0 11 0 0 11 11 
11 0 0 11 0 11 0 0 0 0 0 0 0 0 11 0 11 0 0 0 0 0 0 0 0 11 0 0 11 0 0 11 0 0 0 0 0 11 11 11 11 0 0 0 0 11 
11 11 0 0 0 0 0 0 0 0 0 0 0 0 11 0 11 11 0 0 0 0 11 11 0 0 0 11 11 0 0 11 0 0 0 0 0 0 11 0 0 0 11 0 0 11 
11 0 0 0 0 0 0 0 0 11 0 0 0 0 0 0 0 0 0 11 0 0 0 0 11 0 0 0 11 0 0 0 11 0 11 11 0 0 0 11 0 11 11 11 11 11 
11 0 11 0 0 11 0 11 0 0 0 0 11 0 0 0 0 0 0 0 0 0 0 0 0 0 0 0 11 0 11 11 0 0 0 0 0 11 0 0 0 0 0 0 0 11 
11 0 0 0 0 0 0 0 11 0 0 0 0 0 0 11 0 0 0 0 0 0 0 0 11 0 0 0 0 0 0 0 0 0 0 0 0 0 0 0 0 0 0 11 0 11 
11 11 11 11 11 11 11 11 11 11 11 11 11 11 11 11 11 11 11 11 11 11 11 11 11 11 11 11 11 11 11 11 11 11 11 11 11 11 11 11 11 11 11 11 11 11 

17378
11 11 11 11 11 11 11 11 11 11 11 11 11 11 11 11 11 11 11 11 11 11 11 11 11 11 11 11 11 11 11 11 11 11 11 11 11 11 11 11 11 11 11 11 11 11 
11 0 0 0 11 0 0 0 0 0 11 0 0 11 0 11 0 0 0 0 11 0 0 0 0 0 11 0 0 0 0 0 0 11 0 11 0 0 0 0 0 0 0 0 11 11 
11 0 0 0 11 0 0 11 0 0 0 11 0 11 0 0 0 0 0 0 11 0 0 0 0 0 0 0 0 11 0 11 0 0 0 0 11 0 0 0 11 11 0 0 11 11 
11 11 0 0 0 0 0 11 0 0 11 0 0 0 11 0 11 11 0 0 0 11 0 0 0 0 0 0 0 0 0 0 0 0 11 0 0 11 0 0 0 11 0 11 0 11 
11 11 0 0 11 11 0 0 0 0 0 0 0 0 0 0 0 0 0 11 0 0 11 0 0 11 0 11 11 0 0 0 0 0 0 0 0 0 0 0 0 0 0 0 11 11 
11 0 0 11 0 0 0 0 0 0 0 0 0 0 11 0 0 0 0 0 0 0 0 0 0 11 0 0 0 0 0 0 11 0 0 0 0 0 0 0 11 0 0 0 0 11 
11 0 0 0 11 0 0 0 0 0 0 11 0 0 0 0 0 0 0 0 0 0 0 0 11 0 0 0 0 0 0 0 11 0 11 0 0 0 0 0 11 0 0 11 0 11 
11 0 0 11 0 0 0 0 0 0 0 0 11 0 0 0 0 0 11 0 0 0 0 0 0 0 0 0 0 0 0 0 0 0 0 0 0 0 11 0 0 0 0 0 11 11 
11 0 0 0 0 0 0 11 11 0 0 0 0 0 0 0 0 14 0 11 0 0 0 0 0 0 0 0 0 11 0 0 0 0 11 11 0 0 0 0 0 0 0 0 0 11 
11 0 0 11 0 0 0 0 0 0 0 0 0 0 0 0 0 0 0 0 0 0 0 0 0 0 11 0 11 0 0 0 0 0 0 0 0 15 0 0 11 0 11 0 11 11 
11 11 0 0 0 0 0 0 0 0 0 11 0 0 0 0 0 11 0 0 0 11 0 0 0 0 0 0 11 0 11 0 0 0 11 0 0 0 0 0 0 0 0 0 0 11 
11 0 11 0 0 0 0 0 0 0 11 0 0 0 0 0 0 0 0 0 0 0 0 0 11 11 11 11 0 0 11 0 11 0 0 0 0 11 11 0 0 0 0 0 0 11 
11 0 0 11 0 0 11 11 0 0 11 0 0 0 0 0 11 11 11 0 11 11 11 0 0 0 0 0 0 0 0 0 11 11 0 0 0 0 0 0 0 0 0 0 0 11 
11 0 0 11 0 0 0 15 11 0 0 0 0 11 0 0 0 0 0 0 0 0 0 11 11 0 0 0 0 11 11 0 11 0 0 11 0 0 0 0 0 0 11 0 0 11 
11 0 0 0 0 0 0 0 0 0 11 0 11 0 0 0 0 11 0 0 0 0 11 11 0 0 11 0 0 0 0 11 0 0 15 0 11 11 0 0 0 0 0 0 0 11 
11 11 0 0 0 0 0 0 0 0 0 11 0 11 0 0 0 0 0 0 0 11 0 11 0 0 0 0 0 0 0 0 0 11 11 0 0 0 0 11 0 0 11 0 11 11 
11 0 0 0 0 0 0 0 0 11 11 0 0 11 0 0 0 0 0 11 0 0 11 0 11 11 0 0 0 0 0 0 11 0 0 0 0 11 11 0 0 0 0 11 0 11 
11 11 0 0 0 11 0 15 0 0 0 0 0 0 11 0 0 0 0 11 0 0 11 0 0 0 11 11 0 0 11 11 11 0 0 0 11 0 0 0 11 11 11 0 0 11 
11 0 11 0 0 0 0 11 0 0 11 0 11 11 0 0 0 0 0 0 0 11 0 0 0 0 0 11 11 0 0 0 0 0 0 0 0 11 0 11 0 0 0 0 0 11 
11 0 0 0 11 0 0 11 0 11 0 0 0 0 0 0 0 11 11 0 0 0 0 0 0 0 0 0 0 11 0 0 0 0 0 0 11 0 0 0 0 0 0 11 0 11 
11 0 11 11 0 11 0 11 11 11 0 0 0 0 0 0 0 0 0 0 0 11 0 11 0 0 0 0 0 11 0 0 0 11 0 0 0 0 0 0 0 0 0 0 0 11 
11 11 11 0 0 11 0 0 0 0 0 0 11 0 0 0 0 11 0 0 0 0 11 0 0 0 11 0 0 0 0 15 0 0 0 0 0 0 11 0 0 0 0 0 0 11 
11 0 0 0 0 0 0 0 0 0 0 0 0 0 0 0 0 0 0 0 0 11 0 11 0 11 0 0 0 0 0 0 0 0 0 0 0 0 0 0 0 0 0 11 11 11 
11 0 0 0 11 11 0 15 0 0 0 11 0 0 0 11 0 0 11 0 0 0 0 0 0 0 0 0 0 0 11 0 0 0 0 0 0 0 0 0 11 0 0 11 0 11 
11 11 0 0 0 0 0 0 0 0 0 0 0 11 11 0 0 11 0 0 0 0 0 0 0 0 0 0 0 0 0 0 0 0 0 0 0 0 11 0 0 0 0 0 0 11 
11 0 11 0 0 0 0 0 0 0 0 0 0 0 11 11 0 0 0 0 0 0 0 0 11 11 0 0 0 0 0 0 0 0 0 0 0 0 0 0 0 0 0 0 11 11 
11 0 0 0 0 0 0 0 0 0 0 0 0 11 0 11 0 0 11 0 11 0 11 0 0 0 0 0 0 0 0 0 0 0 0 0 0 0 0 0 0 0 0 11 11 11 
11 0 0 0 0 0 11 12 0 0 0 0 0 0 0 0 11 0 0 11 0 11 0 11 11 11 0 0 11 0 0 0 11 0 0 0 0 0 0 0 0 0 0 0 0 11 
11 0 0 0 0 0 0 0 0 0 0 0 0 0 0 0 0 0 0 11 0 11 0 0 0 0 0 0 0 0 0 0 0 0 0 0 0 0 11 0 0 0 11 0 0 11 
11 0 0 0 11 0 0 0 0 11 0 11 0 11 0 11 0 0 0 0 0 0 0 0 0 0 0 0 0 0 0 0 0 0 11 0 0 0 0 0 0 0 0 0 0 11 
11 0 0 0 0 0 0 0 0 0 0 0 0 0 0 0 0 0 11 0 0 0 0 0 0 0 0 0 0 0 0 0 0 0 11 0 11 15 11 15 0 11 0 0 11 11 
11 0 0 11 0 11 0 0 0 0 0 0 0 0 11 0 11 0 0 0 0 0 0 0 0 11 0 0 11 0 0 11 0 0 0 0 0 11 11 11 11 0 0 0 0 11 
11 11 0 0 0 0 0 0 0 0 0 0 0 0 11 0 11 11 0 0 0 0 11 11 0 0 0 11 11 0 0 11 0 0 0 0 0 0 11 0 0 0 11 0 0 11 
11 0 0 0 0 0 0 0 0 11 0 0 0 0 0 0 0 0 0 11 0 0 0 0 11 0 0 0 11 0 0 0 11 0 11 11 0 0 0 11 0 11 11 11 11 11 
11 0 11 0 0 11 0 11 0 0 0 0 11 0 0 0 0 0 0 0 0 0 0 0 0 0 0 0 11 0 11 11 0 0 0 0 0 11 0 0 0 0 0 0 0 11 
11 0 0 0 0 0 0 0 11 0 0 0 0 0 0 11 0 0 0 0 0 0 0 0 11 0 0 0 0 0 0 0 0 0 0 0 0 0 0 0 0 0 0 11 0 11 
11 11 11 11 11 11 11 11 11 11 11 11 11 11 11 11 11 11 11 11 11 11 11 11 11 11 11 11 11 11 11 11 11 11 11 11 11 11 11 11 11 11 11 11 11 11 

17326
11 11 11 11 11 11 11 11 11 11 11 11 11 11 11 11 11 11 11 11 11 11 11 11 11 11 11 11 11 11 11 11 11 11 11 11 11 11 11 11 11 11 11 11 11 11 
11 0 0 0 11 0 0 0 0 0 11 0 0 11 0 11 0 0 0 0 11 0 0 0 0 0 11 0 0 0 0 0 0 11 0 11 0 0 0 0 0 0 0 0 11 11 
11 0 0 0 11 0 0 11 0 0 0 11 0 11 0 0 0 0 0 0 11 0 0 0 0 0 0 0 0 11 0 11 0 0 0 0 11 0 0 0 11 11 0 0 11 11 
11 11 0 0 0 0 0 11 0 0 11 0 0 0 11 0 11 0 0 0 0 11 0 0 0 0 0 0 0 0 0 0 0 0 11 0 0 11 0 0 0 11 0 11 0 11 
11 11 0 0 11 11 0 0 0 0 0 0 0 0 0 0 0 0 0 11 0 0 11 0 0 11 0 11 11 0 0 0 0 0 0 0 0 0 0 0 0 0 0 0 11 11 
11 0 0 11 0 0 0 0 0 0 0 0 0 0 11 0 0 0 0 0 0 0 0 0 0 11 0 0 0 0 0 0 11 0 0 0 0 0 0 0 11 0 0 0 0 11 
11 0 0 0 11 0 0 0 0 0 0 11 15 0 0 0 0 0 0 0 0 0 0 0 11 0 0 0 0 0 0 0 11 0 11 0 0 0 0 0 11 0 0 11 0 11 
11 0 0 11 0 0 0 0 0 0 0 0 11 0 0 0 0 0 11 0 0 0 0 0 0 0 0 0 0 0 0 0 0 0 0 0 0 0 11 0 0 0 0 0 11 11 
11 0 0 0 0 0 0 11 11 0 0 0 0 0 0 0 0 0 0 11 0 0 0 0 0 15 0 0 0 11 0 0 0 0 11 11 0 0 0 0 0 0 0 0 0 11 
11 0 0 11 0 0 0 0 0 0 0 0 0 0 0 0 0 0 0 0 0 0 0 0 0 0 11 0 11 0 0 0 0 0 0 0 0 0 0 0 11 0 11 0 11 11 
11 11 0 0 0 0 0 0 0 0 0 11 0 0 0 0 0 11 0 0 0 11 0 0 0 0 0 0 11 0 11 0 0 0 11 0 0 0 0 0 0 0 0 0 0 11 
11 0 11 0 0 0 0 0 0 0 11 0 0 0 0 0 0 0 0 0 0 0 0 0 11 11 11 11 0 0 11 0 11 0 0 0 0 11 11 0 0 0 0 0 0 11 
11 0 0 11 0 0 11 11 0 0 11 0 0 0 0 0 11 11 11 0 11 11 11 0 0 0 0 0 0 0 0 0 11 11 0 0 0 0 0 0 0 0 0 0 0 11 
11 0 0 11 0 0 0 0 11 0 0 0 0 11 0 0 0 0 0 0 0 0 0 11 11 0 0 0 0 11 11 0 11 0 0 11 0 0 0 0 0 0 11 0 0 11 
11 0 0 0 0 0 0 0 15 0 11 0 11 0 0 0 0 11 0 0 0 0 11 11 0 0 11 0 0 0 0 11 0 0 0 0 11 11 0 0 0 0 0 0 0 11 
11 11 0 0 0 0 0 0 0 0 0 11 0 11 0 0 0 0 0 0 0 11 0 11 0 0 0 0 0 0 0 15 0 11 11 0 0 0 0 11 0 0 11 0 11 11 
11 0 0 0 0 0 0 0 0 11 11 0 0 11 0 0 0 0 0 11 0 0 11 0 11 0 0 0 0 0 0 0 11 0 0 0 0 11 11 0 0 0 0 11 0 11 
11 11 0 0 0 11 0 0 0 0 0 0 0 0 11 0 0 0 0 11 0 0 11 0 0 0 11 11 0 0 11 11 11 0 0 0 11 0 0 0 11 11 11 0 0 11 
11 0 11 0 0 0 0 11 0 0 11 0 11 11 0 0 0 0 0 0 0 11 0 0 0 0 0 11 11 0 0 0 0 0 0 0 0 11 0 11 0 0 0 0 0 11 
11 0 0 0 11 0 0 11 0 11 0 0 0 0 0 0 0 11 11 0 0 0 0 0 0 0 0 0 0 11 0 0 0 0 0 0 11 0 0 0 15 0 0 11 0 11 
11 0 11 11 0 11 0 11 11 11 0 0 0 0 0 0 0 0 0 0 0 11 0 11 0 0 0 0 0 11 0 0 0 11 0 0 0 0 0 0 0 0 0 0 0 11 
11 11 11 0 0 11 0 0 0 0 0 0 11 0 0 0 0 11 0 0 0 0 11 0 0 0 11 0 0 0 0 0 0 0 0 0 0 0 11 0 0 0 0 0 0 11 
11 0 0 0 0 0 0 0 0 0 0 0 0 0 0 0 0 0 0 0 0 11 0 11 0 11 0 0 0 0 0 0 0 0 0 0 0 0 0 0 0 0 0 11 11 11 
11 0 0 0 11 11 0 15 0 0 0 11 0 0 0 11 0 0 11 0 0 0 0 0 0 0 0 0 0 0 11 0 0 0 0 0 0 0 0 0 11 0 0 11 0 11 
11 11 0 0 0 15 0 0 0 0 0 0 0 11 11 0 0 11 0 0 0 0 0 0 0 0 0 0 0 0 0 0 0 0 0 0 0 0 11 0 0 0 0 0 0 11 
11 0 11 0 0 0 0 0 0 0 0 0 0 0 11 11 0 0 0 0 0 0 0 0 11 11 0 0 0 0 0 0 0 0 0 0 0 0 0 0 0 0 0 0 11 11 
11 0 0 0 0 0 0 0 0 0 0 0 0 11 0 11 0 0 11 0 11 0 11 0 0 0 0 0 0 0 0 0 0 0 0 0 0 0 0 0 0 0 0 11 11 11 
11 0 0 0 0 0 11 0 0 0 0 0 0 0 0 0 11 0 0 11 0 11 0 11 11 11 0 0 11 0 0 0 11 0 0 0 0 0 0 0 0 0 0 0 0 11 
11 0 0 0 0 0 0 0 0 0 0 0 0 0 0 0 0 0 0 11 0 11 0 0 0 0 0 0 0 0 0 0 0 0 0 0 14 0 11 0 0 0 11 0 0 11 
11 0 0 0 11 0 0 0 0 11 0 11 0 11 0 11 0 0 0 0 0 0 0 0 0 0 0 0 0 0 0 0 0 0 11 0 13 0 0 0 0 0 0 0 0 11 
11 0 0 0 0 0 0 0 0 0 0 0 0 0 0 0 0 0 11 0 0 0 0 0 0 0 0 0 0 0 0 0 0 0 11 0 11 0 11 0 0 11 0 0 11 11 
11 0 0 11 0 11 0 0 0 0 0 0 0 0 11 0 11 0 0 0 0 0 0 0 0 11 0 0 11 0 0 11 0 0 15 0 0 11 11 11 11 0 0 0 0 11 
11 11 0 0 0 0 0 0 0 0 0 0 0 0 11 0 11 11 0 0 0 0 11 11 0 0 0 11 11 0 0 11 0 0 0 15 0 0 11 0 0 0 11 0 0 11 
11 0 0 0 0 0 0 0 0 11 0 0 0 0 0 0 0 0 0 11 0 0 0 0 11 0 0 0 11 0 0 0 11 0 11 11 0 0 0 11 0 11 11 11 11 11 
11 0 11 0 0 11 0 11 0 0 0 0 11 0 0 0 0 0 0 0 0 0 0 0 0 0 0 0 11 0 11 11 0 0 0 0 0 11 0 0 0 0 0 0 0 11 
11 0 0 0 0 0 0 0 11 0 0 0 0 0 0 11 0 0 0 0 0 0 0 0 11 0 0 0 0 0 0 0 0 0 0 0 0 0 0 0 0 0 0 11 0 11 
11 11 11 11 11 11 11 11 11 11 11 11 11 11 11 11 11 11 11 11 11 11 11 11 11 11 11 11 11 11 11 11 11 11 11 11 11 11 11 11 11 11 11 11 11 11 

17356
11 11 11 11 11 11 11 11 11 11 11 11 11 11 11 11 11 11 11 11 11 11 11 11 11 11 11 11 11 11 11 11 11 11 11 11 11 11 11 11 11 11 11 11 11 11 
11 0 0 0 11 0 0 0 0 0 11 0 0 11 0 11 0 0 0 0 11 0 0 0 0 0 0 0 0 0 0 0 0 11 0 11 0 0 0 0 0 0 0 0 11 11 
11 0 0 0 11 0 0 11 0 0 0 11 0 11 0 0 0 0 0 0 11 0 0 0 0 0 0 0 0 11 0 11 0 0 0 0 11 0 0 0 11 11 0 0 11 11 
11 11 0 0 0 0 0 11 0 0 11 0 0 0 11 0 11 0 0 0 0 11 0 0 0 0 0 0 0 0 0 0 0 0 11 0 0 0 0 0 0 11 0 11 0 11 
11 11 0 0 11 11 0 0 0 11 0 0 0 11 0 0 0 0 0 11 0 0 11 0 0 11 0 11 11 0 0 0 0 0 0 0 0 0 0 0 0 0 0 0 11 11 
11 0 0 11 0 11 0 0 0 0 0 0 0 0 11 0 0 0 0 0 0 0 0 0 0 11 0 0 0 0 0 0 11 0 0 0 0 0 0 0 11 0 0 0 0 11 
11 0 0 0 11 0 0 0 0 0 0 11 0 0 0 0 0 0 0 0 0 0 0 0 11 0 0 0 0 0 0 0 11 0 11 0 0 0 0 0 11 0 0 11 0 11 
11 0 0 11 0 0 0 0 0 0 0 0 11 0 0 15 0 0 11 0 0 0 0 0 0 0 0 0 0 0 0 0 0 0 0 0 0 0 11 0 0 0 0 0 11 11 
11 0 0 0 0 0 0 11 11 0 0 0 0 0 0 0 0 0 0 11 0 0 0 0 0 0 0 0 0 11 0 0 0 0 11 11 0 0 0 0 0 0 0 0 0 11 
11 0 0 11 0 0 0 0 0 0 0 0 0 0 0 0 0 0 0 0 0 0 0 0 0 0 11 0 11 0 0 0 0 0 0 0 0 0 0 0 11 0 11 0 11 11 
11 11 0 0 0 0 0 0 0 0 0 11 0 0 0 0 0 11 0 0 0 11 0 0 0 0 0 0 11 0 11 0 0 0 11 0 0 0 0 0 0 0 0 0 0 11 
11 0 0 0 0 0 0 0 0 0 11 11 0 0 0 0 11 0 0 0 0 0 0 0 11 11 11 0 0 0 11 0 11 0 0 0 0 11 11 0 0 0 0 0 0 11 
11 0 0 11 0 0 11 11 0 0 0 0 0 0 0 0 11 0 11 0 0 11 0 0 0 0 0 0 0 0 0 0 11 11 0 0 15 0 0 0 0 0 0 0 0 11 
11 0 0 11 0 0 0 0 11 0 11 0 0 11 0 0 0 0 0 0 0 0 0 11 11 0 0 0 0 11 11 0 11 0 0 11 0 0 0 0 0 0 11 0 0 11 
11 0 0 0 0 0 0 0 0 0 11 0 11 0 0 0 0 11 0 0 0 0 11 11 0 0 11 0 0 0 0 11 0 0 0 0 11 11 0 0 0 11 0 0 0 11 
11 11 0 0 0 0 0 11 15 0 0 11 0 11 0 0 0 0 0 0 0 11 0 11 0 0 0 0 0 0 0 15 0 11 11 0 0 0 0 11 0 0 11 0 11 11 
11 0 0 0 0 0 0 0 0 11 11 0 0 11 0 0 0 0 0 11 0 0 11 0 11 0 0 0 0 0 0 0 11 0 0 0 0 11 11 0 0 0 0 11 0 11 
11 11 0 0 0 11 0 0 0 0 0 0 0 0 11 0 0 0 0 11 0 0 11 0 0 0 11 11 0 0 11 11 11 0 0 0 11 0 0 0 11 11 0 0 0 11 
11 0 11 0 0 0 0 11 0 0 11 0 11 11 0 0 0 0 0 0 0 11 0 0 0 0 0 11 11 15 0 0 0 0 0 0 0 11 0 11 0 0 0 0 0 11 
11 0 0 0 11 0 0 11 0 11 0 0 0 0 0 0 0 11 11 0 0 0 0 0 0 0 0 0 0 11 0 0 0 0 0 0 11 0 0 0 0 0 0 11 0 11 
11 0 11 11 0 11 0 11 11 11 0 0 11 0 0 0 0 0 0 0 0 11 0 11 0 0 0 0 0 11 0 0 0 11 0 0 0 0 0 0 0 0 0 0 0 11 
11 11 11 0 0 11 0 0 0 0 0 0 11 0 0 0 11 11 0 0 0 0 11 0 0 0 11 0 0 0 0 0 0 0 0 0 0 0 11 0 0 0 0 0 0 11 
11 0 0 0 0 0 0 0 0 0 0 0 0 0 0 0 0 0 0 0 0 11 0 11 0 11 0 0 0 0 0 0 0 0 0 0 0 0 0 0 0 0 0 11 11 11 
11 0 0 0 11 11 0 15 0 0 0 11 0 0 0 11 0 0 11 0 0 0 0 0 0 0 0 0 0 0 11 0 0 0 0 0 0 0 0 0 11 0 0 11 0 11 
11 11 0 0 0 0 0 0 0 0 0 0 0 11 11 0 0 11 0 0 0 0 0 0 0 0 0 0 0 0 0 0 0 0 0 0 0 0 11 0 0 0 0 0 0 11 
11 0 11 0 0 11 0 0 0 0 0 0 0 0 11 11 0 0 0 0 0 0 0 0 11 11 0 0 0 0 0 0 0 0 0 0 0 0 0 0 0 0 0 0 11 11 
11 0 0 0 0 0 0 0 0 0 0 0 0 11 0 11 0 0 11 0 0 0 11 0 0 0 0 0 0 0 0 0 0 0 0 0 0 0 0 0 0 0 0 11 11 11 
11 0 0 0 0 0 11 0 0 0 0 0 0 0 0 0 11 0 0 11 11 11 0 11 11 11 0 0 11 0 0 0 11 0 0 0 0 0 0 0 0 0 0 0 0 11 
11 0 0 0 0 15 0 0 0 0 0 0 0 0 0 0 0 0 0 11 0 11 0 0 0 0 0 0 0 0 0 0 0 0 0 0 0 0 11 11 0 0 0 0 0 11 
11 0 0 0 11 0 0 0 0 11 0 11 0 11 0 11 0 0 0 0 0 0 0 0 0 0 0 0 0 0 0 0 0 0 0 0 0 15 0 0 0 0 0 0 0 11 
11 0 0 0 0 0 0 0 0 0 0 0 0 0 0 0 0 11 11 0 0 0 0 0 0 0 0 0 0 0 0 0 0 0 11 0 11 0 11 0 0 11 0 0 11 11 
11 0 0 11 0 11 0 0 0 0 0 0 0 0 11 0 11 0 0 0 0 0 0 0 0 11 0 0 11 0 0 11 0 0 0 0 0 11 11 11 0 0 0 0 0 11 
11 11 0 0 0 0 11 0 0 0 0 0 0 0 11 0 11 11 0 0 0 0 11 11 0 0 0 11 11 0 0 0 0 0 0 15 0 0 0 0 0 0 11 0 0 11 
11 0 0 0 0 0 0 0 0 11 0 0 0 0 0 0 0 0 0 11 0 0 0 0 11 0 0 0 11 0 0 0 11 0 11 11 0 0 0 11 0 11 0 11 11 11 
11 0 11 0 0 11 0 11 0 0 0 0 11 0 0 11 0 0 0 0 0 0 0 0 0 0 0 0 11 0 11 11 0 0 0 0 0 11 0 0 0 0 0 0 0 11 
11 0 0 0 0 0 0 0 11 0 0 0 0 0 0 11 0 0 0 0 0 0 0 0 11 0 0 0 0 0 0 0 0 0 0 0 0 0 0 0 0 0 0 11 0 11 
11 11 11 11 11 11 11 11 11 11 11 11 11 11 11 11 11 11 11 11 11 11 11 11 11 11 11 11 11 11 11 11 11 11 11 11 11 11 11 11 11 11 11 11 11 11 

17343
11 11 11 11 11 11 11 11 11 11 11 11 11 11 11 11 11 11 11 11 11 11 11 11 11 11 11 11 11 11 11 11 11 11 11 11 11 11 11 11 11 11 11 11 11 11 
11 0 0 0 11 0 0 0 0 0 11 0 0 11 0 11 0 0 0 0 11 0 0 0 0 0 0 0 0 0 0 0 0 11 0 11 0 0 0 0 0 0 0 0 11 11 
11 0 0 0 11 0 0 11 0 0 0 11 0 11 0 0 0 0 0 0 11 0 0 0 0 0 0 0 0 11 0 11 0 0 0 0 11 0 0 0 11 11 0 0 11 11 
11 11 0 0 0 0 0 11 0 0 11 0 0 0 11 0 11 0 0 0 0 11 0 0 0 0 0 0 0 0 0 0 0 0 11 0 0 0 0 0 0 11 0 11 0 11 
11 11 0 0 11 11 0 0 0 11 0 0 0 11 0 0 0 0 0 11 0 0 11 0 0 11 0 11 11 0 0 0 0 0 0 0 0 0 0 0 0 0 0 0 11 11 
11 0 0 11 0 11 0 0 0 0 0 0 0 0 11 0 0 0 0 0 0 0 0 0 0 11 0 0 0 0 0 0 11 0 0 0 0 0 0 0 11 0 0 0 0 11 
11 0 0 0 11 0 0 0 0 0 0 11 0 0 15 0 0 0 0 0 0 0 0 0 11 0 0 0 0 0 0 0 11 0 11 0 0 0 0 0 11 0 0 11 0 11 
11 0 0 11 0 0 0 0 0 0 0 0 11 0 0 0 0 0 11 0 0 0 0 0 0 0 0 0 0 0 0 0 0 0 0 0 0 0 11 0 0 0 0 0 11 11 
11 0 0 0 0 0 0 11 11 0 0 0 0 0 0 0 0 0 0 11 0 0 0 0 0 0 0 0 0 11 0 0 0 0 11 11 0 0 0 0 0 0 0 0 0 11 
11 0 0 11 0 0 0 0 0 0 0 0 0 0 0 0 0 0 0 0 0 0 0 0 0 0 11 0 11 0 0 0 0 0 0 0 0 0 0 0 11 0 11 0 11 11 
11 11 0 0 0 0 0 0 0 0 0 11 0 0 0 0 0 11 0 0 0 11 0 0 0 0 0 0 11 0 11 0 0 0 11 0 0 0 0 0 0 0 0 0 0 11 
11 0 0 0 0 0 0 0 0 0 11 11 0 0 0 0 11 0 0 0 0 0 0 15 11 11 11 0 0 0 11 0 11 0 0 0 15 11 11 0 0 0 0 0 0 11 
11 0 0 11 0 0 11 11 0 0 0 0 0 0 0 0 11 0 11 0 0 11 0 0 0 0 0 0 0 0 12 0 11 11 0 0 0 0 0 0 0 0 0 0 0 11 
11 0 0 11 0 0 0 0 11 0 11 0 0 11 0 0 0 0 0 0 0 0 0 11 11 0 0 0 0 11 11 0 11 0 0 11 0 0 0 0 0 0 11 0 0 11 
11 0 0 0 0 0 0 0 15 0 11 0 11 0 0 0 0 11 0 0 0 0 11 11 0 0 11 0 0 0 0 11 0 0 0 0 11 11 0 0 0 11 0 0 0 11 
11 11 0 0 0 0 0 11 0 0 0 11 0 11 0 0 0 0 0 0 0 11 0 11 0 0 0 0 0 0 0 0 0 11 11 0 0 14 0 11 0 0 11 0 11 11 
11 0 0 0 0 0 0 0 0 11 11 0 0 11 0 0 0 0 0 11 0 0 11 0 11 0 0 0 0 0 0 0 11 0 0 0 0 11 11 0 0 0 0 11 0 11 
11 11 0 0 0 11 0 0 0 0 0 0 0 0 11 0 0 0 0 11 0 0 11 0 0 0 11 11 0 0 11 11 11 0 0 0 11 0 0 0 11 11 0 0 0 11 
11 0 11 0 0 0 0 11 0 0 11 0 11 11 0 0 0 0 0 0 0 11 0 0 0 0 0 11 11 0 0 0 0 0 0 0 0 11 0 11 0 0 0 0 0 11 
11 0 0 0 11 0 0 11 0 11 0 0 0 0 0 0 0 11 11 0 0 0 0 0 0 0 0 0 0 11 0 0 0 0 0 0 11 0 0 0 0 0 0 11 0 11 
11 0 11 11 0 11 0 11 11 11 0 0 11 0 0 0 0 0 0 0 0 11 0 11 0 0 0 0 0 11 0 0 0 11 0 0 0 0 0 0 0 0 0 0 0 11 
11 11 11 0 0 11 0 0 0 0 0 0 11 0 0 0 11 11 0 0 0 0 11 0 0 0 11 0 0 0 0 0 0 0 0 0 0 0 11 0 0 0 0 0 0 11 
11 0 0 0 15 0 0 0 0 0 0 0 0 0 0 0 0 0 0 0 0 11 0 11 0 11 0 0 0 0 0 0 0 0 0 0 0 0 0 0 0 0 0 11 11 11 
11 0 0 0 11 11 0 0 0 0 0 11 0 0 0 11 0 0 11 0 0 0 0 0 0 0 0 0 0 0 11 0 0 0 0 0 0 0 0 0 11 0 0 11 0 11 
11 11 0 0 0 0 15 0 0 0 0 0 0 11 11 0 0 11 0 0 0 0 0 0 0 0 0 0 0 0 0 0 0 0 0 0 0 0 11 0 0 0 0 0 0 11 
11 0 11 0 0 11 0 0 0 0 0 0 0 0 11 11 0 0 0 0 0 0 0 0 11 11 0 0 0 0 0 0 0 0 0 0 0 0 0 0 0 0 0 0 11 11 
11 0 0 0 0 0 0 0 0 0 0 0 0 11 0 11 0 0 11 0 0 0 11 0 0 0 0 0 0 0 0 0 0 0 0 0 0 0 0 0 0 0 0 11 11 11 
11 0 0 0 0 0 11 0 0 0 0 0 0 0 0 0 11 0 0 11 11 11 0 11 11 11 0 0 11 0 0 0 11 0 0 0 0 0 0 0 0 0 0 0 0 11 
11 0 0 0 0 0 0 0 0 0 0 0 0 0 0 0 0 0 0 11 0 11 0 0 0 0 0 0 0 0 0 0 0 0 0 0 15 0 11 11 0 0 0 0 0 11 
11 0 0 0 11 0 0 0 0 11 0 11 0 11 0 11 0 0 0 0 0 0 0 0 0 0 0 0 0 0 0 0 0 0 0 15 0 0 0 0 0 0 0 0 0 11 
11 0 11 0 0 0 0 0 0 0 0 0 0 0 0 0 0 11 11 0 0 0 0 0 0 0 0 0 0 0 0 0 0 0 11 0 11 15 11 0 0 11 0 0 11 11 
11 0 0 11 0 11 0 0 0 0 0 0 0 0 11 0 11 0 0 0 0 0 0 0 0 11 0 0 11 0 0 11 0 0 0 0 0 11 11 11 0 0 0 0 0 11 
11 11 0 0 0 0 11 0 0 0 0 0 0 0 11 0 11 11 0 0 0 0 11 11 0 0 0 11 11 0 0 0 0 0 0 0 0 0 0 0 0 0 11 0 0 11 
11 0 0 0 0 0 0 0 0 11 0 0 0 0 0 0 0 0 0 11 0 0 0 0 11 0 0 0 11 0 0 0 11 0 11 11 0 0 0 11 0 11 0 11 11 11 
11 0 11 0 0 11 0 11 0 0 0 0 11 0 0 11 0 0 0 0 0 0 0 0 0 0 0 0 11 0 11 11 0 0 0 0 0 11 0 0 0 0 0 0 0 11 
11 0 0 0 0 0 0 0 11 0 0 0 0 0 0 11 0 0 0 0 0 0 0 0 11 0 0 0 0 0 0 0 0 0 0 0 0 0 0 0 0 0 0 11 0 11 
11 11 11 11 11 11 11 11 11 11 11 11 11 11 11 11 11 11 11 11 11 11 11 11 11 11 11 11 11 11 11 11 11 11 11 11 11 11 11 11 11 11 11 11 11 11 

17343
11 11 11 11 11 11 11 11 11 11 11 11 11 11 11 11 11 11 11 11 11 11 11 11 11 11 11 11 11 11 11 11 11 11 11 11 11 11 11 11 11 11 11 11 11 11 
11 0 0 0 11 0 0 0 0 0 11 0 0 11 0 11 0 0 0 0 11 0 0 0 0 0 0 0 0 0 0 0 0 11 0 11 0 0 0 0 0 0 0 0 11 11 
11 0 0 0 11 0 0 11 0 0 0 11 0 11 0 0 0 0 0 0 11 0 0 0 0 0 0 0 0 11 0 11 0 0 0 0 11 0 0 0 11 11 0 0 11 11 
11 11 0 0 0 0 0 11 0 0 11 0 0 0 11 0 11 0 0 0 0 11 0 0 0 0 0 0 0 0 0 0 0 0 11 0 0 0 0 0 0 11 0 11 0 11 
11 11 0 0 11 11 0 0 0 11 0 0 0 11 0 0 0 0 0 11 0 0 11 0 0 11 0 11 11 0 0 0 0 0 0 0 0 0 0 0 0 0 0 0 11 11 
11 0 0 11 0 11 0 0 0 0 0 0 0 0 11 0 0 0 0 0 0 0 0 0 0 11 0 0 0 0 0 0 11 0 0 0 0 0 0 0 11 0 0 0 0 11 
11 0 0 0 11 0 0 0 0 0 0 11 0 0 15 0 0 0 0 0 0 0 0 0 11 0 0 0 0 0 0 0 11 0 11 0 0 0 0 0 11 0 0 11 0 11 
11 0 0 11 0 0 0 0 0 0 0 0 11 0 0 0 0 0 11 0 0 0 0 0 0 0 0 0 0 0 0 0 0 0 0 0 0 0 11 0 0 0 0 0 11 11 
11 0 0 0 0 0 0 11 11 0 0 0 0 0 0 0 0 0 0 11 0 0 0 0 0 0 0 0 0 11 0 0 0 0 11 11 0 0 0 0 0 0 0 0 0 11 
11 0 0 11 0 0 0 0 0 0 0 0 0 0 0 0 0 0 0 0 0 0 0 0 0 0 11 0 11 0 0 0 0 0 0 0 0 0 0 0 11 0 11 0 11 11 
11 11 0 0 0 0 0 0 0 0 0 11 0 0 0 0 0 11 0 0 0 11 0 0 0 0 0 0 11 0 11 0 0 0 11 0 0 0 0 0 0 0 0 0 0 11 
11 0 0 0 0 0 0 0 0 0 11 11 0 0 0 0 11 0 0 0 0 0 0 15 11 11 11 0 0 0 11 0 11 0 0 0 15 11 11 0 0 0 0 0 0 11 
11 0 0 11 0 0 11 11 0 0 0 0 0 0 0 0 11 0 11 0 0 11 0 0 0 0 0 0 0 0 12 0 11 11 0 0 0 0 0 0 0 0 0 0 0 11 
11 0 0 11 0 0 0 0 11 0 11 0 0 11 0 0 0 0 0 0 0 0 0 11 11 0 0 0 0 11 11 0 11 0 0 11 0 0 0 0 0 0 11 0 0 11 
11 0 0 0 0 0 0 0 15 0 11 0 11 0 0 0 0 11 0 0 0 0 11 11 0 0 11 0 0 0 0 11 0 0 0 0 11 11 0 0 0 11 0 0 0 11 
11 11 0 0 0 0 0 11 0 0 0 11 0 11 0 0 0 0 0 0 0 11 0 11 0 0 0 0 0 0 0 0 0 11 11 0 0 14 0 11 0 0 11 0 11 11 
11 0 0 0 0 0 0 0 0 11 11 0 0 11 0 0 0 0 0 11 0 0 11 0 11 0 0 0 0 0 0 0 11 0 0 0 0 11 11 0 0 0 0 11 0 11 
11 11 0 0 0 11 0 0 0 0 0 0 0 0 11 0 0 0 0 11 0 0 11 0 0 0 11 11 0 0 11 11 11 0 0 0 11 0 0 0 11 11 0 0 0 11 
11 0 11 0 0 0 0 11 0 0 11 0 11 11 0 0 0 0 0 0 0 11 0 0 0 0 0 11 11 0 0 0 0 0 0 0 0 11 0 11 0 0 0 0 0 11 
11 0 0 0 11 0 0 11 0 11 0 0 0 0 0 0 0 11 11 0 0 0 0 0 0 0 0 0 0 11 0 0 0 0 0 0 11 0 0 0 0 0 0 11 0 11 
11 0 11 11 0 11 0 11 11 11 0 0 11 0 0 0 0 0 0 0 0 11 0 11 0 0 0 0 0 11 0 0 0 11 0 0 0 0 0 0 0 0 0 0 0 11 
11 11 11 0 0 11 0 0 0 0 0 0 11 0 0 0 11 11 0 0 0 0 11 0 0 0 11 0 0 0 0 0 0 0 0 0 0 0 11 0 0 0 0 0 0 11 
11 0 0 0 15 0 0 0 0 0 0 0 0 0 0 0 0 0 0 0 0 11 0 11 0 11 0 0 0 0 0 0 0 0 0 0 0 0 0 0 0 0 0 11 11 11 
11 0 0 0 11 11 0 0 0 0 0 11 0 0 0 11 0 0 11 0 0 0 0 0 0 0 0 0 0 0 11 0 0 0 0 0 0 0 0 0 11 0 0 11 0 11 
11 11 0 0 0 0 15 0 0 0 0 0 0 11 11 0 0 11 0 0 0 0 0 0 0 0 0 0 0 0 0 0 0 0 0 0 0 0 11 0 0 0 0 0 0 11 
11 0 11 0 0 11 0 0 0 0 0 0 0 0 11 11 0 0 0 0 0 0 0 0 11 11 0 0 0 0 0 0 0 0 0 0 0 0 0 0 0 0 0 0 11 11 
11 0 0 0 0 0 0 0 0 0 0 0 0 11 0 11 0 0 11 0 0 0 11 0 0 0 0 0 0 0 0 0 0 0 0 0 0 0 0 0 0 0 0 11 11 11 
11 0 0 0 0 0 11 0 0 0 0 0 0 0 0 0 11 0 0 11 11 11 0 11 11 11 0 0 11 0 0 0 11 0 0 0 0 0 0 0 0 0 0 0 0 11 
11 0 0 0 0 0 0 0 0 0 0 0 0 0 0 0 0 0 0 11 0 11 0 0 0 0 0 0 0 0 0 0 0 0 0 0 15 0 11 11 0 0 0 0 0 11 
11 0 0 0 11 0 0 0 0 11 0 11 0 11 0 11 0 0 0 0 0 0 0 0 0 0 0 0 0 0 0 0 0 0 0 15 0 0 0 0 0 0 0 0 0 11 
11 0 11 0 0 0 0 0 0 0 0 0 0 0 0 0 0 11 11 0 0 0 0 0 0 0 0 0 0 0 0 0 0 0 11 0 11 15 11 0 0 11 0 0 11 11 
11 0 0 11 0 11 0 0 0 0 0 0 0 0 11 0 11 0 0 0 0 0 0 0 0 11 0 0 11 0 0 11 0 0 0 0 0 11 11 11 0 0 0 0 0 11 
11 11 0 0 0 0 11 0 0 0 0 0 0 0 11 0 11 11 0 0 0 0 11 11 0 0 0 11 11 0 0 0 0 0 0 0 0 0 0 0 0 0 11 0 0 11 
11 0 0 0 0 0 0 0 0 11 0 0 0 0 0 0 0 0 0 11 0 0 0 0 11 0 0 0 11 0 0 0 11 0 11 11 0 0 0 11 0 11 0 11 11 11 
11 0 11 0 0 11 0 11 0 0 0 0 11 0 0 11 0 0 0 0 0 0 0 0 0 0 0 0 11 0 11 11 0 0 0 0 0 11 0 0 0 0 0 0 0 11 
11 0 0 0 0 0 0 0 11 0 0 0 0 0 0 11 0 0 0 0 0 0 0 0 11 0 0 0 0 0 0 0 0 0 0 0 0 0 0 0 0 0 0 11 0 11 
11 11 11 11 11 11 11 11 11 11 11 11 11 11 11 11 11 11 11 11 11 11 11 11 11 11 11 11 11 11 11 11 11 11 11 11 11 11 11 11 11 11 11 11 11 11 

17343
11 11 11 11 11 11 11 11 11 11 11 11 11 11 11 11 11 11 11 11 11 11 11 11 11 11 11 11 11 11 11 11 11 11 11 11 11 11 11 11 11 11 11 11 11 11 
11 0 0 0 11 0 0 0 0 0 11 0 0 11 0 11 0 0 0 0 11 0 0 0 0 0 0 0 0 0 0 0 0 11 0 11 0 0 0 0 0 0 0 0 11 11 
11 0 0 0 11 0 0 11 0 0 0 11 0 11 0 0 0 0 0 0 11 0 0 0 0 0 0 0 0 11 0 11 0 0 0 0 11 0 0 0 11 11 0 0 11 11 
11 11 0 0 0 0 0 11 0 0 11 0 0 0 11 0 11 0 0 0 0 11 0 0 0 0 0 0 0 0 0 0 0 0 11 0 0 0 0 0 0 11 0 11 0 11 
11 11 0 0 11 11 0 0 0 11 0 0 0 11 0 0 0 0 0 11 0 0 11 0 0 11 0 11 11 0 0 0 0 0 0 0 0 0 0 0 0 0 0 0 11 11 
11 0 0 11 0 11 0 0 0 0 0 0 0 0 11 0 0 0 0 0 0 0 0 0 0 11 0 0 0 0 0 0 11 0 0 0 0 0 0 0 11 0 0 0 0 11 
11 0 0 0 11 0 0 0 0 0 0 11 0 0 15 0 0 0 0 0 0 0 0 0 11 0 0 0 0 0 0 0 11 0 11 0 0 0 0 0 11 0 0 11 0 11 
11 0 0 11 0 0 0 0 0 0 0 0 11 0 0 0 0 0 11 0 0 0 0 0 0 0 0 0 0 0 0 0 0 0 0 0 0 0 11 0 0 0 0 0 11 11 
11 0 0 0 0 0 0 11 11 0 0 0 0 0 0 0 0 0 0 11 0 0 0 0 0 0 0 0 0 11 0 0 0 0 11 11 0 0 0 0 0 0 0 0 0 11 
11 0 0 11 0 0 0 0 0 0 0 0 0 0 0 0 0 0 0 0 0 0 0 0 0 0 11 0 11 0 0 0 0 0 0 0 0 0 0 0 11 0 11 0 11 11 
11 11 0 0 0 0 0 0 0 0 0 11 0 0 0 0 0 11 0 0 0 11 0 0 0 0 0 0 11 0 11 0 0 0 11 0 0 0 0 0 0 0 0 0 0 11 
11 0 0 0 0 0 0 0 0 0 11 11 0 0 0 0 11 0 0 0 0 0 0 15 11 11 11 0 0 0 11 0 11 0 0 0 15 11 11 0 0 0 0 0 0 11 
11 0 0 11 0 0 11 11 0 0 0 0 0 0 0 0 11 0 11 0 0 11 0 0 0 0 0 0 0 0 12 0 11 11 0 0 0 0 0 0 0 0 0 0 0 11 
11 0 0 11 0 0 0 0 11 0 11 0 0 11 0 0 0 0 0 0 0 0 0 11 11 0 0 0 0 11 11 0 11 0 0 11 0 0 0 0 0 0 11 0 0 11 
11 0 0 0 0 0 0 0 15 0 11 0 11 0 0 0 0 11 0 0 0 0 11 11 0 0 11 0 0 0 0 11 0 0 0 0 11 11 0 0 0 11 0 0 0 11 
11 11 0 0 0 0 0 11 0 0 0 11 0 11 0 0 0 0 0 0 0 11 0 11 0 0 0 0 0 0 0 0 0 11 11 0 0 14 0 11 0 0 11 0 11 11 
11 0 0 0 0 0 0 0 0 11 11 0 0 11 0 0 0 0 0 11 0 0 11 0 11 0 0 0 0 0 0 0 11 0 0 0 0 11 11 0 0 0 0 11 0 11 
11 11 0 0 0 11 0 0 0 0 0 0 0 0 11 0 0 0 0 11 0 0 11 0 0 0 11 11 0 0 11 11 11 0 0 0 11 0 0 0 11 11 0 0 0 11 
11 0 11 0 0 0 0 11 0 0 11 0 11 11 0 0 0 0 0 0 0 11 0 0 0 0 0 11 11 0 0 0 0 0 0 0 0 11 0 11 0 0 0 0 0 11 
11 0 0 0 11 0 0 11 0 11 0 0 0 0 0 0 0 11 11 0 0 0 0 0 0 0 0 0 0 11 0 0 0 0 0 0 11 0 0 0 0 0 0 11 0 11 
11 0 11 11 0 11 0 11 11 11 0 0 11 0 0 0 0 0 0 0 0 11 0 11 0 0 0 0 0 11 0 0 0 11 0 0 0 0 0 0 0 0 0 0 0 11 
11 11 11 0 0 11 0 0 0 0 0 0 11 0 0 0 11 11 0 0 0 0 11 0 0 0 11 0 0 0 0 0 0 0 0 0 0 0 11 0 0 0 0 0 0 11 
11 0 0 0 15 0 0 0 0 0 0 0 0 0 0 0 0 0 0 0 0 11 0 11 0 11 0 0 0 0 0 0 0 0 0 0 0 0 0 0 0 0 0 11 11 11 
11 0 0 0 11 11 0 0 0 0 0 11 0 0 0 11 0 0 11 0 0 0 0 0 0 0 0 0 0 0 11 0 0 0 0 0 0 0 0 0 11 0 0 11 0 11 
11 11 0 0 0 0 15 0 0 0 0 0 0 11 11 0 0 11 0 0 0 0 0 0 0 0 0 0 0 0 0 0 0 0 0 0 0 0 11 0 0 0 0 0 0 11 
11 0 11 0 0 11 0 0 0 0 0 0 0 0 11 11 0 0 0 0 0 0 0 0 11 11 0 0 0 0 0 0 0 0 0 0 0 0 0 0 0 0 0 0 11 11 
11 0 0 0 0 0 0 0 0 0 0 0 0 11 0 11 0 0 11 0 0 0 11 0 0 0 0 0 0 0 0 0 0 0 0 0 0 0 0 0 0 0 0 11 11 11 
11 0 0 0 0 0 11 0 0 0 0 0 0 0 0 0 11 0 0 11 11 11 0 11 11 11 0 0 11 0 0 0 11 0 0 0 0 0 0 0 0 0 0 0 0 11 
11 0 0 0 0 0 0 0 0 0 0 0 0 0 0 0 0 0 0 11 0 11 0 0 0 0 0 0 0 0 0 0 0 0 0 0 15 0 11 11 0 0 0 0 0 11 
11 0 0 0 11 0 0 0 0 11 0 11 0 11 0 11 0 0 0 0 0 0 0 0 0 0 0 0 0 0 0 0 0 0 0 15 0 0 0 0 0 0 0 0 0 11 
11 0 11 0 0 0 0 0 0 0 0 0 0 0 0 0 0 11 11 0 0 0 0 0 0 0 0 0 0 0 0 0 0 0 11 0 11 15 11 0 0 11 0 0 11 11 
11 0 0 11 0 11 0 0 0 0 0 0 0 0 11 0 11 0 0 0 0 0 0 0 0 11 0 0 11 0 0 11 0 0 0 0 0 11 11 11 0 0 0 0 0 11 
11 11 0 0 0 0 11 0 0 0 0 0 0 0 11 0 11 11 0 0 0 0 11 11 0 0 0 11 11 0 0 0 0 0 0 0 0 0 0 0 0 0 11 0 0 11 
11 0 0 0 0 0 0 0 0 11 0 0 0 0 0 0 0 0 0 11 0 0 0 0 11 0 0 0 11 0 0 0 11 0 11 11 0 0 0 11 0 11 0 11 11 11 
11 0 11 0 0 11 0 11 0 0 0 0 11 0 0 11 0 0 0 0 0 0 0 0 0 0 0 0 11 0 11 11 0 0 0 0 0 11 0 0 0 0 0 0 0 11 
11 0 0 0 0 0 0 0 11 0 0 0 0 0 0 11 0 0 0 0 0 0 0 0 11 0 0 0 0 0 0 0 0 0 0 0 0 0 0 0 0 0 0 11 0 11 
11 11 11 11 11 11 11 11 11 11 11 11 11 11 11 11 11 11 11 11 11 11 11 11 11 11 11 11 11 11 11 11 11 11 11 11 11 11 11 11 11 11 11 11 11 11 

17317
11 11 11 11 11 11 11 11 11 11 11 11 11 11 11 11 11 11 11 11 11 11 11 11 11 11 11 11 11 11 11 11 11 11 11 11 11 11 11 11 11 11 11 11 11 11 
11 0 0 0 11 0 0 0 0 0 11 0 0 11 0 11 0 0 0 0 11 0 0 0 0 0 0 0 0 0 0 0 0 11 0 11 0 0 0 0 0 0 0 0 11 11 
11 0 0 0 11 0 0 11 0 0 0 11 0 11 0 0 0 0 0 0 11 0 0 0 0 0 0 0 0 11 0 11 0 0 0 0 11 0 0 0 11 11 0 0 11 11 
11 11 0 0 0 0 0 11 0 0 11 0 0 0 11 0 11 0 0 0 0 11 0 0 0 0 0 0 0 0 0 0 0 0 11 0 0 0 0 0 0 11 0 11 0 11 
11 11 0 0 11 11 0 0 0 11 0 0 0 11 0 0 0 0 0 11 0 0 11 0 0 11 0 11 11 0 0 0 0 0 0 0 0 0 0 0 0 0 0 0 11 11 
11 0 0 11 0 11 0 0 0 0 0 0 15 0 11 0 0 0 0 0 0 0 0 0 0 11 0 0 0 0 0 0 11 0 0 0 0 0 0 0 11 0 0 0 0 11 
11 0 0 0 11 0 0 0 0 0 0 11 0 0 0 0 0 0 0 0 0 0 0 0 11 0 0 0 0 0 0 0 11 0 11 0 0 0 0 0 11 0 0 11 0 11 
11 0 0 11 0 0 0 0 0 0 0 0 11 0 0 0 0 0 11 0 0 0 0 0 0 0 0 0 0 0 0 0 0 0 0 0 0 0 11 0 0 0 0 0 11 11 
11 0 0 0 0 0 0 11 11 0 0 0 0 0 0 0 0 0 0 11 0 0 0 0 0 0 0 0 0 11 0 0 0 0 11 11 0 0 0 0 0 0 0 0 0 11 
11 0 0 11 0 0 0 0 0 0 0 0 0 0 0 0 0 0 0 0 0 0 0 0 0 0 11 0 11 0 0 0 0 0 0 0 0 0 0 0 11 0 11 0 11 11 
11 11 0 0 0 0 0 0 0 0 0 11 0 0 0 0 0 11 0 0 0 11 0 0 0 0 0 0 11 0 11 0 0 0 11 0 0 0 0 0 0 0 0 0 0 11 
11 0 0 0 0 0 0 0 0 0 11 11 0 0 0 0 11 0 0 0 0 0 0 0 11 11 11 12 0 0 11 0 11 0 0 0 0 11 11 0 0 0 0 0 0 11 
11 0 0 11 0 0 11 11 0 0 0 0 0 0 0 0 11 0 11 0 0 11 0 0 0 0 0 0 14 0 0 0 11 11 0 0 15 0 0 0 0 0 0 0 0 11 
11 0 0 11 0 0 0 0 11 0 11 0 0 11 0 0 0 0 0 0 0 0 0 11 11 0 0 0 0 11 11 0 11 0 0 11 0 0 0 0 0 0 11 0 0 11 
11 0 0 0 0 15 0 0 0 0 11 0 11 0 0 0 0 11 0 0 0 0 11 11 0 0 11 0 0 0 0 11 0 0 0 0 11 11 0 0 0 11 0 0 0 11 
11 11 0 0 0 0 0 11 0 0 0 11 0 11 0 0 0 0 0 0 0 11 0 11 0 0 0 0 0 0 0 0 0 11 11 0 0 0 0 11 0 0 11 0 11 11 
11 0 0 0 0 0 0 0 0 11 11 0 0 11 0 0 0 0 0 11 0 0 11 0 11 0 0 0 0 0 0 0 11 0 0 0 0 11 11 0 0 0 0 11 0 11 
11 11 0 0 0 11 0 0 0 0 0 0 0 0 11 0 0 0 0 11 0 0 11 0 0 0 11 11 0 0 11 11 11 0 0 0 11 0 0 0 11 11 0 0 0 11 
11 0 11 0 0 0 0 11 0 0 11 0 11 11 0 0 0 0 0 0 0 11 0 0 0 0 0 11 11 0 0 0 0 0 0 0 0 11 0 11 0 0 0 0 0 11 
11 0 0 0 11 0 0 11 0 11 0 0 0 0 0 0 0 11 11 0 0 0 0 0 0 0 0 0 0 11 0 0 0 0 0 0 11 0 0 15 0 0 0 11 0 11 
11 0 11 11 0 11 0 11 11 11 0 0 11 0 0 0 0 0 0 0 0 11 0 11 0 0 0 0 0 11 0 0 15 11 0 0 0 0 0 0 0 0 0 0 0 11 
11 11 11 0 0 11 0 0 0 0 0 0 11 0 0 0 11 11 0 0 0 0 11 0 0 0 11 0 0 0 0 0 0 0 0 0 0 0 11 0 0 0 0 0 0 11 
11 0 0 0 0 0 0 0 0 0 0 0 0 0 0 0 0 0 0 0 0 11 0 11 0 11 0 0 0 0 0 0 0 0 0 0 0 0 0 0 0 0 0 11 11 11 
11 0 0 0 11 11 0 15 0 0 0 11 0 0 0 11 0 0 11 0 0 0 0 0 0 0 0 0 0 0 11 0 0 0 0 0 0 0 0 0 11 0 0 11 0 11 
11 11 0 0 0 0 0 0 15 0 0 0 0 11 11 0 0 11 0 0 0 0 0 0 0 0 0 0 0 0 0 0 0 0 0 0 0 0 11 0 0 0 0 0 0 11 
11 0 11 0 0 11 0 0 0 0 0 0 0 0 11 11 0 0 0 0 0 0 0 0 11 11 0 0 0 0 0 0 0 0 0 0 0 0 0 0 0 0 0 0 11 11 
11 0 0 0 0 0 0 0 0 0 0 0 0 11 0 11 0 0 11 0 0 0 11 0 0 0 0 0 0 0 0 0 0 0 0 0 0 0 0 0 0 0 0 11 11 11 
11 0 0 0 0 0 11 0 0 0 0 0 0 0 0 0 11 0 0 11 11 11 0 11 11 11 0 0 11 0 0 0 11 0 0 0 0 0 0 0 0 0 0 0 0 11 
11 0 0 0 0 0 0 0 0 0 0 0 0 0 0 0 0 0 0 11 0 11 0 0 0 0 0 0 0 0 0 0 0 0 0 0 0 0 11 11 0 0 0 0 0 11 
11 0 0 0 11 0 0 0 0 11 0 11 0 11 0 11 0 0 0 0 0 0 0 0 0 0 0 0 0 0 0 0 0 0 0 0 0 0 0 0 0 0 0 0 0 11 
11 0 0 0 0 0 0 0 0 0 0 0 0 0 0 0 0 11 11 0 0 0 0 0 0 0 0 0 0 0 0 0 0 0 11 0 11 15 11 0 0 11 0 0 11 11 
11 0 0 11 0 11 0 0 0 0 0 0 0 0 11 0 11 0 0 0 0 0 0 0 0 11 0 0 11 0 0 11 0 0 0 0 0 11 11 11 0 0 0 0 0 11 
11 11 0 0 0 0 11 0 0 0 0 0 0 0 11 0 11 11 0 0 0 0 11 11 0 0 0 11 11 0 0 0 0 0 0 0 0 0 0 0 0 0 11 0 0 11 
11 0 0 0 0 0 0 0 0 11 0 0 0 0 0 0 0 0 0 11 0 0 0 0 11 0 0 0 11 0 0 0 11 0 11 11 0 0 15 11 0 11 0 11 11 11 
11 0 11 0 0 11 0 11 0 0 0 0 11 0 0 11 0 0 0 0 0 0 0 0 0 0 0 0 11 0 11 11 0 0 0 0 0 11 0 0 0 0 0 0 0 11 
11 0 0 0 0 0 0 0 11 0 0 0 0 0 0 11 0 0 0 0 0 0 0 0 11 0 0 0 0 0 0 0 0 0 0 0 0 0 0 0 0 0 0 11 0 11 
11 11 11 11 11 11 11 11 11 11 11 11 11 11 11 11 11 11 11 11 11 11 11 11 11 11 11 11 11 11 11 11 11 11 11 11 11 11 11 11 11 11 11 11 11 11 

17365
11 11 11 11 11 11 11 11 11 11 11 11 11 11 11 11 11 11 11 11 11 11 11 11 11 11 11 11 11 11 11 11 11 11 11 11 11 11 11 11 11 11 11 11 11 11 
11 0 0 0 11 0 0 0 0 0 11 0 0 11 0 11 0 0 0 0 11 0 0 0 0 0 0 0 0 0 0 0 0 11 0 11 0 0 0 0 0 0 0 0 11 11 
11 0 0 0 11 0 0 11 0 0 0 11 0 11 0 0 0 0 0 0 11 0 0 0 0 0 0 0 0 11 0 11 0 0 0 0 11 0 0 0 11 11 0 0 11 11 
11 11 0 0 0 0 0 11 0 0 11 0 0 0 11 0 11 0 0 0 0 11 0 0 0 0 0 0 0 0 0 0 0 0 11 0 0 0 0 0 0 11 0 11 0 11 
11 11 0 0 11 11 0 0 0 0 0 0 0 0 0 0 0 0 0 11 0 0 11 0 0 11 0 11 11 0 0 0 0 0 0 0 0 0 0 0 0 0 0 0 11 11 
11 0 0 0 0 11 0 0 0 0 0 0 0 0 11 0 0 0 0 0 0 0 0 0 0 11 0 0 0 0 0 0 11 0 0 0 0 0 0 0 11 0 0 0 0 11 
11 0 0 0 11 0 0 0 0 0 0 11 0 0 0 0 0 0 0 0 0 0 0 0 11 0 0 0 0 0 0 0 11 0 0 0 0 0 0 0 11 0 0 11 0 11 
11 0 0 11 0 0 0 0 0 0 0 0 11 0 0 0 0 0 11 0 0 0 0 0 0 0 0 0 0 0 0 0 0 0 0 0 0 0 11 0 0 0 0 0 11 11 
11 0 0 0 0 0 0 11 11 0 0 0 0 0 0 0 0 15 0 11 0 0 0 0 0 0 0 0 0 11 0 0 0 0 11 11 0 0 0 0 0 0 0 0 0 11 
11 0 0 11 0 0 0 0 0 0 0 0 0 0 0 0 0 0 0 0 0 0 0 15 0 0 11 0 11 0 0 0 0 0 0 0 0 0 0 0 11 0 11 0 11 11 
11 11 0 0 0 0 0 0 0 0 0 11 0 0 0 0 0 11 0 0 0 11 0 0 0 0 0 12 11 0 11 0 0 0 11 0 0 0 0 0 0 0 0 0 0 11 
11 0 0 0 0 0 0 0 0 0 11 0 0 0 0 0 11 0 0 0 0 0 0 0 11 11 11 11 0 0 11 0 11 0 0 0 0 11 11 0 0 0 0 11 0 11 
11 0 0 11 0 0 11 11 0 0 11 0 0 0 0 0 11 11 11 0 0 11 0 0 0 0 0 0 0 0 0 0 11 11 0 0 15 0 0 0 0 11 0 0 0 11 
11 0 0 11 0 0 0 0 11 0 11 0 0 11 0 0 0 0 0 0 0 0 0 11 11 0 0 0 0 11 11 0 11 0 0 11 0 0 13 0 0 0 11 0 0 11 
11 0 0 0 0 0 0 0 0 0 11 0 11 0 0 0 0 11 0 0 0 0 11 11 0 0 11 0 0 0 0 11 0 0 0 0 11 11 0 0 11 0 0 0 11 11 
11 11 0 0 0 0 0 11 0 0 0 11 0 11 0 0 0 0 0 0 0 11 0 11 0 0 0 0 0 0 0 0 0 11 11 0 0 0 0 11 0 0 11 0 11 11 
11 0 0 0 15 0 0 0 0 11 11 0 0 11 0 0 0 0 0 11 0 0 11 11 11 0 0 0 0 0 0 0 11 0 0 0 0 11 11 0 0 0 0 11 0 11 
11 11 0 0 0 11 0 0 0 0 0 0 0 0 11 0 0 0 0 11 0 0 11 0 0 0 11 11 0 0 11 11 11 0 0 0 11 0 0 0 11 11 0 0 0 11 
11 0 11 0 0 0 0 11 0 0 11 0 11 11 0 0 0 0 0 0 0 11 0 0 0 0 0 11 11 0 0 0 0 0 0 0 0 11 0 11 0 0 0 0 0 11 
11 0 0 0 11 0 0 11 0 11 0 0 0 0 0 0 0 11 11 0 0 0 0 0 0 0 0 0 0 11 0 0 0 0 0 0 11 0 0 11 0 0 0 11 0 11 
11 0 11 11 0 11 0 11 11 11 0 0 0 0 0 0 0 0 0 0 0 11 0 11 0 0 0 0 0 11 0 0 0 11 0 0 0 0 0 0 0 0 0 0 0 11 
11 11 0 0 0 11 0 0 0 0 0 0 11 0 0 0 0 11 0 0 0 0 11 0 0 0 11 0 0 0 0 0 0 0 0 0 0 0 11 0 0 0 0 0 0 11 
11 0 0 0 0 0 15 0 0 0 0 0 0 0 0 0 0 0 0 0 0 11 0 11 0 11 0 0 0 0 0 0 0 0 0 0 0 0 0 0 0 0 0 11 11 11 
11 0 0 0 11 11 0 0 0 0 0 11 0 0 0 11 0 0 11 0 0 0 0 0 0 0 0 0 0 0 11 0 0 0 0 0 0 0 0 0 11 0 0 11 0 11 
11 11 0 0 0 0 0 0 0 0 0 0 0 11 11 0 0 11 0 0 0 0 0 0 0 0 0 0 0 0 0 0 0 0 0 0 0 0 11 0 0 0 0 0 0 11 
11 0 11 0 0 11 0 0 0 0 0 0 0 0 11 11 0 0 0 0 0 0 0 0 11 11 0 0 0 0 0 0 0 0 0 0 0 0 0 0 0 0 0 0 11 11 
11 0 0 0 0 0 0 0 0 0 0 0 0 0 0 11 0 0 11 0 11 0 11 0 0 0 0 0 0 0 0 0 0 0 0 0 0 0 0 0 0 0 0 11 11 11 
11 0 0 0 0 0 11 0 0 0 0 0 0 0 0 0 11 0 0 11 0 11 0 11 11 11 0 0 11 0 0 0 11 0 0 0 0 0 0 0 0 0 0 0 0 11 
11 0 0 0 0 0 0 0 0 0 0 0 0 0 0 0 0 0 0 11 0 11 0 0 0 0 0 0 0 0 0 0 0 0 0 15 15 0 11 11 0 0 0 0 0 11 
11 0 0 0 11 0 0 0 0 11 0 11 0 11 0 11 0 0 0 0 0 0 0 0 0 0 0 0 0 0 0 0 0 0 11 15 0 0 0 0 0 0 0 0 0 11 
11 0 0 0 0 0 0 11 0 0 0 0 0 0 0 0 0 0 11 0 0 0 0 0 0 0 0 0 0 0 0 0 0 0 11 0 11 0 11 0 0 11 0 0 11 11 
11 0 0 11 0 11 13 0 0 0 0 0 0 0 11 0 11 0 0 0 0 0 0 0 0 11 11 0 11 0 0 0 0 0 0 0 0 11 11 0 11 0 0 0 0 11 
11 11 0 0 0 0 0 0 0 0 0 0 0 0 11 0 11 11 0 0 0 0 11 11 0 0 0 11 11 0 0 11 11 0 0 0 0 0 11 0 0 0 11 0 0 11 
11 0 0 0 0 0 0 0 0 11 0 0 0 0 0 0 0 0 0 11 0 0 0 0 11 0 0 0 11 0 0 0 11 0 11 11 0 0 0 11 0 11 11 11 11 11 
11 0 11 0 0 11 0 11 0 0 0 0 11 0 0 0 0 11 0 0 0 0 0 0 0 0 0 0 0 0 11 11 0 0 0 0 0 11 0 0 0 0 0 0 0 11 
11 0 0 0 0 0 0 0 11 0 0 0 0 0 0 11 0 0 0 0 0 0 0 0 11 0 0 0 0 0 0 0 0 0 0 0 0 0 0 0 0 0 0 11 0 11 
11 11 11 11 11 11 11 11 11 11 11 11 11 11 11 11 11 11 11 11 11 11 11 11 11 11 11 11 11 11 11 11 11 11 11 11 11 11 11 11 11 11 11 11 11 11 

17261
11 11 11 11 11 11 11 11 11 11 11 11 11 11 11 11 11 11 11 11 11 11 11 11 11 11 11 11 11 11 11 11 11 11 11 11 11 11 11 11 11 11 11 11 11 11 
11 0 0 0 11 0 0 0 0 0 11 0 0 11 0 11 0 0 0 0 11 0 0 0 0 0 0 0 0 0 0 0 0 11 0 11 0 0 0 0 0 0 0 0 11 11 
11 0 0 0 11 0 0 11 0 0 0 11 0 11 0 0 0 0 0 0 11 0 0 0 0 0 0 0 0 11 0 11 0 0 0 0 11 0 0 0 11 11 0 0 11 11 
11 11 0 0 0 0 0 11 0 0 11 0 0 0 11 0 11 0 0 0 0 11 0 0 0 0 0 0 0 0 0 0 0 0 11 0 0 0 0 0 0 11 0 11 0 11 
11 11 0 0 11 11 0 0 0 0 0 0 0 0 0 0 0 0 0 11 0 0 11 0 0 11 0 11 11 0 0 0 0 0 0 0 0 0 0 0 0 0 0 0 11 11 
11 0 0 0 0 11 0 0 0 0 0 0 0 0 11 0 15 0 0 0 0 0 0 0 0 11 0 0 0 0 0 0 11 0 0 0 0 0 0 0 11 0 0 0 0 11 
11 0 0 0 11 0 0 0 0 0 0 11 0 0 0 0 0 0 0 0 0 0 0 0 11 0 0 0 0 0 0 0 11 0 0 0 14 0 0 0 11 0 0 11 0 11 
11 0 0 11 0 0 0 0 0 0 0 0 11 0 0 0 0 0 11 0 0 0 0 0 0 0 0 0 0 0 0 0 0 0 0 0 0 0 11 0 0 0 0 0 11 11 
11 0 0 0 0 0 0 11 11 0 0 0 0 0 0 0 0 0 0 11 0 0 0 0 0 0 0 0 0 11 0 0 0 0 11 11 0 0 0 0 0 0 0 0 0 11 
11 0 0 11 0 0 0 0 0 0 0 0 0 0 0 0 0 0 0 0 0 0 0 0 0 0 11 0 11 0 0 15 0 0 0 0 0 0 0 0 11 0 11 0 11 11 
11 11 0 0 0 0 0 0 0 0 0 11 0 0 0 0 0 11 0 0 0 11 0 0 0 0 0 0 11 0 11 0 0 0 11 0 0 0 0 0 0 0 0 0 0 11 
11 0 0 0 0 0 0 0 0 0 11 0 0 0 0 0 11 0 0 0 0 0 0 0 11 11 11 11 0 0 11 0 11 0 0 0 0 11 11 0 0 0 0 11 0 11 
11 0 0 11 0 0 11 11 0 0 11 0 0 0 0 0 11 11 11 0 0 11 0 0 0 0 0 0 0 0 0 0 11 11 0 0 0 0 0 0 0 0 0 0 0 11 
11 0 0 11 0 0 0 0 11 0 11 0 0 11 0 0 0 0 0 0 0 0 0 11 11 0 0 0 0 11 11 0 11 0 0 11 0 0 0 0 0 0 11 0 15 11 
11 0 0 0 0 0 0 0 0 0 11 0 11 0 0 0 0 11 0 0 0 0 11 11 0 0 11 0 0 0 0 11 0 0 0 0 11 11 0 11 0 0 0 0 11 11 
11 11 0 0 0 0 0 11 0 0 0 11 0 11 0 0 0 0 0 0 0 11 0 11 0 0 0 0 0 0 0 0 0 11 11 0 0 0 0 11 0 0 11 0 11 11 
11 0 0 0 0 0 0 0 0 11 11 0 0 11 0 0 0 0 0 11 0 0 11 11 11 0 0 0 0 0 0 0 11 0 0 0 0 11 11 0 0 0 0 11 0 11 
11 11 0 15 0 11 0 0 0 0 0 0 0 0 11 0 0 0 0 11 0 0 11 0 0 0 11 11 0 0 11 11 11 0 0 0 11 0 0 0 11 11 0 0 0 11 
11 0 11 0 0 0 0 11 0 0 11 0 11 11 0 0 0 0 0 0 0 11 0 0 0 0 0 11 11 0 0 0 0 0 0 0 0 11 0 11 0 0 0 0 0 11 
11 0 0 0 11 0 11 11 0 11 0 0 0 0 0 0 0 11 11 0 0 0 0 0 0 0 0 0 0 11 0 0 0 0 0 0 11 0 0 11 0 0 0 11 0 11 
11 0 11 11 0 11 0 11 11 11 0 0 0 0 0 0 0 0 0 0 0 11 0 11 0 0 0 0 0 11 15 0 0 11 0 0 0 0 0 0 0 0 0 0 0 11 
11 11 0 0 0 11 0 0 0 0 0 0 11 0 0 0 0 11 0 0 0 0 11 0 0 0 11 0 0 0 0 0 0 0 0 0 0 0 11 0 0 0 0 0 0 11 
11 0 0 0 0 0 0 0 0 0 0 0 0 0 0 0 0 0 0 0 0 11 0 11 0 11 0 0 0 0 0 0 0 0 0 0 0 0 0 0 0 0 0 11 11 11 
11 0 0 15 11 11 0 0 0 0 0 11 0 0 0 11 0 0 11 0 0 0 0 0 0 0 0 0 0 0 11 0 0 0 0 0 0 0 0 0 11 0 0 11 0 11 
11 11 0 0 0 0 0 0 0 0 0 0 0 11 11 0 0 11 0 0 0 0 0 0 0 0 0 0 0 0 0 0 0 0 0 0 0 0 11 0 0 0 0 0 0 11 
11 0 11 0 0 11 0 15 0 0 0 0 0 0 11 11 0 0 0 0 0 0 0 0 11 11 0 0 0 0 0 0 0 0 0 0 0 0 0 0 0 0 0 0 11 11 
11 0 0 0 0 0 0 0 0 0 0 0 0 0 0 11 0 0 11 0 11 0 11 0 0 0 0 0 0 0 0 0 0 0 0 0 0 13 0 0 0 0 0 11 11 11 
11 0 0 0 0 0 11 0 0 0 0 0 0 0 0 0 11 0 0 11 0 11 0 11 11 11 0 0 11 0 0 0 11 0 0 0 0 0 0 0 0 0 0 0 0 11 
11 0 0 0 0 0 0 0 0 0 0 0 0 0 0 0 0 0 0 11 0 11 0 0 0 0 0 0 0 0 0 0 0 0 0 0 0 15 11 11 0 0 0 0 0 11 
11 0 0 0 11 0 0 0 0 11 0 11 0 11 0 11 0 0 0 0 0 0 0 0 0 0 0 0 0 0 0 0 0 0 11 0 14 0 0 0 0 0 0 0 0 11 
11 0 0 0 0 0 0 11 0 0 0 0 0 0 0 0 0 0 11 0 0 0 0 0 0 0 0 0 0 0 0 0 0 0 11 0 11 0 11 0 0 11 0 0 11 11 
11 0 0 11 0 11 0 0 0 0 0 0 0 0 11 0 11 0 0 0 0 0 0 0 0 11 11 0 11 0 0 0 0 0 0 0 0 11 11 0 11 0 0 0 0 11 
11 11 0 0 0 0 0 0 0 0 0 0 0 0 11 0 11 11 0 0 0 0 11 11 0 0 0 11 11 0 0 11 11 0 0 0 0 0 11 0 13 0 11 0 0 11 
11 0 0 0 0 0 0 0 0 11 0 0 0 0 0 0 0 0 0 11 0 0 0 0 11 0 0 0 11 0 0 0 11 0 11 11 0 0 0 11 0 11 11 11 11 11 
11 0 11 0 0 11 0 11 0 0 0 0 11 0 0 0 0 11 0 0 0 0 0 0 0 0 0 0 0 0 11 11 0 0 0 0 0 11 0 0 0 0 0 0 0 11 
11 0 0 0 0 0 0 0 11 0 0 0 0 0 0 11 0 0 0 0 0 0 0 0 11 0 0 0 0 0 0 0 0 0 0 0 0 0 0 0 0 0 0 11 0 11 
11 11 11 11 11 11 11 11 11 11 11 11 11 11 11 11 11 11 11 11 11 11 11 11 11 11 11 11 11 11 11 11 11 11 11 11 11 11 11 11 11 11 11 11 11 11 

17260
11 11 11 11 11 11 11 11 11 11 11 11 11 11 11 11 11 11 11 11 11 11 11 11 11 11 11 11 11 11 11 11 11 11 11 11 11 11 11 11 11 11 11 11 11 11 
11 0 0 0 11 0 0 0 0 0 11 0 0 11 0 11 0 0 0 0 11 0 0 0 0 0 0 0 0 0 0 0 0 11 0 11 0 0 0 0 0 0 0 0 11 11 
11 0 0 0 11 0 0 11 0 0 0 11 0 11 0 0 0 0 11 0 11 0 0 0 0 0 0 0 0 11 0 11 0 0 0 0 11 0 0 0 11 11 0 0 11 11 
11 11 0 0 0 0 0 11 0 0 11 0 0 0 11 0 11 0 11 0 0 11 0 0 0 0 0 0 0 0 0 0 0 0 11 0 0 0 0 0 0 11 0 11 0 11 
11 11 0 0 11 11 0 0 0 0 0 0 0 0 0 0 0 0 0 11 0 0 11 0 0 11 0 11 11 0 0 0 0 0 0 0 0 0 0 0 0 0 0 0 11 11 
11 0 0 0 0 11 0 0 0 0 0 0 0 0 11 0 0 0 0 0 0 0 0 0 0 11 0 0 0 0 0 0 11 0 0 0 0 0 0 0 11 0 0 0 0 11 
11 0 0 0 11 0 0 0 0 0 0 11 0 0 0 0 0 0 0 0 0 0 0 0 11 0 0 0 0 0 0 0 11 0 0 0 0 0 0 0 11 0 0 11 0 11 
11 0 0 11 0 0 0 0 0 0 0 0 11 0 0 0 0 0 11 0 0 0 0 0 0 0 0 0 0 0 0 0 0 0 0 0 0 0 11 0 0 0 0 0 11 11 
11 0 0 0 0 0 0 11 11 0 0 0 0 0 0 0 0 0 0 11 0 0 0 0 0 0 0 0 0 11 0 0 0 0 11 11 0 0 0 0 0 0 0 0 0 11 
11 0 0 11 0 0 0 0 0 0 0 0 0 0 0 0 0 0 0 0 14 0 0 0 0 0 11 0 11 0 0 0 0 0 0 0 0 0 0 0 11 0 11 0 11 11 
11 11 0 0 0 0 0 0 0 0 0 11 0 0 0 0 0 11 0 0 0 11 0 0 0 0 0 0 11 0 11 0 0 0 11 0 0 15 0 0 0 0 0 0 0 11 
11 0 0 0 0 0 0 0 0 0 11 0 0 0 0 0 11 0 0 0 0 0 0 0 11 11 11 11 0 0 11 0 11 0 0 0 0 11 11 0 0 0 0 11 0 11 
11 0 0 11 0 0 11 11 0 0 11 0 0 0 0 0 11 11 11 0 0 11 0 0 0 0 0 0 0 0 14 0 11 11 0 0 0 0 0 0 0 0 0 0 0 11 
11 0 0 11 0 0 0 15 11 0 11 0 0 11 0 0 0 0 0 0 0 0 0 11 11 0 0 0 0 11 11 0 11 0 0 11 0 0 0 0 0 0 11 0 0 11 
11 0 0 0 0 0 0 0 0 0 11 0 11 0 0 0 0 11 0 0 0 0 11 11 0 0 11 0 0 0 0 11 0 0 0 0 11 11 0 0 0 0 0 0 11 11 
11 11 0 0 0 0 0 11 0 0 0 11 0 11 0 0 0 0 0 0 0 11 0 11 0 0 0 0 0 0 15 0 0 11 11 0 0 0 0 11 0 0 11 0 11 11 
11 0 0 0 0 0 0 0 0 11 11 0 0 11 0 0 0 0 0 11 0 0 11 11 11 0 0 0 0 0 0 0 11 0 0 0 0 11 11 0 0 0 0 11 0 11 
11 11 0 0 0 11 0 0 0 0 0 0 0 0 11 0 0 0 0 11 0 0 11 0 0 0 11 11 0 0 11 11 11 0 0 0 11 0 0 0 11 11 0 0 0 11 
11 0 11 0 0 0 0 11 0 0 11 0 11 11 0 0 0 0 0 0 0 11 0 0 0 0 0 11 11 0 0 0 0 0 0 0 0 11 0 11 0 0 0 0 0 11 
11 0 0 0 11 0 0 11 0 11 0 0 0 0 0 0 0 11 11 0 0 0 0 0 0 0 0 0 0 11 0 0 0 0 0 0 11 0 0 11 0 0 0 11 0 11 
11 0 11 11 0 11 0 11 11 11 0 0 0 0 0 0 0 0 0 0 0 11 0 11 0 0 0 0 0 11 0 0 0 11 0 0 0 0 0 0 0 0 0 0 0 11 
11 11 0 0 0 11 0 0 0 0 0 0 11 0 0 0 0 11 0 0 0 0 11 0 0 0 11 0 0 0 0 0 0 0 0 0 0 0 11 0 0 0 0 0 0 11 
11 0 0 0 0 0 0 0 0 0 0 0 0 0 0 0 0 0 0 0 0 11 0 11 0 11 0 0 0 0 0 0 0 0 0 0 0 0 0 0 0 0 0 11 11 11 
11 0 0 0 11 11 0 0 0 0 0 11 0 0 0 11 0 0 11 0 0 0 0 0 0 0 0 0 0 0 11 0 0 0 0 0 0 0 0 0 11 0 0 11 0 11 
11 11 0 15 0 0 0 0 15 0 0 0 0 11 11 0 0 11 0 0 0 0 0 0 0 0 0 0 0 0 0 0 0 0 0 0 0 0 11 0 0 0 0 0 0 11 
11 0 11 0 0 11 0 0 0 0 0 0 0 0 11 11 0 0 0 0 0 0 0 0 11 11 0 0 0 0 0 0 0 0 0 0 0 0 0 0 0 0 0 0 11 11 
11 0 0 0 0 0 0 0 0 0 0 0 0 0 0 11 0 0 11 0 11 0 11 0 0 0 0 0 0 0 0 0 0 0 0 0 0 0 0 0 0 0 0 11 11 11 
11 0 0 0 0 0 11 0 0 0 0 0 0 0 0 0 11 0 0 11 0 11 0 11 11 11 0 0 11 0 0 0 11 0 0 15 0 0 0 0 0 0 0 0 0 11 
11 0 0 0 0 0 0 0 0 0 0 0 0 0 0 0 0 0 0 11 0 11 0 0 0 0 0 0 0 0 0 0 0 0 0 0 0 0 11 11 0 0 0 0 0 11 
11 0 0 0 11 0 0 0 0 11 0 11 0 11 0 11 0 0 0 0 0 0 0 0 0 0 0 0 0 0 0 0 0 0 11 0 0 0 0 0 0 0 0 0 0 11 
11 0 0 0 0 0 0 11 0 0 0 0 0 0 0 0 0 0 11 0 0 0 0 0 0 0 0 0 0 0 0 0 0 0 11 0 11 14 11 0 0 11 0 0 11 11 
11 0 0 11 0 11 0 0 0 0 0 0 0 0 11 0 11 0 0 0 0 0 0 0 0 11 11 0 11 0 0 0 0 0 0 0 15 11 11 0 11 0 0 0 0 11 
11 11 0 0 0 0 0 0 0 0 0 0 0 0 11 0 11 11 0 0 0 0 11 11 0 0 0 11 11 0 0 11 11 0 0 0 0 0 11 0 0 13 11 0 0 11 
11 0 0 0 0 0 0 0 0 11 0 0 0 0 0 0 0 0 0 11 0 0 0 0 11 0 0 0 11 0 0 0 11 0 11 11 0 0 0 11 0 11 11 11 11 11 
11 0 11 0 0 11 0 11 0 0 0 0 11 0 0 0 0 11 0 0 0 0 0 0 0 0 0 0 0 0 11 11 0 0 0 0 0 11 0 0 0 0 0 0 0 11 
11 0 0 0 0 0 0 0 11 0 0 0 0 0 0 11 0 0 0 0 0 0 0 0 11 0 0 0 0 0 0 0 0 0 0 0 0 0 0 0 0 0 0 11 0 11 
11 11 11 11 11 11 11 11 11 11 11 11 11 11 11 11 11 11 11 11 11 11 11 11 11 11 11 11 11 11 11 11 11 11 11 11 11 11 11 11 11 11 11 11 11 11 

17260
11 11 11 11 11 11 11 11 11 11 11 11 11 11 11 11 11 11 11 11 11 11 11 11 11 11 11 11 11 11 11 11 11 11 11 11 11 11 11 11 11 11 11 11 11 11 
11 0 0 0 11 0 0 0 0 0 11 0 0 11 0 11 0 0 0 0 11 0 0 0 0 0 0 0 0 0 0 0 0 11 0 11 0 0 0 0 0 0 0 0 11 11 
11 0 0 0 11 0 0 11 0 0 0 11 0 11 0 0 0 0 11 0 11 0 0 0 0 0 0 0 0 11 0 11 0 0 0 0 11 0 0 0 11 11 0 0 11 11 
11 11 0 0 0 0 0 11 0 0 11 0 0 0 11 0 11 0 11 0 0 11 0 0 0 0 0 0 0 0 0 0 0 0 11 0 0 0 0 0 0 11 0 11 0 11 
11 11 0 0 11 11 0 0 0 0 0 0 0 0 0 0 0 0 0 11 0 0 11 0 0 11 0 11 11 0 0 0 0 0 0 0 0 0 0 0 0 0 0 0 11 11 
11 0 0 0 0 11 0 0 0 0 0 0 0 0 11 0 0 0 0 0 0 0 0 0 0 11 0 0 0 0 0 0 11 0 0 0 0 0 0 0 11 0 0 0 0 11 
11 0 0 0 11 0 0 0 0 0 0 11 0 0 0 0 0 0 0 0 0 0 0 0 11 0 0 0 0 0 0 0 11 0 0 0 0 0 0 0 11 0 0 11 0 11 
11 0 0 11 0 0 0 0 0 0 0 0 11 0 0 0 0 0 11 0 0 0 0 0 0 0 0 0 0 0 0 0 0 0 0 0 0 0 11 0 0 0 0 0 11 11 
11 0 0 0 0 0 0 11 11 0 0 0 0 0 0 0 0 0 0 11 0 0 0 0 0 0 0 0 0 11 0 0 0 0 11 11 0 0 0 0 0 0 0 0 0 11 
11 0 0 11 0 0 0 0 0 0 0 0 0 0 0 0 0 0 0 0 14 0 0 0 0 0 11 0 11 0 0 0 0 0 0 0 0 0 0 0 11 0 11 0 11 11 
11 11 0 0 0 0 0 0 0 0 0 11 0 0 0 0 0 11 0 0 0 11 0 0 0 0 0 0 11 0 11 0 0 0 11 0 0 15 0 0 0 0 0 0 0 11 
11 0 0 0 0 0 0 0 0 0 11 0 0 0 0 0 11 0 0 0 0 0 0 0 11 11 11 11 0 0 11 0 11 0 0 0 0 11 11 0 0 0 0 11 0 11 
11 0 0 11 0 0 11 11 0 0 11 0 0 0 0 0 11 11 11 0 0 11 0 0 0 0 0 0 0 0 14 0 11 11 0 0 0 0 0 0 0 0 0 0 0 11 
11 0 0 11 0 0 0 15 11 0 11 0 0 11 0 0 0 0 0 0 0 0 0 11 11 0 0 0 0 11 11 0 11 0 0 11 0 0 0 0 0 0 11 0 0 11 
11 0 0 0 0 0 0 0 0 0 11 0 11 0 0 0 0 11 0 0 0 0 11 11 0 0 11 0 0 0 0 11 0 0 0 0 11 11 0 0 0 0 0 0 11 11 
11 11 0 0 0 0 0 11 0 0 0 11 0 11 0 0 0 0 0 0 0 11 0 11 0 0 0 0 0 0 15 0 0 11 11 0 0 0 0 11 0 0 11 0 11 11 
11 0 0 0 0 0 0 0 0 11 11 0 0 11 0 0 0 0 0 11 0 0 11 11 11 0 0 0 0 0 0 0 11 0 0 0 0 11 11 0 0 0 0 11 0 11 
11 11 0 0 0 11 0 0 0 0 0 0 0 0 11 0 0 0 0 11 0 0 11 0 0 0 11 11 0 0 11 11 11 0 0 0 11 0 0 0 11 11 0 0 0 11 
11 0 11 0 0 0 0 11 0 0 11 0 11 11 0 0 0 0 0 0 0 11 0 0 0 0 0 11 11 0 0 0 0 0 0 0 0 11 0 11 0 0 0 0 0 11 
11 0 0 0 11 0 0 11 0 11 0 0 0 0 0 0 0 11 11 0 0 0 0 0 0 0 0 0 0 11 0 0 0 0 0 0 11 0 0 11 0 0 0 11 0 11 
11 0 11 11 0 11 0 11 11 11 0 0 0 0 0 0 0 0 0 0 0 11 0 11 0 0 0 0 0 11 0 0 0 11 0 0 0 0 0 0 0 0 0 0 0 11 
11 11 0 0 0 11 0 0 0 0 0 0 11 0 0 0 0 11 0 0 0 0 11 0 0 0 11 0 0 0 0 0 0 0 0 0 0 0 11 0 0 0 0 0 0 11 
11 0 0 0 0 0 0 0 0 0 0 0 0 0 0 0 0 0 0 0 0 11 0 11 0 11 0 0 0 0 0 0 0 0 0 0 0 0 0 0 0 0 0 11 11 11 
11 0 0 0 11 11 0 0 0 0 0 11 0 0 0 11 0 0 11 0 0 0 0 0 0 0 0 0 0 0 11 0 0 0 0 0 0 0 0 0 11 0 0 11 0 11 
11 11 0 15 0 0 0 0 15 0 0 0 0 11 11 0 0 11 0 0 0 0 0 0 0 0 0 0 0 0 0 0 0 0 0 0 0 0 11 0 0 0 0 0 0 11 
11 0 11 0 0 11 0 0 0 0 0 0 0 0 11 11 0 0 0 0 0 0 0 0 11 11 0 0 0 0 0 0 0 0 0 0 0 0 0 0 0 0 0 0 11 11 
11 0 0 0 0 0 0 0 0 0 0 0 0 0 0 11 0 0 11 0 11 0 11 0 0 0 0 0 0 0 0 0 0 0 0 0 0 0 0 0 0 0 0 11 11 11 
11 0 0 0 0 0 11 0 0 0 0 0 0 0 0 0 11 0 0 11 0 11 0 11 11 11 0 0 11 0 0 0 11 0 0 15 0 0 0 0 0 0 0 0 0 11 
11 0 0 0 0 0 0 0 0 0 0 0 0 0 0 0 0 0 0 11 0 11 0 0 0 0 0 0 0 0 0 0 0 0 0 0 0 0 11 11 0 0 0 0 0 11 
11 0 0 0 11 0 0 0 0 11 0 11 0 11 0 11 0 0 0 0 0 0 0 0 0 0 0 0 0 0 0 0 0 0 11 0 0 0 0 0 0 0 0 0 0 11 
11 0 0 0 0 0 0 11 0 0 0 0 0 0 0 0 0 0 11 0 0 0 0 0 0 0 0 0 0 0 0 0 0 0 11 0 11 14 11 0 0 11 0 0 11 11 
11 0 0 11 0 11 0 0 0 0 0 0 0 0 11 0 11 0 0 0 0 0 0 0 0 11 11 0 11 0 0 0 0 0 0 0 15 11 11 0 11 0 0 0 0 11 
11 11 0 0 0 0 0 0 0 0 0 0 0 0 11 0 11 11 0 0 0 0 11 11 0 0 0 11 11 0 0 11 11 0 0 0 0 0 11 0 0 13 11 0 0 11 
11 0 0 0 0 0 0 0 0 11 0 0 0 0 0 0 0 0 0 11 0 0 0 0 11 0 0 0 11 0 0 0 11 0 11 11 0 0 0 11 0 11 11 11 11 11 
11 0 11 0 0 11 0 11 0 0 0 0 11 0 0 0 0 11 0 0 0 0 0 0 0 0 0 0 0 0 11 11 0 0 0 0 0 11 0 0 0 0 0 0 0 11 
11 0 0 0 0 0 0 0 11 0 0 0 0 0 0 11 0 0 0 0 0 0 0 0 11 0 0 0 0 0 0 0 0 0 0 0 0 0 0 0 0 0 0 11 0 11 
11 11 11 11 11 11 11 11 11 11 11 11 11 11 11 11 11 11 11 11 11 11 11 11 11 11 11 11 11 11 11 11 11 11 11 11 11 11 11 11 11 11 11 11 11 11 

17260
11 11 11 11 11 11 11 11 11 11 11 11 11 11 11 11 11 11 11 11 11 11 11 11 11 11 11 11 11 11 11 11 11 11 11 11 11 11 11 11 11 11 11 11 11 11 
11 0 0 0 11 0 0 0 0 0 11 0 0 11 0 11 0 0 0 0 11 0 0 0 0 0 0 0 0 0 0 0 0 11 0 11 0 0 0 0 0 0 0 0 11 11 
11 0 0 0 11 0 0 11 0 0 0 11 0 11 0 0 0 0 11 0 11 0 0 0 0 0 0 0 0 11 0 11 0 0 0 0 11 0 0 0 11 11 0 0 11 11 
11 11 0 0 0 0 0 11 0 0 11 0 0 0 11 0 11 0 11 0 0 11 0 0 0 0 0 0 0 0 0 0 0 0 11 0 0 0 0 0 0 11 0 11 0 11 
11 11 0 0 11 11 0 0 0 0 0 0 0 0 0 0 0 0 0 11 0 0 11 0 0 11 0 11 11 0 0 0 0 0 0 0 0 0 0 0 0 0 0 0 11 11 
11 0 0 0 0 11 0 0 0 0 0 0 0 0 11 0 0 0 0 0 0 0 0 0 0 11 0 0 0 0 0 0 11 0 0 0 0 0 0 0 11 0 0 0 0 11 
11 0 0 0 11 0 0 0 0 0 0 11 0 0 0 0 0 0 0 0 0 0 0 0 11 0 0 0 0 0 0 0 11 0 0 0 0 0 0 0 11 0 0 11 0 11 
11 0 0 11 0 0 0 0 0 0 0 0 11 0 0 0 0 0 11 0 0 0 0 0 0 0 0 0 0 0 0 0 0 0 0 0 0 0 11 0 0 0 0 0 11 11 
11 0 0 0 0 0 0 11 11 0 0 0 0 0 0 0 0 0 0 11 0 0 0 0 0 0 0 0 0 11 0 0 0 0 11 11 0 0 0 0 0 0 0 0 0 11 
11 0 0 11 0 0 0 0 0 0 0 0 0 0 0 0 0 0 0 0 14 0 0 0 0 0 11 0 11 0 0 0 0 0 0 0 0 0 0 0 11 0 11 0 11 11 
11 11 0 0 0 0 0 0 0 0 0 11 0 0 0 0 0 11 0 0 0 11 0 0 0 0 0 0 11 0 11 0 0 0 11 0 0 15 0 0 0 0 0 0 0 11 
11 0 0 0 0 0 0 0 0 0 11 0 0 0 0 0 11 0 0 0 0 0 0 0 11 11 11 11 0 0 11 0 11 0 0 0 0 11 11 0 0 0 0 11 0 11 
11 0 0 11 0 0 11 11 0 0 11 0 0 0 0 0 11 11 11 0 0 11 0 0 0 0 0 0 0 0 14 0 11 11 0 0 0 0 0 0 0 0 0 0 0 11 
11 0 0 11 0 0 0 15 11 0 11 0 0 11 0 0 0 0 0 0 0 0 0 11 11 0 0 0 0 11 11 0 11 0 0 11 0 0 0 0 0 0 11 0 0 11 
11 0 0 0 0 0 0 0 0 0 11 0 11 0 0 0 0 11 0 0 0 0 11 11 0 0 11 0 0 0 0 11 0 0 0 0 11 11 0 0 0 0 0 0 11 11 
11 11 0 0 0 0 0 11 0 0 0 11 0 11 0 0 0 0 0 0 0 11 0 11 0 0 0 0 0 0 15 0 0 11 11 0 0 0 0 11 0 0 11 0 11 11 
11 0 0 0 0 0 0 0 0 11 11 0 0 11 0 0 0 0 0 11 0 0 11 11 11 0 0 0 0 0 0 0 11 0 0 0 0 11 11 0 0 0 0 11 0 11 
11 11 0 0 0 11 0 0 0 0 0 0 0 0 11 0 0 0 0 11 0 0 11 0 0 0 11 11 0 0 11 11 11 0 0 0 11 0 0 0 11 11 0 0 0 11 
11 0 11 0 0 0 0 11 0 0 11 0 11 11 0 0 0 0 0 0 0 11 0 0 0 0 0 11 11 0 0 0 0 0 0 0 0 11 0 11 0 0 0 0 0 11 
11 0 0 0 11 0 0 11 0 11 0 0 0 0 0 0 0 11 11 0 0 0 0 0 0 0 0 0 0 11 0 0 0 0 0 0 11 0 0 11 0 0 0 11 0 11 
11 0 11 11 0 11 0 11 11 11 0 0 0 0 0 0 0 0 0 0 0 11 0 11 0 0 0 0 0 11 0 0 0 11 0 0 0 0 0 0 0 0 0 0 0 11 
11 11 0 0 0 11 0 0 0 0 0 0 11 0 0 0 0 11 0 0 0 0 11 0 0 0 11 0 0 0 0 0 0 0 0 0 0 0 11 0 0 0 0 0 0 11 
11 0 0 0 0 0 0 0 0 0 0 0 0 0 0 0 0 0 0 0 0 11 0 11 0 11 0 0 0 0 0 0 0 0 0 0 0 0 0 0 0 0 0 11 11 11 
11 0 0 0 11 11 0 0 0 0 0 11 0 0 0 11 0 0 11 0 0 0 0 0 0 0 0 0 0 0 11 0 0 0 0 0 0 0 0 0 11 0 0 11 0 11 
11 11 0 15 0 0 0 0 15 0 0 0 0 11 11 0 0 11 0 0 0 0 0 0 0 0 0 0 0 0 0 0 0 0 0 0 0 0 11 0 0 0 0 0 0 11 
11 0 11 0 0 11 0 0 0 0 0 0 0 0 11 11 0 0 0 0 0 0 0 0 11 11 0 0 0 0 0 0 0 0 0 0 0 0 0 0 0 0 0 0 11 11 
11 0 0 0 0 0 0 0 0 0 0 0 0 0 0 11 0 0 11 0 11 0 11 0 0 0 0 0 0 0 0 0 0 0 0 0 0 0 0 0 0 0 0 11 11 11 
11 0 0 0 0 0 11 0 0 0 0 0 0 0 0 0 11 0 0 11 0 11 0 11 11 11 0 0 11 0 0 0 11 0 0 15 0 0 0 0 0 0 0 0 0 11 
11 0 0 0 0 0 0 0 0 0 0 0 0 0 0 0 0 0 0 11 0 11 0 0 0 0 0 0 0 0 0 0 0 0 0 0 0 0 11 11 0 0 0 0 0 11 
11 0 0 0 11 0 0 0 0 11 0 11 0 11 0 11 0 0 0 0 0 0 0 0 0 0 0 0 0 0 0 0 0 0 11 0 0 0 0 0 0 0 0 0 0 11 
11 0 0 0 0 0 0 11 0 0 0 0 0 0 0 0 0 0 11 0 0 0 0 0 0 0 0 0 0 0 0 0 0 0 11 0 11 14 11 0 0 11 0 0 11 11 
11 0 0 11 0 11 0 0 0 0 0 0 0 0 11 0 11 0 0 0 0 0 0 0 0 11 11 0 11 0 0 0 0 0 0 0 15 11 11 0 11 0 0 0 0 11 
11 11 0 0 0 0 0 0 0 0 0 0 0 0 11 0 11 11 0 0 0 0 11 11 0 0 0 11 11 0 0 11 11 0 0 0 0 0 11 0 0 13 11 0 0 11 
11 0 0 0 0 0 0 0 0 11 0 0 0 0 0 0 0 0 0 11 0 0 0 0 11 0 0 0 11 0 0 0 11 0 11 11 0 0 0 11 0 11 11 11 11 11 
11 0 11 0 0 11 0 11 0 0 0 0 11 0 0 0 0 11 0 0 0 0 0 0 0 0 0 0 0 0 11 11 0 0 0 0 0 11 0 0 0 0 0 0 0 11 
11 0 0 0 0 0 0 0 11 0 0 0 0 0 0 11 0 0 0 0 0 0 0 0 11 0 0 0 0 0 0 0 0 0 0 0 0 0 0 0 0 0 0 11 0 11 
11 11 11 11 11 11 11 11 11 11 11 11 11 11 11 11 11 11 11 11 11 11 11 11 11 11 11 11 11 11 11 11 11 11 11 11 11 11 11 11 11 11 11 11 11 11 

17436
11 11 11 11 11 11 11 11 11 11 11 11 11 11 11 11 11 11 11 11 11 11 11 11 11 11 11 11 11 11 11 11 11 11 11 11 11 11 11 11 11 11 11 11 11 11 
11 0 0 0 11 0 0 0 0 0 11 0 0 11 0 11 0 0 0 0 11 0 0 0 0 0 0 0 0 0 0 0 0 11 0 11 0 0 0 0 0 0 0 0 11 11 
11 0 0 0 11 0 0 11 0 0 0 11 0 11 0 0 0 0 0 0 11 0 0 0 0 0 0 0 0 11 0 11 0 0 0 0 11 0 0 0 11 0 0 0 11 11 
11 11 0 0 0 0 0 11 0 0 11 0 0 0 11 0 11 0 0 0 0 11 0 0 0 0 0 0 0 0 0 0 0 0 11 0 0 11 0 0 0 11 0 11 0 11 
11 11 0 0 11 0 0 0 0 11 0 0 0 11 0 0 0 0 0 11 0 0 11 0 0 11 0 11 11 0 0 0 0 0 0 0 0 0 0 0 0 0 0 0 11 11 
11 0 0 0 0 0 0 0 0 0 0 0 0 0 11 0 0 0 0 11 0 0 0 0 0 11 0 0 0 0 0 0 11 0 0 0 0 0 0 0 11 0 0 0 0 11 
11 0 0 0 11 0 0 0 0 0 0 11 0 0 0 0 0 0 0 0 0 0 0 0 11 0 0 0 0 0 0 0 11 0 0 0 0 0 0 0 11 0 0 11 0 11 
11 0 0 11 0 0 0 0 0 0 0 0 11 0 0 0 0 0 11 0 0 0 0 0 0 0 0 0 0 0 0 0 0 0 0 0 0 0 11 0 0 0 0 0 11 11 
11 0 0 0 0 0 0 0 11 0 0 0 0 15 0 0 0 0 0 11 0 0 0 0 0 0 0 0 0 11 0 0 0 0 11 11 0 0 0 0 0 0 0 0 0 11 
11 0 0 11 0 0 0 0 0 0 0 0 0 0 0 0 0 0 0 0 0 0 0 0 0 0 11 0 11 0 0 0 0 0 0 0 0 0 0 0 11 0 11 0 0 11 
11 11 0 0 0 0 0 0 0 0 0 11 0 0 0 0 0 11 0 0 0 11 0 0 0 0 0 0 11 0 11 0 0 0 11 0 0 0 0 0 0 0 0 0 0 11 
11 0 0 0 0 0 0 0 0 0 11 11 0 0 0 0 11 0 0 0 0 0 0 0 11 11 11 0 0 0 11 0 11 15 0 0 0 11 11 0 0 0 0 0 0 11 
11 0 0 11 0 0 11 11 0 0 11 0 0 0 0 0 11 11 11 0 0 11 11 0 0 0 0 0 0 0 0 0 11 11 0 0 15 0 0 0 0 0 0 0 0 11 
11 0 0 11 0 0 0 0 11 0 0 0 0 11 0 0 0 0 0 0 0 0 0 11 11 0 0 0 0 11 11 0 11 0 0 11 0 0 0 0 0 0 11 0 0 11 
11 0 0 0 0 0 0 0 0 0 11 0 11 0 0 0 0 11 0 0 0 0 11 11 0 0 11 0 0 0 0 11 0 0 0 0 11 11 0 0 0 0 0 0 11 11 
11 11 0 0 0 0 0 0 0 0 0 11 0 11 0 0 0 0 0 0 0 11 0 11 0 0 0 0 0 0 0 0 0 11 11 0 0 0 0 11 0 0 11 0 11 11 
11 0 0 0 0 0 0 0 0 11 11 0 0 11 0 0 0 0 0 11 0 0 11 11 11 11 0 0 0 0 0 0 11 0 0 0 0 11 11 0 0 0 0 11 0 11 
11 11 0 0 0 11 15 0 0 0 0 0 0 0 11 0 0 0 0 11 0 0 11 0 0 0 11 11 0 0 11 11 11 0 0 0 11 0 0 0 11 11 0 0 0 11 
11 0 11 0 0 0 0 11 0 0 11 0 11 11 0 0 0 0 0 0 0 11 0 0 0 0 0 11 11 0 0 0 0 0 0 0 0 11 0 11 0 0 0 0 0 11 
11 0 0 0 11 0 0 11 0 11 0 0 0 0 0 0 0 11 11 0 0 0 0 0 0 0 0 0 0 11 0 0 0 0 0 0 11 0 0 11 0 0 0 11 0 11 
11 0 11 11 0 11 0 11 11 11 0 0 11 0 0 0 0 0 0 0 0 11 0 11 0 0 0 0 0 11 0 0 0 11 0 0 0 0 0 0 0 0 0 0 0 11 
11 11 11 0 0 11 0 0 0 0 0 0 11 0 0 0 11 11 0 0 0 0 11 0 0 0 11 0 0 0 0 0 0 0 0 0 0 0 11 0 0 0 0 0 0 11 
11 15 0 0 0 0 0 0 0 0 0 0 0 0 0 0 0 0 0 0 0 11 0 11 0 11 0 0 0 0 0 0 0 0 0 0 0 0 0 0 0 0 0 11 11 11 
11 0 0 0 11 11 0 15 0 0 0 11 0 0 0 11 0 0 11 0 0 0 0 0 0 0 0 0 0 0 11 0 0 0 0 0 0 0 0 0 11 0 0 11 0 11 
11 11 0 0 0 0 0 0 0 0 0 0 0 11 11 0 0 11 0 0 0 0 0 0 0 0 0 0 0 0 0 0 0 0 0 0 0 0 11 0 0 0 0 0 0 11 
11 0 11 0 0 11 0 0 0 0 0 0 0 0 11 11 0 0 0 0 0 0 0 0 11 11 0 0 0 0 0 0 0 0 0 0 0 0 0 0 0 0 0 0 11 11 
11 0 0 0 0 0 0 0 0 0 0 0 0 0 0 11 0 0 11 0 11 0 11 0 0 0 0 0 0 0 0 0 0 0 0 0 0 0 0 0 0 0 0 11 11 11 
11 0 0 0 0 0 11 0 0 0 0 0 0 0 0 0 11 0 0 11 11 11 0 11 11 11 0 0 11 0 0 0 11 0 0 0 0 0 0 0 0 0 0 0 0 11 
11 0 0 0 0 0 0 0 0 0 0 0 0 0 0 0 0 0 0 11 0 11 0 0 0 0 0 0 0 0 0 0 0 0 0 0 0 0 11 11 0 0 11 0 0 11 
11 0 0 0 11 0 0 0 0 11 0 11 0 11 0 11 0 0 0 0 0 0 0 0 0 0 0 0 0 0 0 0 0 0 0 0 15 14 0 0 0 0 0 0 0 11 
11 0 0 0 0 0 0 0 0 0 0 0 0 0 0 0 0 11 11 0 0 0 0 0 0 0 0 0 0 0 0 0 0 0 11 0 11 0 11 15 0 11 0 0 11 11 
11 0 0 11 11 11 0 0 0 0 0 0 0 0 11 0 11 0 0 0 0 0 0 0 0 11 11 0 11 0 0 0 0 0 0 0 0 11 11 0 0 0 0 0 0 11 
11 11 0 0 0 0 0 0 0 0 0 0 0 0 11 0 11 11 0 0 0 0 11 11 0 0 0 11 11 0 0 0 0 0 0 11 0 0 11 0 0 0 11 0 0 11 
11 0 0 0 0 0 0 0 0 11 0 0 0 0 0 0 0 0 0 11 0 0 0 0 11 0 0 0 11 0 0 0 11 0 11 11 0 0 0 11 0 11 11 11 11 11 
11 0 11 0 0 11 0 11 0 0 0 0 11 0 0 0 0 0 0 0 0 0 0 0 0 0 0 0 11 0 11 11 0 0 0 0 0 11 0 0 0 0 0 0 0 11 
11 0 0 0 0 0 0 0 11 0 0 0 0 0 0 11 0 0 0 0 0 0 0 0 11 0 0 0 0 0 0 0 0 0 0 0 0 0 0 0 0 0 0 11 0 11 
11 11 11 11 11 11 11 11 11 11 11 11 11 11 11 11 11 11 11 11 11 11 11 11 11 11 11 11 11 11 11 11 11 11 11 11 11 11 11 11 11 11 11 11 11 11 

17436
11 11 11 11 11 11 11 11 11 11 11 11 11 11 11 11 11 11 11 11 11 11 11 11 11 11 11 11 11 11 11 11 11 11 11 11 11 11 11 11 11 11 11 11 11 11 
11 0 0 0 11 0 0 0 0 0 11 0 0 11 0 11 0 0 0 0 11 0 0 0 0 0 0 0 0 0 0 0 0 11 0 11 0 0 0 0 0 0 0 0 11 11 
11 0 0 0 11 0 0 11 0 0 0 11 0 11 0 0 0 0 0 0 11 0 0 0 0 0 0 0 0 11 0 11 0 0 0 0 11 0 0 0 11 0 0 0 11 11 
11 11 0 0 0 0 0 11 0 0 11 0 0 0 11 0 11 0 0 0 0 11 0 0 0 0 0 0 0 0 0 0 0 0 11 0 0 11 0 0 0 11 0 11 0 11 
11 11 0 0 11 0 0 0 0 11 0 0 0 11 0 0 0 0 0 11 0 0 11 0 0 11 0 11 11 0 0 0 0 0 0 0 0 0 0 0 0 0 0 0 11 11 
11 0 0 0 0 0 0 0 0 0 0 0 0 0 11 0 0 0 0 11 0 0 0 0 0 11 0 0 0 0 0 0 11 0 0 0 0 0 0 0 11 0 0 0 0 11 
11 0 0 0 11 0 0 0 0 0 0 11 0 0 0 0 0 0 0 0 0 0 0 0 11 0 0 0 0 0 0 0 11 0 0 0 0 0 0 0 11 0 0 11 0 11 
11 0 0 11 0 0 0 0 0 0 0 0 11 0 0 0 0 0 11 0 0 0 0 0 0 0 0 0 0 0 0 0 0 0 0 0 0 0 11 0 0 0 0 0 11 11 
11 0 0 0 0 0 0 0 11 0 0 0 0 15 0 0 0 0 0 11 0 0 0 0 0 0 0 0 0 11 0 0 0 0 11 11 0 0 0 0 0 0 0 0 0 11 
11 0 0 11 0 0 0 0 0 0 0 0 0 0 0 0 0 0 0 0 0 0 0 0 0 0 11 0 11 0 0 0 0 0 0 0 0 0 0 0 11 0 11 0 0 11 
11 11 0 0 0 0 0 0 0 0 0 11 0 0 0 0 0 11 0 0 0 11 0 0 0 0 0 0 11 0 11 0 0 0 11 0 0 0 0 0 0 0 0 0 0 11 
11 0 0 0 0 0 0 0 0 0 11 11 0 0 0 0 11 0 0 0 0 0 0 0 11 11 11 0 0 0 11 0 11 15 0 0 0 11 11 0 0 0 0 0 0 11 
11 0 0 11 0 0 11 11 0 0 11 0 0 0 0 0 11 11 11 0 0 11 11 0 0 0 0 0 0 0 0 0 11 11 0 0 15 0 0 0 0 0 0 0 0 11 
11 0 0 11 0 0 0 0 11 0 0 0 0 11 0 0 0 0 0 0 0 0 0 11 11 0 0 0 0 11 11 0 11 0 0 11 0 0 0 0 0 0 11 0 0 11 
11 0 0 0 0 0 0 0 0 0 11 0 11 0 0 0 0 11 0 0 0 0 11 11 0 0 11 0 0 0 0 11 0 0 0 0 11 11 0 0 0 0 0 0 11 11 
11 11 0 0 0 0 0 0 0 0 0 11 0 11 0 0 0 0 0 0 0 11 0 11 0 0 0 0 0 0 0 0 0 11 11 0 0 0 0 11 0 0 11 0 11 11 
11 0 0 0 0 0 0 0 0 11 11 0 0 11 0 0 0 0 0 11 0 0 11 11 11 11 0 0 0 0 0 0 11 0 0 0 0 11 11 0 0 0 0 11 0 11 
11 11 0 0 0 11 15 0 0 0 0 0 0 0 11 0 0 0 0 11 0 0 11 0 0 0 11 11 0 0 11 11 11 0 0 0 11 0 0 0 11 11 0 0 0 11 
11 0 11 0 0 0 0 11 0 0 11 0 11 11 0 0 0 0 0 0 0 11 0 0 0 0 0 11 11 0 0 0 0 0 0 0 0 11 0 11 0 0 0 0 0 11 
11 0 0 0 11 0 0 11 0 11 0 0 0 0 0 0 0 11 11 0 0 0 0 0 0 0 0 0 0 11 0 0 0 0 0 0 11 0 0 11 0 0 0 11 0 11 
11 0 11 11 0 11 0 11 11 11 0 0 11 0 0 0 0 0 0 0 0 11 0 11 0 0 0 0 0 11 0 0 0 11 0 0 0 0 0 0 0 0 0 0 0 11 
11 11 11 0 0 11 0 0 0 0 0 0 11 0 0 0 11 11 0 0 0 0 11 0 0 0 11 0 0 0 0 0 0 0 0 0 0 0 11 0 0 0 0 0 0 11 
11 15 0 0 0 0 0 0 0 0 0 0 0 0 0 0 0 0 0 0 0 11 0 11 0 11 0 0 0 0 0 0 0 0 0 0 0 0 0 0 0 0 0 11 11 11 
11 0 0 0 11 11 0 15 0 0 0 11 0 0 0 11 0 0 11 0 0 0 0 0 0 0 0 0 0 0 11 0 0 0 0 0 0 0 0 0 11 0 0 11 0 11 
11 11 0 0 0 0 0 0 0 0 0 0 0 11 11 0 0 11 0 0 0 0 0 0 0 0 0 0 0 0 0 0 0 0 0 0 0 0 11 0 0 0 0 0 0 11 
11 0 11 0 0 11 0 0 0 0 0 0 0 0 11 11 0 0 0 0 0 0 0 0 11 11 0 0 0 0 0 0 0 0 0 0 0 0 0 0 0 0 0 0 11 11 
11 0 0 0 0 0 0 0 0 0 0 0 0 0 0 11 0 0 11 0 11 0 11 0 0 0 0 0 0 0 0 0 0 0 0 0 0 0 0 0 0 0 0 11 11 11 
11 0 0 0 0 0 11 0 0 0 0 0 0 0 0 0 11 0 0 11 11 11 0 11 11 11 0 0 11 0 0 0 11 0 0 0 0 0 0 0 0 0 0 0 0 11 
11 0 0 0 0 0 0 0 0 0 0 0 0 0 0 0 0 0 0 11 0 11 0 0 0 0 0 0 0 0 0 0 0 0 0 0 0 0 11 11 0 0 11 0 0 11 
11 0 0 0 11 0 0 0 0 11 0 11 0 11 0 11 0 0 0 0 0 0 0 0 0 0 0 0 0 0 0 0 0 0 0 0 15 14 0 0 0 0 0 0 0 11 
11 0 0 0 0 0 0 0 0 0 0 0 0 0 0 0 0 11 11 0 0 0 0 0 0 0 0 0 0 0 0 0 0 0 11 0 11 0 11 15 0 11 0 0 11 11 
11 0 0 11 11 11 0 0 0 0 0 0 0 0 11 0 11 0 0 0 0 0 0 0 0 11 11 0 11 0 0 0 0 0 0 0 0 11 11 0 0 0 0 0 0 11 
11 11 0 0 0 0 0 0 0 0 0 0 0 0 11 0 11 11 0 0 0 0 11 11 0 0 0 11 11 0 0 0 0 0 0 11 0 0 11 0 0 0 11 0 0 11 
11 0 0 0 0 0 0 0 0 11 0 0 0 0 0 0 0 0 0 11 0 0 0 0 11 0 0 0 11 0 0 0 11 0 11 11 0 0 0 11 0 11 11 11 11 11 
11 0 11 0 0 11 0 11 0 0 0 0 11 0 0 0 0 0 0 0 0 0 0 0 0 0 0 0 11 0 11 11 0 0 0 0 0 11 0 0 0 0 0 0 0 11 
11 0 0 0 0 0 0 0 11 0 0 0 0 0 0 11 0 0 0 0 0 0 0 0 11 0 0 0 0 0 0 0 0 0 0 0 0 0 0 0 0 0 0 11 0 11 
11 11 11 11 11 11 11 11 11 11 11 11 11 11 11 11 11 11 11 11 11 11 11 11 11 11 11 11 11 11 11 11 11 11 11 11 11 11 11 11 11 11 11 11 11 11 

17436
11 11 11 11 11 11 11 11 11 11 11 11 11 11 11 11 11 11 11 11 11 11 11 11 11 11 11 11 11 11 11 11 11 11 11 11 11 11 11 11 11 11 11 11 11 11 
11 0 0 0 11 0 0 0 0 0 11 0 0 11 0 11 0 0 0 0 11 0 0 0 0 0 0 0 0 0 0 0 0 11 0 11 0 0 0 0 0 0 0 0 11 11 
11 0 0 0 11 0 0 11 0 0 0 11 0 11 0 0 0 0 0 0 11 0 0 0 0 0 0 0 0 11 0 11 0 0 0 0 11 0 0 0 11 0 0 0 11 11 
11 11 0 0 0 0 0 11 0 0 11 0 0 0 11 0 11 0 0 0 0 11 0 0 0 0 0 0 0 0 0 0 0 0 11 0 0 11 0 0 0 11 0 11 0 11 
11 11 0 0 11 0 0 0 0 11 0 0 0 11 0 0 0 0 0 11 0 0 11 0 0 11 0 11 11 0 0 0 0 0 0 0 0 0 0 0 0 0 0 0 11 11 
11 0 0 0 0 0 0 0 0 0 0 0 0 0 11 0 0 0 0 11 0 0 0 0 0 11 0 0 0 0 0 0 11 0 0 0 0 0 0 0 11 0 0 0 0 11 
11 0 0 0 11 0 0 0 0 0 0 11 0 0 0 0 0 0 0 0 0 0 0 0 11 0 0 0 0 0 0 0 11 0 0 0 0 0 0 0 11 0 0 11 0 11 
11 0 0 11 0 0 0 0 0 0 0 0 11 0 0 0 0 0 11 0 0 0 0 0 0 0 0 0 0 0 0 0 0 0 0 0 0 0 11 0 0 0 0 0 11 11 
11 0 0 0 0 0 0 0 11 0 0 0 0 15 0 0 0 0 0 11 0 0 0 0 0 0 0 0 0 11 0 0 0 0 11 11 0 0 0 0 0 0 0 0 0 11 
11 0 0 11 0 0 0 0 0 0 0 0 0 0 0 0 0 0 0 0 0 0 0 0 0 0 11 0 11 0 0 0 0 0 0 0 0 0 0 0 11 0 11 0 0 11 
11 11 0 0 0 0 0 0 0 0 0 11 0 0 0 0 0 11 0 0 0 11 0 0 0 0 0 0 11 0 11 0 0 0 11 0 0 0 0 0 0 0 0 0 0 11 
11 0 0 0 0 0 0 0 0 0 11 11 0 0 0 0 11 0 0 0 0 0 0 0 11 11 11 0 0 0 11 0 11 15 0 0 0 11 11 0 0 0 0 0 0 11 
11 0 0 11 0 0 11 11 0 0 11 0 0 0 0 0 11 11 11 0 0 11 11 0 0 0 0 0 0 0 0 0 11 11 0 0 15 0 0 0 0 0 0 0 0 11 
11 0 0 11 0 0 0 0 11 0 0 0 0 11 0 0 0 0 0 0 0 0 0 11 11 0 0 0 0 11 11 0 11 0 0 11 0 0 0 0 0 0 11 0 0 11 
11 0 0 0 0 0 0 0 0 0 11 0 11 0 0 0 0 11 0 0 0 0 11 11 0 0 11 0 0 0 0 11 0 0 0 0 11 11 0 0 0 0 0 0 11 11 
11 11 0 0 0 0 0 0 0 0 0 11 0 11 0 0 0 0 0 0 0 11 0 11 0 0 0 0 0 0 0 0 0 11 11 0 0 0 0 11 0 0 11 0 11 11 
11 0 0 0 0 0 0 0 0 11 11 0 0 11 0 0 0 0 0 11 0 0 11 11 11 11 0 0 0 0 0 0 11 0 0 0 0 11 11 0 0 0 0 11 0 11 
11 11 0 0 0 11 15 0 0 0 0 0 0 0 11 0 0 0 0 11 0 0 11 0 0 0 11 11 0 0 11 11 11 0 0 0 11 0 0 0 11 11 0 0 0 11 
11 0 11 0 0 0 0 11 0 0 11 0 11 11 0 0 0 0 0 0 0 11 0 0 0 0 0 11 11 0 0 0 0 0 0 0 0 11 0 11 0 0 0 0 0 11 
11 0 0 0 11 0 0 11 0 11 0 0 0 0 0 0 0 11 11 0 0 0 0 0 0 0 0 0 0 11 0 0 0 0 0 0 11 0 0 11 0 0 0 11 0 11 
11 0 11 11 0 11 0 11 11 11 0 0 11 0 0 0 0 0 0 0 0 11 0 11 0 0 0 0 0 11 0 0 0 11 0 0 0 0 0 0 0 0 0 0 0 11 
11 11 11 0 0 11 0 0 0 0 0 0 11 0 0 0 11 11 0 0 0 0 11 0 0 0 11 0 0 0 0 0 0 0 0 0 0 0 11 0 0 0 0 0 0 11 
11 15 0 0 0 0 0 0 0 0 0 0 0 0 0 0 0 0 0 0 0 11 0 11 0 11 0 0 0 0 0 0 0 0 0 0 0 0 0 0 0 0 0 11 11 11 
11 0 0 0 11 11 0 15 0 0 0 11 0 0 0 11 0 0 11 0 0 0 0 0 0 0 0 0 0 0 11 0 0 0 0 0 0 0 0 0 11 0 0 11 0 11 
11 11 0 0 0 0 0 0 0 0 0 0 0 11 11 0 0 11 0 0 0 0 0 0 0 0 0 0 0 0 0 0 0 0 0 0 0 0 11 0 0 0 0 0 0 11 
11 0 11 0 0 11 0 0 0 0 0 0 0 0 11 11 0 0 0 0 0 0 0 0 11 11 0 0 0 0 0 0 0 0 0 0 0 0 0 0 0 0 0 0 11 11 
11 0 0 0 0 0 0 0 0 0 0 0 0 0 0 11 0 0 11 0 11 0 11 0 0 0 0 0 0 0 0 0 0 0 0 0 0 0 0 0 0 0 0 11 11 11 
11 0 0 0 0 0 11 0 0 0 0 0 0 0 0 0 11 0 0 11 11 11 0 11 11 11 0 0 11 0 0 0 11 0 0 0 0 0 0 0 0 0 0 0 0 11 
11 0 0 0 0 0 0 0 0 0 0 0 0 0 0 0 0 0 0 11 0 11 0 0 0 0 0 0 0 0 0 0 0 0 0 0 0 0 11 11 0 0 11 0 0 11 
11 0 0 0 11 0 0 0 0 11 0 11 0 11 0 11 0 0 0 0 0 0 0 0 0 0 0 0 0 0 0 0 0 0 0 0 15 14 0 0 0 0 0 0 0 11 
11 0 0 0 0 0 0 0 0 0 0 0 0 0 0 0 0 11 11 0 0 0 0 0 0 0 0 0 0 0 0 0 0 0 11 0 11 0 11 15 0 11 0 0 11 11 
11 0 0 11 11 11 0 0 0 0 0 0 0 0 11 0 11 0 0 0 0 0 0 0 0 11 11 0 11 0 0 0 0 0 0 0 0 11 11 0 0 0 0 0 0 11 
11 11 0 0 0 0 0 0 0 0 0 0 0 0 11 0 11 11 0 0 0 0 11 11 0 0 0 11 11 0 0 0 0 0 0 11 0 0 11 0 0 0 11 0 0 11 
11 0 0 0 0 0 0 0 0 11 0 0 0 0 0 0 0 0 0 11 0 0 0 0 11 0 0 0 11 0 0 0 11 0 11 11 0 0 0 11 0 11 11 11 11 11 
11 0 11 0 0 11 0 11 0 0 0 0 11 0 0 0 0 0 0 0 0 0 0 0 0 0 0 0 11 0 11 11 0 0 0 0 0 11 0 0 0 0 0 0 0 11 
11 0 0 0 0 0 0 0 11 0 0 0 0 0 0 11 0 0 0 0 0 0 0 0 11 0 0 0 0 0 0 0 0 0 0 0 0 0 0 0 0 0 0 11 0 11 
11 11 11 11 11 11 11 11 11 11 11 11 11 11 11 11 11 11 11 11 11 11 11 11 11 11 11 11 11 11 11 11 11 11 11 11 11 11 11 11 11 11 11 11 11 11 

17425
11 11 11 11 11 11 11 11 11 11 11 11 11 11 11 11 11 11 11 11 11 11 11 11 11 11 11 11 11 11 11 11 11 11 11 11 11 11 11 11 11 11 11 11 11 11 
11 0 0 0 11 0 0 0 0 0 11 0 0 11 0 11 0 0 0 0 11 0 0 0 0 0 0 0 0 0 0 0 0 11 0 11 0 0 0 0 0 0 0 0 11 11 
11 0 0 0 11 0 0 11 0 0 0 11 0 11 0 0 0 0 0 0 11 0 0 0 0 0 0 0 0 11 0 11 0 0 0 0 11 0 0 0 11 0 0 0 11 11 
11 11 0 0 0 0 0 11 0 0 11 0 0 0 11 0 11 0 0 0 0 11 0 0 0 0 0 0 0 0 0 0 0 0 11 0 0 11 0 0 0 11 0 11 0 11 
11 11 0 0 11 0 0 0 0 11 0 0 0 11 0 0 0 0 0 11 0 0 11 0 0 11 0 11 11 0 0 0 0 0 0 0 0 0 0 0 0 0 0 0 11 11 
11 0 0 0 0 0 0 0 0 0 0 0 0 0 11 0 0 0 0 11 0 0 0 0 0 11 0 0 0 0 0 0 11 0 0 0 0 0 0 0 11 0 0 0 0 11 
11 0 0 0 11 0 0 0 0 0 0 11 0 0 0 0 0 0 0 0 0 0 0 0 11 0 0 0 0 0 0 0 11 0 0 0 0 0 0 0 11 0 0 11 0 11 
11 0 0 11 0 0 0 0 0 0 0 0 11 15 0 0 0 0 11 0 0 0 0 0 0 0 0 0 0 0 0 0 0 0 0 0 0 0 11 0 0 0 0 0 11 11 
11 0 0 0 0 0 0 0 11 0 0 0 0 0 0 0 0 0 0 11 0 0 0 0 0 0 0 0 0 11 0 0 0 0 11 11 0 0 0 0 0 0 0 0 0 11 
11 0 0 11 0 0 0 0 0 0 0 0 0 0 0 0 0 0 0 0 0 0 0 0 0 0 11 0 11 0 0 0 0 0 0 0 0 0 0 0 11 0 11 0 0 11 
11 11 0 0 0 0 0 0 0 0 0 11 0 0 0 0 0 11 0 0 0 11 0 0 0 0 0 0 11 0 11 0 0 0 11 0 0 0 0 0 0 0 0 0 0 11 
11 0 0 0 0 0 0 0 0 0 11 11 0 0 0 0 11 0 0 0 0 0 0 0 11 11 11 0 0 0 11 15 11 0 0 0 0 11 11 0 0 0 0 0 0 11 
11 0 0 11 0 0 11 11 0 0 11 0 0 0 0 0 11 11 11 0 0 11 11 0 0 0 0 0 0 0 0 0 11 11 0 0 15 0 0 0 0 0 0 0 0 11 
11 0 0 11 0 0 0 0 11 0 0 0 0 11 0 0 0 0 0 0 0 0 0 11 11 0 0 0 0 11 11 0 11 0 0 11 0 0 0 0 0 0 11 0 0 11 
11 0 0 0 0 0 0 0 0 0 11 0 11 0 0 0 0 11 0 0 0 0 11 11 0 0 11 0 0 0 0 11 0 0 0 0 11 11 0 0 0 0 0 0 11 11 
11 11 0 0 0 0 0 0 0 0 0 11 0 11 0 0 0 0 0 0 0 11 0 11 0 0 0 0 0 0 0 15 0 11 11 0 0 0 0 11 0 0 11 0 11 11 
11 0 0 0 0 0 0 0 0 11 11 0 0 11 0 0 0 0 0 11 0 0 11 11 11 0 0 0 0 0 0 0 11 0 0 0 0 11 11 0 0 0 0 11 0 11 
11 11 0 0 0 11 0 15 0 0 0 0 0 0 11 0 0 0 0 11 0 0 11 0 0 0 11 11 0 0 11 11 11 0 0 0 11 0 0 0 11 11 0 0 0 11 
11 0 11 0 0 0 0 11 0 0 11 0 11 11 0 0 0 0 0 0 0 11 0 0 0 0 0 11 11 0 0 0 0 0 0 0 0 11 0 11 0 0 0 0 0 11 
11 0 0 0 11 0 0 11 0 11 0 0 0 0 0 0 0 11 11 0 0 0 0 0 0 0 0 0 0 11 0 0 0 0 0 0 11 0 0 11 0 0 0 11 0 11 
11 0 11 11 0 11 0 11 11 11 0 0 11 0 0 0 0 0 0 0 0 11 0 11 0 0 0 0 0 11 0 0 0 11 0 0 0 0 0 0 0 0 0 0 0 11 
11 11 11 0 0 11 0 0 0 0 0 0 11 0 0 0 11 11 0 0 0 0 11 0 0 0 11 0 0 0 0 0 0 0 0 0 0 0 11 0 0 0 0 0 0 11 
11 0 0 0 0 0 0 0 0 0 0 0 0 0 0 0 0 0 0 0 0 11 0 11 0 11 0 0 0 0 0 0 0 0 0 0 0 0 0 0 0 0 0 11 11 11 
11 0 0 0 11 11 0 0 0 0 0 11 0 0 0 11 0 0 11 0 0 0 0 0 0 0 0 0 0 0 11 0 0 0 0 0 0 0 0 0 11 0 0 11 0 11 
11 11 15 15 0 0 0 0 0 0 0 0 0 11 11 0 0 11 0 0 0 0 0 0 0 0 0 0 0 0 0 0 0 0 0 0 0 0 11 0 0 0 0 0 0 11 
11 0 11 0 0 11 0 0 0 0 0 0 0 0 11 11 0 0 0 0 0 0 0 0 11 11 0 0 0 0 0 0 0 0 0 0 0 0 0 0 0 0 0 0 11 11 
11 0 0 0 0 0 0 0 0 0 0 0 0 0 0 11 0 0 11 0 11 0 11 0 0 0 0 0 0 0 0 0 0 0 0 0 0 0 0 0 0 0 0 11 11 11 
11 0 0 0 0 0 11 0 0 0 0 0 0 0 0 0 11 0 0 11 11 11 0 11 11 11 0 0 11 0 0 0 11 0 0 0 0 15 0 0 0 0 0 0 0 11 
11 0 0 0 0 0 0 0 0 0 0 0 0 0 0 0 0 0 0 11 0 11 0 0 0 0 0 0 0 0 0 0 0 0 0 0 0 0 11 11 0 0 11 0 0 11 
11 0 0 0 11 0 0 0 0 11 0 11 0 11 0 11 0 0 0 0 0 0 0 0 0 0 0 0 0 0 0 0 0 0 0 0 0 15 0 0 0 0 0 0 0 11 
11 0 0 0 0 0 0 0 0 0 0 0 0 0 0 0 0 11 11 0 0 0 0 0 0 0 0 0 0 0 0 0 0 0 11 0 11 15 11 0 0 11 0 0 11 11 
11 0 0 11 11 11 0 0 0 0 0 0 0 0 11 0 11 0 0 0 0 0 0 0 0 11 11 0 11 0 0 0 0 0 0 0 0 11 11 0 0 0 0 0 0 11 
11 11 0 0 0 0 0 0 0 0 0 0 0 0 11 0 11 11 0 0 0 0 11 11 0 0 0 11 11 0 0 0 0 0 0 11 0 0 11 0 0 0 11 0 0 11 
11 0 0 0 0 0 0 0 0 11 0 0 0 0 0 0 0 0 0 11 0 0 0 0 11 0 0 0 11 0 0 0 11 0 11 11 0 0 0 11 0 11 11 11 11 11 
11 0 11 0 0 11 0 11 0 0 0 0 11 0 0 0 0 0 0 0 0 0 0 0 0 0 0 0 11 0 11 11 0 0 0 0 0 11 0 0 0 0 0 0 0 11 
11 0 0 0 0 0 0 0 11 0 0 0 0 0 0 11 0 0 0 0 0 0 0 0 11 0 0 0 0 0 0 0 0 0 0 0 0 0 0 0 0 0 0 11 0 11 
11 11 11 11 11 11 11 11 11 11 11 11 11 11 11 11 11 11 11 11 11 11 11 11 11 11 11 11 11 11 11 11 11 11 11 11 11 11 11 11 11 11 11 11 11 11 

17387
11 11 11 11 11 11 11 11 11 11 11 11 11 11 11 11 11 11 11 11 11 11 11 11 11 11 11 11 11 11 11 11 11 11 11 11 11 11 11 11 11 11 11 11 11 11 
11 0 0 0 11 0 0 0 0 0 11 0 0 11 0 11 0 0 0 0 11 0 0 0 0 0 0 0 0 0 0 0 0 11 0 11 0 0 0 0 0 0 0 0 11 11 
11 0 0 0 11 0 0 11 0 0 0 11 0 11 0 0 0 0 0 0 11 0 0 0 0 0 0 0 0 11 0 11 0 0 0 0 11 0 0 0 11 0 0 0 11 11 
11 11 0 0 0 0 0 11 0 0 11 0 0 0 11 0 11 0 0 0 0 11 0 0 0 0 0 0 0 0 0 0 0 0 11 0 0 11 0 0 0 11 0 11 0 11 
11 11 0 0 11 0 0 0 0 11 0 0 0 11 0 0 0 0 0 11 0 0 11 0 0 11 0 11 11 0 0 0 0 0 0 0 0 0 0 0 0 0 0 0 11 11 
11 0 0 0 0 0 0 0 0 0 0 0 0 0 11 0 0 0 0 11 0 0 0 0 0 11 0 0 0 0 0 0 11 0 0 0 0 0 0 0 11 0 0 0 0 11 
11 0 0 0 11 0 0 0 0 0 0 11 15 0 0 0 0 0 0 0 0 0 0 0 11 0 0 0 0 0 0 0 11 0 0 0 0 0 0 0 11 0 0 11 0 11 
11 0 0 11 0 0 0 0 0 0 0 0 11 0 0 0 0 0 11 0 0 0 0 0 0 0 0 0 0 0 0 0 0 0 0 0 0 0 11 0 0 0 0 0 11 11 
11 0 0 0 0 0 0 0 11 0 0 0 0 0 0 0 0 0 0 11 0 0 0 0 0 0 0 0 0 11 0 0 0 0 11 11 0 0 0 0 0 0 0 0 0 11 
11 0 0 11 0 0 0 0 0 0 0 0 0 0 0 0 0 0 0 0 0 0 0 0 0 0 11 0 11 0 0 0 0 0 0 0 0 0 0 0 11 0 11 0 0 11 
11 11 0 0 0 0 0 0 0 0 0 11 0 0 0 0 0 11 0 0 0 11 0 0 0 0 0 0 11 0 11 0 0 0 11 0 0 0 0 0 0 0 0 0 0 11 
11 0 0 0 0 0 0 0 0 0 11 11 0 0 0 0 11 0 0 0 0 0 0 0 11 11 11 0 14 0 11 0 11 0 0 0 15 11 11 0 0 0 0 0 0 11 
11 0 0 11 0 0 11 11 0 0 11 0 0 0 0 0 11 11 11 0 0 11 11 0 0 0 0 0 0 0 0 0 11 11 0 0 15 0 0 0 0 0 0 0 0 11 
11 0 0 11 0 0 0 0 11 0 0 0 0 11 0 0 0 0 0 0 0 0 0 11 11 0 0 0 0 11 11 0 11 0 0 11 0 0 0 0 0 0 11 0 0 11 
11 0 0 0 0 0 0 0 0 0 11 0 11 0 0 0 0 11 0 0 0 0 11 11 0 0 11 0 0 0 0 11 0 0 0 0 11 11 0 0 0 0 0 0 11 11 
11 11 0 0 0 0 0 0 15 0 0 11 0 11 0 0 0 0 0 0 0 11 0 11 0 0 0 0 0 0 0 0 0 11 11 0 0 0 0 11 0 0 11 0 11 11 
11 0 0 0 0 0 0 0 0 11 11 0 0 11 0 0 0 0 0 11 0 0 11 11 11 0 0 0 0 0 0 0 11 0 0 0 0 11 11 0 0 0 0 11 0 11 
11 11 0 0 0 11 0 0 0 0 0 0 0 0 11 0 0 0 0 11 0 0 11 0 0 0 11 11 0 0 11 11 11 0 0 0 11 0 0 0 11 11 0 0 0 11 
11 0 11 0 0 0 0 11 0 0 11 0 11 11 0 0 0 0 0 0 0 11 0 0 0 0 0 11 11 0 0 0 0 0 0 0 0 11 0 11 0 0 0 0 0 11 
11 0 0 0 11 0 0 11 0 11 0 0 0 0 0 0 0 11 11 0 0 0 0 0 0 0 0 0 0 11 0 0 0 0 0 0 11 0 0 11 0 0 0 11 0 11 
11 0 11 11 0 11 0 11 11 11 0 0 11 0 0 0 0 0 0 0 0 11 0 11 0 0 0 0 0 11 0 0 0 11 0 0 0 0 0 0 0 0 0 0 0 11 
11 11 11 0 0 11 0 0 0 0 0 0 11 0 0 0 11 11 0 0 0 0 11 0 0 0 11 0 0 0 0 15 0 0 0 0 0 0 11 0 0 0 0 0 0 11 
11 0 0 0 0 0 0 0 0 0 0 0 0 0 0 0 0 0 0 0 0 11 0 11 0 11 0 0 0 0 0 0 0 0 0 0 0 0 0 0 0 0 0 11 11 11 
11 0 0 0 11 11 0 15 0 0 0 11 0 0 0 11 0 0 11 0 0 0 0 0 0 0 0 0 0 0 11 0 0 0 0 0 0 0 0 0 11 0 0 11 0 11 
11 11 0 0 15 0 0 0 0 0 0 0 0 11 11 0 0 11 0 0 0 0 0 0 0 0 0 0 0 0 0 0 0 0 0 0 0 0 11 0 0 0 0 0 0 11 
11 0 11 0 0 11 0 0 0 0 0 0 0 0 11 11 0 0 0 0 0 0 0 0 11 11 0 0 0 0 0 0 0 0 0 0 0 0 0 0 0 0 0 0 11 11 
11 0 0 0 0 0 0 0 0 0 0 0 0 0 0 11 0 0 11 0 11 0 11 0 0 0 0 0 0 0 0 0 0 0 0 0 0 0 0 0 0 0 0 11 11 11 
11 0 0 0 0 0 11 0 0 0 0 0 0 0 0 0 11 0 0 11 11 11 0 11 11 11 0 0 11 0 0 0 11 0 0 0 0 0 0 0 0 0 0 0 0 11 
11 0 0 0 0 0 0 0 0 0 0 0 0 0 0 0 0 0 0 11 0 11 0 0 0 0 0 0 0 0 0 0 0 0 0 0 0 0 11 11 0 0 11 0 0 11 
11 0 0 0 11 0 0 0 0 11 0 11 0 11 0 11 0 0 0 0 0 0 0 0 0 0 0 0 0 0 0 0 0 0 0 15 0 0 0 0 0 0 0 0 0 11 
11 0 0 0 0 0 0 0 0 0 0 0 0 0 0 0 0 11 11 0 0 0 0 0 0 0 0 0 0 0 0 0 0 0 11 15 11 0 11 0 0 11 0 0 11 11 
11 0 0 11 11 11 0 0 0 0 0 0 0 0 11 0 11 0 0 0 0 0 0 0 0 11 11 0 11 0 0 0 0 0 0 0 0 11 11 0 0 0 0 0 0 11 
11 11 0 0 0 0 0 0 0 0 0 0 0 0 11 0 11 11 0 0 0 0 11 11 0 0 0 11 11 0 0 0 0 0 0 11 0 0 11 0 0 0 11 0 0 11 
11 0 0 0 0 0 0 0 0 11 0 0 0 0 0 0 0 0 0 11 0 0 0 0 11 0 0 0 11 0 0 0 11 0 11 11 0 0 0 11 0 11 11 11 11 11 
11 0 11 0 0 11 0 11 0 0 0 0 11 0 0 0 0 0 0 0 0 0 0 0 0 0 0 0 11 0 11 11 0 0 0 0 0 11 0 0 0 0 0 0 0 11 
11 0 0 0 0 0 0 0 11 0 0 0 0 0 0 11 0 0 0 0 0 0 0 0 11 0 0 0 0 0 0 0 0 0 0 0 0 0 0 0 0 0 0 11 0 11 
11 11 11 11 11 11 11 11 11 11 11 11 11 11 11 11 11 11 11 11 11 11 11 11 11 11 11 11 11 11 11 11 11 11 11 11 11 11 11 11 11 11 11 11 11 11 

17456
11 11 11 11 11 11 11 11 11 11 11 11 11 11 11 11 11 11 11 11 11 11 11 11 11 11 11 11 11 11 11 11 11 11 11 11 11 11 11 11 11 11 11 11 11 11 
11 0 0 0 11 0 0 0 0 0 11 0 0 11 0 11 0 0 0 0 11 0 0 0 0 0 11 0 0 0 0 0 0 11 0 11 0 0 0 0 0 0 0 0 11 11 
11 0 0 0 11 0 0 11 0 0 0 11 11 11 0 0 0 0 0 0 11 0 0 0 0 0 0 0 0 11 0 11 0 0 0 0 11 0 0 0 11 11 0 0 11 11 
11 11 0 0 0 0 0 11 0 0 11 0 0 0 11 0 11 0 0 0 0 11 0 0 0 0 0 0 0 0 0 0 0 0 11 0 0 0 0 0 0 11 0 11 0 11 
11 11 0 0 11 0 0 0 0 0 0 0 0 11 0 0 0 0 0 11 0 0 11 0 0 11 0 11 11 0 0 0 0 0 0 0 0 0 0 0 0 0 0 0 11 11 
11 0 0 0 0 11 0 0 0 0 0 0 0 0 11 0 0 0 0 11 0 0 0 0 0 11 0 0 0 0 0 0 11 0 0 0 0 0 0 0 11 0 0 0 0 11 
11 0 0 0 11 0 0 0 0 0 0 11 0 0 0 0 0 0 0 0 0 0 0 0 11 0 0 0 0 0 0 0 11 0 0 0 0 0 0 0 11 0 0 0 0 11 
11 0 0 11 0 0 0 0 0 0 0 0 11 0 0 0 0 15 11 0 0 0 0 0 0 0 0 0 0 0 0 0 0 0 0 0 0 0 11 0 0 0 0 0 11 11 
11 0 0 0 0 0 0 0 11 0 0 0 0 0 0 0 0 0 0 11 0 0 0 0 0 0 0 0 0 11 0 0 0 0 11 0 0 0 0 0 0 0 0 0 0 11 
11 0 0 11 0 0 0 0 0 0 0 0 0 0 0 0 0 0 0 0 0 0 0 0 0 0 11 0 11 0 0 0 0 0 0 0 0 0 0 0 11 0 11 0 0 11 
11 11 0 0 0 0 0 0 0 0 0 11 0 0 0 0 0 11 0 0 0 11 0 0 0 0 0 0 11 0 11 0 0 0 11 0 0 0 0 0 0 0 0 0 0 11 
11 0 0 0 0 0 0 0 0 11 11 0 0 0 0 0 11 0 0 0 0 0 0 0 11 11 11 11 0 0 11 0 11 0 0 0 0 11 11 0 0 0 0 0 0 11 
11 0 0 11 0 0 11 11 0 0 11 0 0 0 0 0 11 11 11 0 0 11 0 0 0 0 0 0 0 0 0 0 11 11 0 0 0 0 0 0 0 0 0 0 0 11 
11 0 0 11 0 0 0 0 11 0 11 0 0 11 0 0 0 0 0 0 0 0 0 11 11 0 0 0 0 11 11 15 11 0 0 11 0 0 0 0 0 0 11 0 0 11 
11 0 0 0 0 0 0 0 0 0 11 0 11 0 0 0 0 11 0 0 0 0 11 11 0 0 11 0 0 0 0 11 0 0 0 15 11 11 0 0 0 0 0 0 11 11 
11 11 0 0 0 0 0 11 0 0 0 11 0 11 0 0 0 0 0 0 0 11 0 11 0 0 0 0 0 0 0 0 0 11 11 0 0 0 0 11 0 0 0 0 11 11 
11 0 0 0 0 0 0 0 15 11 11 0 0 11 0 0 0 0 0 11 0 0 11 11 11 0 0 0 0 0 0 0 11 0 0 0 0 11 11 0 0 0 0 11 0 11 
11 11 0 0 0 11 0 0 0 0 0 0 0 0 11 0 0 0 0 11 0 0 11 0 0 0 11 11 0 0 11 11 11 0 0 0 11 0 0 0 11 11 11 0 0 11 
11 0 11 0 0 0 0 11 0 0 11 0 11 11 0 0 0 0 0 0 0 11 0 0 0 0 0 11 11 0 0 0 0 0 0 0 0 11 0 11 0 0 0 0 0 11 
11 0 0 0 11 0 0 11 0 11 0 0 0 0 0 0 0 11 11 0 0 0 0 0 0 0 0 0 0 11 0 0 0 0 0 0 11 0 0 0 0 0 0 11 0 11 
11 0 11 11 0 11 0 11 11 11 0 0 0 0 0 0 0 0 0 0 0 11 0 11 0 0 0 0 0 11 0 0 0 11 0 0 0 0 0 0 0 0 0 0 0 11 
11 11 11 0 0 11 0 0 0 0 0 0 11 0 0 0 11 11 0 0 0 0 11 0 0 0 11 0 0 15 0 0 0 0 0 0 0 0 11 0 0 0 0 0 0 11 
11 0 0 0 0 0 15 0 0 0 0 0 0 0 0 0 0 0 0 0 0 11 0 11 0 11 0 0 0 0 0 0 0 0 0 0 0 0 0 0 0 0 0 11 11 11 
11 0 0 0 11 11 0 0 0 0 0 11 0 0 0 11 0 0 11 0 0 0 0 0 0 0 0 0 0 0 11 0 0 0 0 0 0 0 0 0 11 0 0 11 0 11 
11 11 0 0 0 0 0 0 0 0 0 0 0 11 11 0 0 11 0 0 0 0 0 0 0 0 0 0 0 0 0 0 0 0 0 0 0 0 11 0 0 0 0 0 0 11 
11 0 11 0 0 0 15 0 0 0 0 0 0 0 11 11 0 0 0 0 0 0 0 0 11 11 0 0 0 0 0 0 0 0 0 0 0 0 0 0 0 0 0 0 11 11 
11 0 0 0 0 0 0 0 11 0 0 0 0 11 0 11 0 0 11 0 0 0 11 0 0 0 0 0 0 0 0 0 0 0 0 0 0 0 0 0 0 0 0 11 11 11 
11 0 0 0 0 0 11 0 0 0 0 0 0 0 0 0 11 0 0 11 0 11 0 11 11 11 0 0 11 0 0 0 11 0 0 0 0 0 0 0 0 0 0 0 0 11 
11 0 0 0 0 0 0 0 0 0 0 0 0 0 0 0 0 0 0 11 0 11 0 0 0 11 0 0 0 0 0 0 0 0 0 0 0 15 11 0 0 0 0 0 0 11 
11 0 0 0 11 0 0 0 0 11 0 11 0 11 0 11 0 0 0 0 0 0 0 0 0 0 0 0 0 0 0 0 0 0 11 0 0 0 0 0 0 0 0 0 0 11 
11 0 0 0 0 0 0 11 0 0 0 0 0 0 0 0 0 11 11 0 0 0 0 0 0 0 0 0 0 0 0 0 0 0 11 15 11 0 11 0 0 11 0 0 11 11 
11 0 0 11 0 11 0 0 0 0 0 0 0 0 11 0 11 0 0 0 0 0 0 0 0 11 11 0 11 0 0 0 0 0 0 0 0 11 11 11 11 0 0 0 0 11 
11 11 0 0 0 0 11 0 0 0 0 0 0 0 11 0 11 11 0 0 0 0 11 11 0 0 0 11 11 0 0 0 0 0 0 0 0 0 11 0 0 0 11 0 0 11 
11 0 0 0 0 0 0 0 0 11 0 0 0 0 0 0 0 0 0 11 0 0 0 0 11 0 0 0 11 0 0 0 11 0 11 11 0 0 0 11 0 11 0 11 11 11 
11 0 11 0 0 11 0 11 0 0 0 0 11 0 0 11 0 11 0 0 0 0 0 0 0 0 0 0 0 0 11 11 0 0 0 0 0 11 0 0 0 0 0 0 0 11 
11 0 0 0 0 0 0 0 11 0 0 0 0 0 0 11 0 0 0 0 0 0 0 0 11 0 0 0 0 0 0 0 0 0 0 0 0 0 0 0 0 0 0 11 0 11 
11 11 11 11 11 11 11 11 11 11 11 11 11 11 11 11 11 11 11 11 11 11 11 11 11 11 11 11 11 11 11 11 11 11 11 11 11 11 11 11 11 11 11 11 11 11 

17358
11 11 11 11 11 11 11 11 11 11 11 11 11 11 11 11 11 11 11 11 11 11 11 11 11 11 11 11 11 11 11 11 11 11 11 11 11 11 11 11 11 11 11 11 11 11 
11 0 0 0 11 0 0 0 0 0 11 0 0 11 0 11 0 0 0 0 11 0 0 0 0 0 11 0 0 0 0 0 0 11 0 11 0 0 0 0 0 0 0 0 11 11 
11 0 0 0 11 0 0 11 0 0 0 11 11 11 0 0 0 0 0 0 11 0 0 0 0 0 0 0 0 11 0 11 0 0 0 0 11 0 0 0 11 11 0 0 11 11 
11 11 0 0 0 0 0 11 0 0 11 0 0 0 11 0 11 0 0 0 0 11 0 0 0 0 0 0 0 0 0 0 0 0 11 0 0 0 0 0 0 11 0 11 0 11 
11 11 0 0 11 0 0 0 0 0 0 0 0 11 0 0 0 0 0 11 0 0 11 0 0 11 0 11 11 0 0 0 0 0 0 0 0 0 0 0 0 0 0 0 11 11 
11 0 0 0 0 11 0 0 0 0 0 15 0 0 11 0 0 0 0 11 0 0 0 0 0 11 0 0 0 0 0 0 11 0 0 0 0 0 0 0 11 0 0 0 0 11 
11 0 0 0 11 0 0 0 0 0 0 11 0 0 0 0 0 0 0 0 0 0 0 0 11 0 0 0 0 0 0 0 11 0 0 0 0 0 0 0 11 0 0 0 0 11 
11 0 0 11 0 0 0 0 0 0 0 0 11 0 0 0 0 0 11 0 0 0 0 0 0 0 0 0 0 0 0 0 0 0 0 0 0 0 11 0 0 0 0 0 11 11 
11 0 0 0 0 0 0 0 11 0 0 0 0 0 0 0 0 0 0 11 0 0 0 0 0 0 0 0 0 11 0 0 0 0 11 0 0 0 0 0 0 0 0 0 0 11 
11 0 0 11 0 0 0 0 0 0 0 0 0 0 0 0 0 0 0 0 0 0 0 0 0 0 11 0 11 0 0 0 0 0 0 0 0 0 0 0 11 0 11 0 0 11 
11 11 0 0 0 0 0 0 0 0 0 11 0 0 0 0 0 11 0 0 0 11 0 0 0 0 0 0 11 0 11 0 0 0 11 0 0 0 0 0 0 0 0 0 0 11 
11 0 0 0 0 0 0 0 0 11 11 0 0 0 0 0 11 0 0 0 0 15 0 0 11 11 11 11 0 0 11 0 11 0 0 0 0 11 11 0 0 0 0 0 0 11 
11 0 0 11 0 0 11 11 0 0 11 0 0 0 0 0 11 11 11 0 0 11 0 0 0 0 0 0 0 0 0 0 11 11 0 0 15 0 0 0 0 0 0 0 0 11 
11 0 0 11 0 0 0 0 11 0 11 0 0 11 0 0 0 0 0 0 0 0 0 11 11 0 0 0 0 11 11 0 11 0 0 11 0 0 0 0 0 0 11 0 0 11 
11 0 0 0 0 0 0 0 0 0 11 0 11 0 0 0 0 11 0 0 0 0 11 11 0 0 11 0 0 0 0 11 0 0 0 15 11 11 0 0 0 0 0 0 11 11 
11 11 0 0 0 0 0 11 0 0 0 11 0 11 0 0 0 0 0 0 0 11 0 11 0 0 0 0 0 0 0 0 0 11 11 0 0 0 0 11 0 0 0 0 11 11 
11 0 0 0 0 0 0 0 0 11 11 0 0 11 0 0 0 0 0 11 0 0 11 11 11 0 0 0 0 0 0 0 11 0 0 0 0 11 11 0 0 0 0 11 0 11 
11 11 0 0 0 11 0 0 0 0 0 0 0 0 11 0 0 0 0 11 0 0 11 0 0 0 11 11 0 0 11 11 11 0 0 0 11 0 0 0 11 11 11 0 0 11 
11 0 11 0 0 0 0 11 0 0 11 0 11 11 0 0 0 0 0 0 0 11 0 0 0 0 0 11 11 0 0 0 0 0 0 0 0 11 0 11 0 0 0 0 0 11 
11 0 0 0 11 0 0 11 0 11 0 0 0 0 0 0 0 11 11 0 0 0 0 0 0 0 0 0 0 11 0 0 0 0 0 0 11 0 0 0 0 0 0 11 0 11 
11 0 11 11 0 11 0 11 11 11 0 0 0 0 0 0 0 0 0 0 0 11 0 11 0 0 0 0 0 11 14 0 0 11 0 0 0 0 0 0 0 0 0 0 0 11 
11 11 11 0 0 11 15 0 0 0 0 0 11 0 0 0 11 11 0 0 0 0 11 0 0 0 11 0 0 0 0 0 0 0 0 0 0 0 11 0 0 0 0 0 0 11 
11 0 0 0 0 0 0 0 0 0 0 0 0 0 0 0 0 0 0 0 0 11 0 11 0 11 0 0 0 0 0 0 0 0 0 0 0 0 0 0 0 0 0 11 11 11 
11 0 0 0 11 11 0 15 0 0 0 11 0 0 0 11 0 0 11 0 0 0 0 0 0 0 0 0 0 0 11 0 0 0 0 0 0 0 0 0 11 0 0 11 0 11 
11 11 0 0 0 0 0 0 0 0 0 0 0 11 11 0 0 11 0 0 0 0 0 0 0 0 0 0 0 0 0 0 0 0 0 0 0 0 11 0 0 0 0 0 0 11 
11 0 11 0 0 0 0 0 0 0 0 0 0 0 11 11 0 0 0 0 0 0 0 0 11 11 0 0 0 0 0 0 0 0 0 0 0 0 0 0 0 0 0 0 11 11 
11 0 0 0 0 0 0 0 0 0 0 0 0 11 0 11 0 0 11 0 0 0 11 0 0 0 0 0 0 0 0 0 0 0 0 0 0 0 0 0 0 0 0 11 11 11 
11 0 0 0 0 0 11 0 0 0 0 0 0 0 0 0 11 0 0 11 0 11 0 11 11 11 0 0 11 0 0 0 11 0 0 0 0 0 0 0 0 0 0 0 0 11 
11 0 0 0 0 0 0 0 0 0 0 0 0 0 0 0 0 0 0 11 0 11 0 0 0 11 0 0 0 0 0 0 0 0 0 0 0 15 11 0 0 0 0 0 0 11 
11 0 0 0 11 0 0 0 0 11 0 11 0 11 0 11 0 0 0 0 0 0 0 0 0 0 0 0 0 0 0 0 0 0 11 0 0 13 0 0 0 0 0 0 0 11 
11 0 0 0 0 0 0 11 0 0 0 0 0 0 0 0 0 11 11 0 0 0 0 0 0 0 0 0 0 0 0 0 0 0 11 15 11 0 11 0 0 11 0 0 11 11 
11 0 0 11 0 11 11 0 0 0 0 0 0 0 11 0 11 0 0 0 0 0 0 0 0 11 11 0 11 0 0 0 0 0 0 0 0 11 11 11 11 0 0 0 0 11 
11 11 0 0 0 0 11 0 0 0 0 0 0 0 11 0 11 11 0 0 0 0 11 11 0 0 0 11 11 0 0 0 0 0 0 0 0 0 11 0 0 0 11 0 0 11 
11 0 0 0 0 0 0 0 0 11 0 0 0 0 0 0 0 0 0 11 0 0 0 0 11 0 0 0 11 0 0 0 11 0 11 11 0 0 0 11 0 11 0 11 11 11 
11 0 11 0 0 11 0 11 0 0 0 0 11 0 0 11 0 11 0 0 0 0 0 0 0 0 0 0 0 0 11 11 0 0 0 0 0 11 0 0 0 0 0 0 0 11 
11 0 0 0 0 0 0 0 11 0 0 0 0 0 0 11 0 0 0 0 0 0 0 0 11 0 0 0 0 0 0 0 0 0 0 0 0 0 0 0 0 0 0 11 0 11 
11 11 11 11 11 11 11 11 11 11 11 11 11 11 11 11 11 11 11 11 11 11 11 11 11 11 11 11 11 11 11 11 11 11 11 11 11 11 11 11 11 11 11 11 11 11 

17347
11 11 11 11 11 11 11 11 11 11 11 11 11 11 11 11 11 11 11 11 11 11 11 11 11 11 11 11 11 11 11 11 11 11 11 11 11 11 11 11 11 11 11 11 11 11 
11 0 0 0 11 0 0 0 0 0 11 0 0 11 0 11 0 0 0 0 11 0 0 0 0 0 11 0 0 0 0 0 0 11 0 11 0 0 0 0 0 0 0 0 11 11 
11 0 0 0 11 0 0 11 0 0 0 11 11 11 0 0 0 0 0 0 11 0 0 0 0 0 0 0 0 11 0 11 0 0 0 0 11 0 0 0 11 11 0 0 11 11 
11 11 0 0 0 0 0 11 0 0 11 0 0 0 11 0 11 0 0 0 0 11 0 0 0 0 0 0 0 0 0 0 0 0 11 0 0 0 0 0 0 11 0 11 0 11 
11 11 0 0 11 0 0 0 0 0 0 0 0 11 0 0 0 0 0 11 0 0 11 0 0 11 0 11 11 0 0 0 0 0 0 0 0 0 0 0 0 0 0 0 11 11 
11 0 0 0 0 11 0 0 0 0 0 0 0 0 11 0 0 0 0 11 0 0 0 0 0 11 0 0 0 0 0 0 11 0 0 0 0 0 0 0 11 0 0 0 0 11 
11 0 0 0 11 0 0 0 0 0 0 11 0 0 0 0 0 0 0 0 0 0 0 0 11 0 0 0 0 0 0 0 11 0 0 0 0 0 0 0 11 0 0 0 0 11 
11 0 0 11 0 0 0 0 0 0 0 0 11 0 0 0 0 0 11 0 0 0 0 0 0 0 0 0 0 0 0 0 0 0 0 0 0 0 11 0 0 0 0 0 11 11 
11 0 0 0 0 0 0 0 11 0 0 0 0 0 0 15 0 0 0 11 0 0 0 0 0 0 0 0 0 11 0 0 0 0 11 0 0 0 0 0 0 0 0 0 0 11 
11 0 0 11 0 0 0 0 0 0 0 0 0 0 0 0 0 0 0 0 0 0 0 0 0 0 11 0 11 0 0 0 0 0 0 0 0 0 0 0 11 0 11 0 0 11 
11 11 0 0 0 0 0 0 0 0 0 11 0 0 0 0 0 11 0 0 0 11 0 0 0 0 0 0 11 0 11 0 0 0 11 0 0 0 0 0 0 0 0 0 0 11 
11 0 0 0 0 0 0 0 0 11 11 0 0 0 0 0 11 0 0 0 0 0 0 0 11 11 11 11 0 0 11 0 11 0 0 0 0 11 11 0 0 0 0 0 0 11 
11 0 0 11 0 0 11 11 0 0 11 0 0 0 0 0 11 11 11 0 0 11 0 0 0 0 0 0 0 15 14 0 11 11 0 0 0 0 0 0 0 0 0 0 0 11 
11 0 0 11 0 0 0 0 11 0 11 0 0 11 0 0 0 0 0 0 0 0 0 11 11 0 0 0 0 11 11 0 11 0 0 11 0 0 0 0 0 0 11 0 0 11 
11 0 0 0 0 0 0 0 0 0 11 0 11 0 0 0 0 11 0 0 0 0 11 11 0 0 11 0 0 0 0 11 0 0 0 0 11 11 0 0 0 0 0 0 11 11 
11 11 0 0 0 0 0 11 0 0 0 11 0 11 0 0 0 0 0 0 0 11 0 11 0 0 0 0 0 0 0 0 0 11 11 0 0 0 0 11 0 0 0 0 11 11 
11 0 0 0 0 0 0 0 0 11 11 0 0 11 0 0 0 0 0 11 0 0 11 11 11 0 0 0 0 0 0 0 11 0 0 0 0 11 11 0 0 0 0 11 0 11 
11 11 0 0 0 11 15 0 0 0 0 0 0 0 11 0 0 0 0 11 0 0 11 0 0 0 11 11 0 0 11 11 11 0 0 0 11 0 0 15 11 11 11 0 0 11 
11 0 11 0 0 0 0 11 0 0 11 0 11 11 0 0 0 0 0 0 0 11 0 0 0 0 0 11 11 0 0 0 0 0 0 0 0 11 0 11 0 0 0 0 0 11 
11 0 0 0 11 0 0 11 0 11 0 0 0 0 0 0 0 11 11 0 0 0 0 0 0 0 0 0 0 11 0 0 0 0 0 0 11 0 0 0 0 0 0 11 0 11 
11 0 11 11 0 11 0 11 11 11 0 0 0 0 0 0 0 0 0 0 0 11 0 11 0 0 0 0 0 11 0 0 0 11 0 0 0 0 0 0 0 0 0 0 0 11 
11 11 11 0 0 11 0 0 0 0 0 0 11 0 0 0 11 11 0 0 0 0 11 0 0 0 11 0 0 0 0 0 0 0 0 0 0 0 11 0 0 0 0 0 0 11 
11 0 0 0 0 0 0 0 0 0 0 0 0 0 0 0 0 0 0 0 0 11 0 11 0 11 0 0 0 0 0 0 0 0 0 0 0 0 0 0 0 0 0 11 11 11 
11 0 0 0 11 11 0 0 0 0 0 11 0 0 0 11 0 0 11 0 0 0 0 0 0 0 0 0 0 0 11 0 0 0 0 0 0 0 0 0 11 0 0 11 0 11 
11 11 0 15 0 0 0 0 0 0 0 0 0 11 11 0 0 11 0 0 0 0 0 0 0 0 0 0 0 0 0 0 0 0 0 0 0 0 11 0 0 0 0 0 0 11 
11 0 11 0 0 0 0 0 0 0 0 0 0 0 11 11 0 0 0 0 0 0 0 0 11 11 0 0 0 0 0 0 0 0 0 0 0 0 0 0 0 0 0 0 11 11 
11 0 0 0 0 0 0 0 0 0 0 0 0 11 0 11 0 0 11 0 0 0 11 0 0 0 0 0 0 0 0 0 0 0 0 0 0 0 0 0 0 0 0 11 11 11 
11 0 0 0 0 0 11 0 15 0 0 0 0 0 0 0 11 0 0 11 0 11 0 11 11 11 0 0 11 0 0 0 11 0 0 0 0 0 15 0 0 0 0 0 0 11 
11 0 0 0 0 0 0 0 0 0 0 0 0 0 0 0 0 0 0 11 0 11 0 0 0 11 0 0 0 0 0 0 0 0 0 0 0 0 11 0 0 0 0 0 0 11 
11 0 0 0 11 0 0 0 0 11 0 11 0 11 0 11 0 0 0 0 0 0 0 0 0 0 0 0 0 0 0 0 0 0 11 0 0 0 0 0 0 0 0 0 0 11 
11 0 0 0 0 0 0 11 0 0 0 0 0 0 0 0 0 11 11 0 0 0 0 0 0 0 0 0 0 0 0 0 0 0 11 15 11 0 11 0 0 11 0 0 11 11 
11 0 0 11 0 11 0 0 0 0 0 0 0 0 11 0 11 0 0 0 0 0 0 0 0 11 11 0 11 0 0 0 0 0 0 0 0 11 11 11 11 14 0 0 0 11 
11 11 0 0 0 0 11 0 0 0 0 0 0 0 11 0 11 11 0 0 0 0 11 11 0 0 0 11 11 0 0 0 0 0 0 0 0 0 11 0 0 0 11 0 0 11 
11 0 0 0 0 0 0 0 0 11 0 0 0 0 0 0 0 0 0 11 0 0 0 0 11 0 0 0 11 0 0 0 11 0 11 11 0 0 0 11 0 11 0 11 11 11 
11 0 11 0 0 11 0 11 0 0 0 0 11 0 0 11 0 11 0 0 0 0 0 0 0 0 0 0 0 0 11 11 0 0 0 0 0 11 0 0 0 0 0 0 0 11 
11 0 0 0 0 0 0 0 11 0 0 0 0 0 0 11 0 0 0 0 0 0 0 0 11 0 0 0 0 0 0 0 0 0 0 0 0 0 0 0 0 0 0 11 0 11 
11 11 11 11 11 11 11 11 11 11 11 11 11 11 11 11 11 11 11 11 11 11 11 11 11 11 11 11 11 11 11 11 11 11 11 11 11 11 11 11 11 11 11 11 11 11 

17347
11 11 11 11 11 11 11 11 11 11 11 11 11 11 11 11 11 11 11 11 11 11 11 11 11 11 11 11 11 11 11 11 11 11 11 11 11 11 11 11 11 11 11 11 11 11 
11 0 0 0 11 0 0 0 0 0 11 0 0 11 0 11 0 0 0 0 11 0 0 0 0 0 11 0 0 0 0 0 0 11 0 11 0 0 0 0 0 0 0 0 11 11 
11 0 0 0 11 0 0 11 0 0 0 11 11 11 0 0 0 0 0 0 11 0 0 0 0 0 0 0 0 11 0 11 0 0 0 0 11 0 0 0 11 11 0 0 11 11 
11 11 0 0 0 0 0 11 0 0 11 0 0 0 11 0 11 0 0 0 0 11 0 0 0 0 0 0 0 0 0 0 0 0 11 0 0 0 0 0 0 11 0 11 0 11 
11 11 0 0 11 0 0 0 0 0 0 0 0 11 0 0 0 0 0 11 0 0 11 0 0 11 0 11 11 0 0 0 0 0 0 0 0 0 0 0 0 0 0 0 11 11 
11 0 0 0 0 11 0 0 0 0 0 0 0 0 11 0 0 0 0 11 0 0 0 0 0 11 0 0 0 0 0 0 11 0 0 0 0 0 0 0 11 0 0 0 0 11 
11 0 0 0 11 0 0 0 0 0 0 11 0 0 0 0 0 0 0 0 0 0 0 0 11 0 0 0 0 0 0 0 11 0 0 0 0 0 0 0 11 0 0 0 0 11 
11 0 0 11 0 0 0 0 0 0 0 0 11 0 0 0 0 0 11 0 0 0 0 0 0 0 0 0 0 0 0 0 0 0 0 0 0 0 11 0 0 0 0 0 11 11 
11 0 0 0 0 0 0 0 11 0 0 0 0 0 0 15 0 0 0 11 0 0 0 0 0 0 0 0 0 11 0 0 0 0 11 0 0 0 0 0 0 0 0 0 0 11 
11 0 0 11 0 0 0 0 0 0 0 0 0 0 0 0 0 0 0 0 0 0 0 0 0 0 11 0 11 0 0 0 0 0 0 0 0 0 0 0 11 0 11 0 0 11 
11 11 0 0 0 0 0 0 0 0 0 11 0 0 0 0 0 11 0 0 0 11 0 0 0 0 0 0 11 0 11 0 0 0 11 0 0 0 0 0 0 0 0 0 0 11 
11 0 0 0 0 0 0 0 0 11 11 0 0 0 0 0 11 0 0 0 0 0 0 0 11 11 11 11 0 0 11 0 11 0 0 0 0 11 11 0 0 0 0 0 0 11 
11 0 0 11 0 0 11 11 0 0 11 0 0 0 0 0 11 11 11 0 0 11 0 0 0 0 0 0 0 15 14 0 11 11 0 0 0 0 0 0 0 0 0 0 0 11 
11 0 0 11 0 0 0 0 11 0 11 0 0 11 0 0 0 0 0 0 0 0 0 11 11 0 0 0 0 11 11 0 11 0 0 11 0 0 0 0 0 0 11 0 0 11 
11 0 0 0 0 0 0 0 0 0 11 0 11 0 0 0 0 11 0 0 0 0 11 11 0 0 11 0 0 0 0 11 0 0 0 0 11 11 0 0 0 0 0 0 11 11 
11 11 0 0 0 0 0 11 0 0 0 11 0 11 0 0 0 0 0 0 0 11 0 11 0 0 0 0 0 0 0 0 0 11 11 0 0 0 0 11 0 0 0 0 11 11 
11 0 0 0 0 0 0 0 0 11 11 0 0 11 0 0 0 0 0 11 0 0 11 11 11 0 0 0 0 0 0 0 11 0 0 0 0 11 11 0 0 0 0 11 0 11 
11 11 0 0 0 11 15 0 0 0 0 0 0 0 11 0 0 0 0 11 0 0 11 0 0 0 11 11 0 0 11 11 11 0 0 0 11 0 0 15 11 11 11 0 0 11 
11 0 11 0 0 0 0 11 0 0 11 0 11 11 0 0 0 0 0 0 0 11 0 0 0 0 0 11 11 0 0 0 0 0 0 0 0 11 0 11 0 0 0 0 0 11 
11 0 0 0 11 0 0 11 0 11 0 0 0 0 0 0 0 11 11 0 0 0 0 0 0 0 0 0 0 11 0 0 0 0 0 0 11 0 0 0 0 0 0 11 0 11 
11 0 11 11 0 11 0 11 11 11 0 0 0 0 0 0 0 0 0 0 0 11 0 11 0 0 0 0 0 11 0 0 0 11 0 0 0 0 0 0 0 0 0 0 0 11 
11 11 11 0 0 11 0 0 0 0 0 0 11 0 0 0 11 11 0 0 0 0 11 0 0 0 11 0 0 0 0 0 0 0 0 0 0 0 11 0 0 0 0 0 0 11 
11 0 0 0 0 0 0 0 0 0 0 0 0 0 0 0 0 0 0 0 0 11 0 11 0 11 0 0 0 0 0 0 0 0 0 0 0 0 0 0 0 0 0 11 11 11 
11 0 0 0 11 11 0 0 0 0 0 11 0 0 0 11 0 0 11 0 0 0 0 0 0 0 0 0 0 0 11 0 0 0 0 0 0 0 0 0 11 0 0 11 0 11 
11 11 0 15 0 0 0 0 0 0 0 0 0 11 11 0 0 11 0 0 0 0 0 0 0 0 0 0 0 0 0 0 0 0 0 0 0 0 11 0 0 0 0 0 0 11 
11 0 11 0 0 0 0 0 0 0 0 0 0 0 11 11 0 0 0 0 0 0 0 0 11 11 0 0 0 0 0 0 0 0 0 0 0 0 0 0 0 0 0 0 11 11 
11 0 0 0 0 0 0 0 0 0 0 0 0 11 0 11 0 0 11 0 0 0 11 0 0 0 0 0 0 0 0 0 0 0 0 0 0 0 0 0 0 0 0 11 11 11 
11 0 0 0 0 0 11 0 15 0 0 0 0 0 0 0 11 0 0 11 0 11 0 11 11 11 0 0 11 0 0 0 11 0 0 0 0 0 15 0 0 0 0 0 0 11 
11 0 0 0 0 0 0 0 0 0 0 0 0 0 0 0 0 0 0 11 0 11 0 0 0 11 0 0 0 0 0 0 0 0 0 0 0 0 11 0 0 0 0 0 0 11 
11 0 0 0 11 0 0 0 0 11 0 11 0 11 0 11 0 0 0 0 0 0 0 0 0 0 0 0 0 0 0 0 0 0 11 0 0 0 0 0 0 0 0 0 0 11 
11 0 0 0 0 0 0 11 0 0 0 0 0 0 0 0 0 11 11 0 0 0 0 0 0 0 0 0 0 0 0 0 0 0 11 15 11 0 11 0 0 11 0 0 11 11 
11 0 0 11 0 11 0 0 0 0 0 0 0 0 11 0 11 0 0 0 0 0 0 0 0 11 11 0 11 0 0 0 0 0 0 0 0 11 11 11 11 14 0 0 0 11 
11 11 0 0 0 0 11 0 0 0 0 0 0 0 11 0 11 11 0 0 0 0 11 11 0 0 0 11 11 0 0 0 0 0 0 0 0 0 11 0 0 0 11 0 0 11 
11 0 0 0 0 0 0 0 0 11 0 0 0 0 0 0 0 0 0 11 0 0 0 0 11 0 0 0 11 0 0 0 11 0 11 11 0 0 0 11 0 11 0 11 11 11 
11 0 11 0 0 11 0 11 0 0 0 0 11 0 0 11 0 11 0 0 0 0 0 0 0 0 0 0 0 0 11 11 0 0 0 0 0 11 0 0 0 0 0 0 0 11 
11 0 0 0 0 0 0 0 11 0 0 0 0 0 0 11 0 0 0 0 0 0 0 0 11 0 0 0 0 0 0 0 0 0 0 0 0 0 0 0 0 0 0 11 0 11 
11 11 11 11 11 11 11 11 11 11 11 11 11 11 11 11 11 11 11 11 11 11 11 11 11 11 11 11 11 11 11 11 11 11 11 11 11 11 11 11 11 11 11 11 11 11 

17347
11 11 11 11 11 11 11 11 11 11 11 11 11 11 11 11 11 11 11 11 11 11 11 11 11 11 11 11 11 11 11 11 11 11 11 11 11 11 11 11 11 11 11 11 11 11 
11 0 0 0 11 0 0 0 0 0 11 0 0 11 0 11 0 0 0 0 11 0 0 0 0 0 11 0 0 0 0 0 0 11 0 11 0 0 0 0 0 0 0 0 11 11 
11 0 0 0 11 0 0 11 0 0 0 11 11 11 0 0 0 0 0 0 11 0 0 0 0 0 0 0 0 11 0 11 0 0 0 0 11 0 0 0 11 11 0 0 11 11 
11 11 0 0 0 0 0 11 0 0 11 0 0 0 11 0 11 0 0 0 0 11 0 0 0 0 0 0 0 0 0 0 0 0 11 0 0 0 0 0 0 11 0 11 0 11 
11 11 0 0 11 0 0 0 0 0 0 0 0 11 0 0 0 0 0 11 0 0 11 0 0 11 0 11 11 0 0 0 0 0 0 0 0 0 0 0 0 0 0 0 11 11 
11 0 0 0 0 11 0 0 0 0 0 0 0 0 11 0 0 0 0 11 0 0 0 0 0 11 0 0 0 0 0 0 11 0 0 0 0 0 0 0 11 0 0 0 0 11 
11 0 0 0 11 0 0 0 0 0 0 11 0 0 0 0 0 0 0 0 0 0 0 0 11 0 0 0 0 0 0 0 11 0 0 0 0 0 0 0 11 0 0 0 0 11 
11 0 0 11 0 0 0 0 0 0 0 0 11 0 0 0 0 0 11 0 0 0 0 0 0 0 0 0 0 0 0 0 0 0 0 0 0 0 11 0 0 0 0 0 11 11 
11 0 0 0 0 0 0 0 11 0 0 0 0 0 0 15 0 0 0 11 0 0 0 0 0 0 0 0 0 11 0 0 0 0 11 0 0 0 0 0 0 0 0 0 0 11 
11 0 0 11 0 0 0 0 0 0 0 0 0 0 0 0 0 0 0 0 0 0 0 0 0 0 11 0 11 0 0 0 0 0 0 0 0 0 0 0 11 0 11 0 0 11 
11 11 0 0 0 0 0 0 0 0 0 11 0 0 0 0 0 11 0 0 0 11 0 0 0 0 0 0 11 0 11 0 0 0 11 0 0 0 0 0 0 0 0 0 0 11 
11 0 0 0 0 0 0 0 0 11 11 0 0 0 0 0 11 0 0 0 0 0 0 0 11 11 11 11 0 0 11 0 11 0 0 0 0 11 11 0 0 0 0 0 0 11 
11 0 0 11 0 0 11 11 0 0 11 0 0 0 0 0 11 11 11 0 0 11 0 0 0 0 0 0 0 15 14 0 11 11 0 0 0 0 0 0 0 0 0 0 0 11 
11 0 0 11 0 0 0 0 11 0 11 0 0 11 0 0 0 0 0 0 0 0 0 11 11 0 0 0 0 11 11 0 11 0 0 11 0 0 0 0 0 0 11 0 0 11 
11 0 0 0 0 0 0 0 0 0 11 0 11 0 0 0 0 11 0 0 0 0 11 11 0 0 11 0 0 0 0 11 0 0 0 0 11 11 0 0 0 0 0 0 11 11 
11 11 0 0 0 0 0 11 0 0 0 11 0 11 0 0 0 0 0 0 0 11 0 11 0 0 0 0 0 0 0 0 0 11 11 0 0 0 0 11 0 0 0 0 11 11 
11 0 0 0 0 0 0 0 0 11 11 0 0 11 0 0 0 0 0 11 0 0 11 11 11 0 0 0 0 0 0 0 11 0 0 0 0 11 11 0 0 0 0 11 0 11 
11 11 0 0 0 11 15 0 0 0 0 0 0 0 11 0 0 0 0 11 0 0 11 0 0 0 11 11 0 0 11 11 11 0 0 0 11 0 0 15 11 11 11 0 0 11 
11 0 11 0 0 0 0 11 0 0 11 0 11 11 0 0 0 0 0 0 0 11 0 0 0 0 0 11 11 0 0 0 0 0 0 0 0 11 0 11 0 0 0 0 0 11 
11 0 0 0 11 0 0 11 0 11 0 0 0 0 0 0 0 11 11 0 0 0 0 0 0 0 0 0 0 11 0 0 0 0 0 0 11 0 0 0 0 0 0 11 0 11 
11 0 11 11 0 11 0 11 11 11 0 0 0 0 0 0 0 0 0 0 0 11 0 11 0 0 0 0 0 11 0 0 0 11 0 0 0 0 0 0 0 0 0 0 0 11 
11 11 11 0 0 11 0 0 0 0 0 0 11 0 0 0 11 11 0 0 0 0 11 0 0 0 11 0 0 0 0 0 0 0 0 0 0 0 11 0 0 0 0 0 0 11 
11 0 0 0 0 0 0 0 0 0 0 0 0 0 0 0 0 0 0 0 0 11 0 11 0 11 0 0 0 0 0 0 0 0 0 0 0 0 0 0 0 0 0 11 11 11 
11 0 0 0 11 11 0 0 0 0 0 11 0 0 0 11 0 0 11 0 0 0 0 0 0 0 0 0 0 0 11 0 0 0 0 0 0 0 0 0 11 0 0 11 0 11 
11 11 0 15 0 0 0 0 0 0 0 0 0 11 11 0 0 11 0 0 0 0 0 0 0 0 0 0 0 0 0 0 0 0 0 0 0 0 11 0 0 0 0 0 0 11 
11 0 11 0 0 0 0 0 0 0 0 0 0 0 11 11 0 0 0 0 0 0 0 0 11 11 0 0 0 0 0 0 0 0 0 0 0 0 0 0 0 0 0 0 11 11 
11 0 0 0 0 0 0 0 0 0 0 0 0 11 0 11 0 0 11 0 0 0 11 0 0 0 0 0 0 0 0 0 0 0 0 0 0 0 0 0 0 0 0 11 11 11 
11 0 0 0 0 0 11 0 15 0 0 0 0 0 0 0 11 0 0 11 0 11 0 11 11 11 0 0 11 0 0 0 11 0 0 0 0 0 15 0 0 0 0 0 0 11 
11 0 0 0 0 0 0 0 0 0 0 0 0 0 0 0 0 0 0 11 0 11 0 0 0 11 0 0 0 0 0 0 0 0 0 0 0 0 11 0 0 0 0 0 0 11 
11 0 0 0 11 0 0 0 0 11 0 11 0 11 0 11 0 0 0 0 0 0 0 0 0 0 0 0 0 0 0 0 0 0 11 0 0 0 0 0 0 0 0 0 0 11 
11 0 0 0 0 0 0 11 0 0 0 0 0 0 0 0 0 11 11 0 0 0 0 0 0 0 0 0 0 0 0 0 0 0 11 15 11 0 11 0 0 11 0 0 11 11 
11 0 0 11 0 11 0 0 0 0 0 0 0 0 11 0 11 0 0 0 0 0 0 0 0 11 11 0 11 0 0 0 0 0 0 0 0 11 11 11 11 14 0 0 0 11 
11 11 0 0 0 0 11 0 0 0 0 0 0 0 11 0 11 11 0 0 0 0 11 11 0 0 0 11 11 0 0 0 0 0 0 0 0 0 11 0 0 0 11 0 0 11 
11 0 0 0 0 0 0 0 0 11 0 0 0 0 0 0 0 0 0 11 0 0 0 0 11 0 0 0 11 0 0 0 11 0 11 11 0 0 0 11 0 11 0 11 11 11 
11 0 11 0 0 11 0 11 0 0 0 0 11 0 0 11 0 11 0 0 0 0 0 0 0 0 0 0 0 0 11 11 0 0 0 0 0 11 0 0 0 0 0 0 0 11 
11 0 0 0 0 0 0 0 11 0 0 0 0 0 0 11 0 0 0 0 0 0 0 0 11 0 0 0 0 0 0 0 0 0 0 0 0 0 0 0 0 0 0 11 0 11 
11 11 11 11 11 11 11 11 11 11 11 11 11 11 11 11 11 11 11 11 11 11 11 11 11 11 11 11 11 11 11 11 11 11 11 11 11 11 11 11 11 11 11 11 11 11 

