40
7 7
1111111
1000001
1s00001
1s000g1
1s00001
1000001
1111111
25
END
10 100 0 1
1 4 12 44 40
END
10 24 8 3
2 2 0 0
2 3 0 0
2 4 0 0
2 5 0 0
4 2 0 0
4 3 0 0
4 4 0 0
5 2 0 0
1 4 1 54 116
1 4 10 82 68
1 3 16 77 82
END
10 39 8 4
2 2 0 0
2 3 0 0
2 4 0 0
2 5 0 0
4 2 0 0
4 3 0 0
4 4 0 0
5 2 0 0
1 2 3 96 31
1 4 21 41 115
1 2 6 70 118
1 3 16 90 104
END
10 57 8 4
2 2 0 0
2 3 0 0
2 4 0 0
2 5 0 0
4 2 0 0
4 3 0 0
4 4 0 0
5 2 0 0
1 4 1 61 118
1 4 14 150 82
1 3 1 66 53
1 4 17 109 54
END
10 84 8 5
2 2 0 0
2 3 0 0
2 4 0 0
2 5 0 0
4 2 0 0
4 3 0 0
4 4 0 0
5 2 0 0
1 3 28 65 62
1 4 11 115 118
1 2 29 139 81
1 4 22 141 31
1 2 20 115 20
END
10 119 8 5
2 2 0 0
2 3 0 0
2 4 0 0
2 5 0 0
4 2 0 0
4 3 0 0
4 4 0 0
5 2 0 0
1 2 15 159 45
1 2 27 144 79
1 4 12 132 37
1 4 18 147 37
1 4 6 136 74
END
10 166 8 6
2 2 0 0
2 3 0 0
2 4 0 0
2 5 0 0
4 2 0 0
4 3 0 0
4 4 0 0
5 2 0 0
1 4 18 170 33
1 3 12 132 52
1 3 25 99 110
1 3 9 108 100
1 4 7 105 91
1 4 3 138 111
END
10 204 8 6
2 2 0 0
2 3 0 0
2 4 0 0
2 5 0 0
4 2 0 0
4 3 0 0
4 4 0 0
5 2 0 0
1 2 25 102 48
1 2 4 174 63
1 4 26 123 31
1 4 7 114 48
1 4 25 115 103
1 2 5 106 48
END
10 236 8 7
2 2 0 0
2 3 0 0
2 4 0 0
2 5 0 0
4 2 0 0
4 3 0 0
4 4 0 0
5 2 0 0
1 2 3 175 89
1 4 23 139 20
1 2 2 195 34
1 3 20 191 73
1 3 29 127 118
1 2 12 191 35
1 3 25 119 101
END
10 284 8 7
2 2 0 0
2 3 0 0
2 4 0 0
2 5 0 0
4 2 0 0
4 3 0 0
4 4 0 0
5 2 0 0
1 3 27 157 25
1 2 9 129 24
1 2 19 110 115
1 4 22 131 92
1 3 12 177 55
1 3 6 111 56
1 3 23 122 61
END
10 326 8 7
2 2 0 0
2 3 0 0
2 4 0 0
2 5 0 0
4 2 0 0
4 3 0 0
4 4 0 0
5 2 0 0
1 4 25 137 58
1 4 9 139 103
1 2 19 116 38
1 4 21 182 82
1 4 20 194 103
1 3 19 174 34
1 3 12 192 95
END
10 380 8 8
2 2 0 0
2 3 0 0
2 4 0 0
2 5 0 0
4 2 0 0
4 3 0 0
4 4 0 0
5 2 0 0
1 4 15 202 118
1 2 8 196 115
1 2 20 191 94
1 2 7 127 53
1 2 0 215 43
1 3 23 183 33
1 4 2 162 74
1 3 10 201 69
END
10 436 8 8
2 2 0 0
2 3 0 0
2 4 0 0
2 5 0 0
4 2 0 0
4 3 0 0
4 4 0 0
5 2 0 0
1 3 18 174 25
1 2 0 158 68
1 3 29 135 41
1 4 21 162 50
1 4 13 193 91
1 2 17 206 38
1 3 29 181 103
1 2 16 214 32
END
10 493 8 8
2 2 0 0
2 3 0 0
2 4 0 0
2 5 0 0
4 2 0 0
4 3 0 0
4 4 0 0
5 2 0 0
1 2 22 202 48
1 4 0 160 29
1 2 21 200 29
1 2 27 212 93
1 2 28 175 21
1 4 28 161 92
1 3 1 142 89
1 4 14 194 60
END
10 539 8 8
2 2 0 0
2 3 0 0
2 4 0 0
2 5 0 0
4 2 0 0
4 3 0 0
4 4 0 0
5 2 0 0
1 4 13 235 113
1 4 17 222 101
1 2 1 241 74
1 2 23 242 66
1 4 14 210 99
1 2 19 155 22
1 2 29 214 67
1 2 5 182 115
END
10 599 8 9
2 2 0 0
2 3 0 0
2 4 0 0
2 5 0 0
4 2 0 0
4 3 0 0
4 4 0 0
5 2 0 0
1 3 28 164 57
1 4 18 244 70
1 3 19 184 100
1 3 13 240 109
1 2 26 222 27
1 3 29 187 107
1 3 19 209 115
1 2 16 174 112
1 4 15 165 47
END
10 652 8 9
2 2 0 0
2 3 0 0
2 4 0 0
2 5 0 0
4 2 0 0
4 3 0 0
4 4 0 0
5 2 0 0
1 2 9 210 42
1 2 5 183 31
1 4 3 171 77
1 3 0 224 110
1 3 10 225 116
1 4 0 196 39
1 3 16 243 82
1 3 10 235 93
1 3 18 181 78
END
10 708 8 9
2 2 0 0
2 3 0 0
2 4 0 0
2 5 0 0
4 2 0 0
4 3 0 0
4 4 0 0
5 2 0 0
1 3 8 260 95
1 4 15 252 83
1 3 15 169 88
1 3 3 196 101
1 4 11 244 20
1 2 7 246 82
1 2 6 185 101
1 2 21 251 90
1 3 1 227 23
END
10 775 8 9
2 2 0 0
2 3 0 0
2 4 0 0
2 5 0 0
4 2 0 0
4 3 0 0
4 4 0 0
5 2 0 0
1 4 9 245 23
1 4 11 236 41
1 2 17 205 69
1 4 10 224 73
1 4 4 254 52
1 4 0 228 53
1 4 18 175 113
1 4 8 185 84
1 4 0 196 81
END
10 831 8 10
2 2 0 0
2 3 0 0
2 4 0 0
2 5 0 0
4 2 0 0
4 3 0 0
4 4 0 0
5 2 0 0
1 4 29 211 81
1 2 0 244 78
1 2 29 174 52
1 3 14 225 51
1 4 18 180 31
1 2 23 205 65
1 2 10 176 114
1 4 21 243 60
1 4 0 199 27
1 4 23 209 110
END
10 892 8 10
2 2 0 0
2 3 0 0
2 4 0 0
2 5 0 0
4 2 0 0
4 3 0 0
4 4 0 0
5 2 0 0
1 2 3 257 79
1 2 27 262 93
1 2 21 254 51
1 3 13 199 52
1 3 14 221 89
1 2 17 260 118
1 3 8 192 32
1 4 23 232 94
1 4 29 271 79
1 3 13 211 112
END
10 955 8 10
2 2 0 0
2 3 0 0
2 4 0 0
2 5 0 0
4 2 0 0
4 3 0 0
4 4 0 0
5 2 0 0
1 2 26 195 107
1 3 15 268 67
1 3 28 265 116
1 3 12 238 97
1 2 14 227 88
1 3 16 206 86
1 2 26 255 116
1 2 5 219 61
1 2 13 242 21
1 2 20 199 54
END
10 1019 8 10
2 2 0 0
2 3 0 0
2 4 0 0
2 5 0 0
4 2 0 0
4 3 0 0
4 4 0 0
5 2 0 0
1 2 15 259 113
1 3 18 191 94
1 4 16 249 87
1 2 22 219 22
1 4 28 272 86
1 3 16 197 112
1 3 15 248 23
1 2 14 248 80
1 2 18 245 26
1 3 6 268 25
END
8 1091 8 11
2 2 0 0
2 3 0 0
2 4 0 0
2 5 0 0
4 2 0 0
4 3 0 0
4 4 0 0
5 2 0 0
1 4 13 202 25
1 2 18 269 94
1 3 13 251 25
1 2 11 213 25
1 4 17 218 43
1 2 26 265 95
1 3 5 213 76
1 4 15 256 58
1 2 16 290 37
1 2 7 202 81
1 4 17 281 36
END
8 1149 8 11
2 2 0 0
2 3 0 0
2 4 0 0
2 5 0 0
4 2 0 0
4 3 0 0
4 4 0 0
5 2 0 0
1 3 0 248 44
1 3 27 228 82
1 3 2 260 105
1 3 4 203 87
1 4 7 207 48
1 2 0 294 25
1 4 18 226 80
1 3 12 270 96
1 4 7 296 36
1 4 23 211 79
1 4 16 280 35
END
7 9
1111111
1g00001
1010s01
1000011
1110001
1000001
1001001
1s000g1
1111111
25
END
8 1212 0 1
4 2 12 72 50
END
7 1212 0 3
1 7 21 137 40
1 7 11 130 27
4 2 14 125 111
END
4 1212 0 4
1 7 12 171 81
1 7 14 145 86
1 7 26 149 76
1 7 6 140 61
END
